#StripeID,rangenumber,BlockOffsetStart,BlockOffsetEnd
765 2 81920 131072 131072 147456
238 4 557056 589824 589824 655360 655360 720896 720896 786432
239 5 0 65536 65536 131072 131072 196608 196608 262144 262144 294912
435 1 749568 757760
429 3 65536 131072 131072 196608 196608 212992
880 1 364544 372736
256 1 147456 155648
975 1 110592 114688
430 1 307200 323584
225 1 749568 753664
379 1 380928 389120
486 1 208896 212992
896 1 569344 585728
149 1 471040 475136
589 1 737280 757760
843 1 532480 536576
660 1 245760 253952
65 1 212992 217088
681 1 36864 40960
307 1 61440 65536
698 1 675840 720896
626 2 131072 196608 196608 225280
786 1 741376 745472
455 1 507904 516096
455 1 516096 520192
116 1 712704 716800
372 1 229376 233472
135 1 217088 222208
681 2 491520 524288 524288 557056
580 1 749568 757760
580 1 757760 761856
259 1 98304 101376
630 1 335872 336896
318 1 720896 724992
477 1 217088 249856
764 2 294912 327680 327680 360448
412 3 503808 524288 524288 589824 589824 602112
212 2 389120 393216 393216 454656
380 3 245760 262144 262144 327680 327680 376832
526 3 126976 131072 131072 196608 196608 258048
155 1 724992 786432
156 1 0 36864
971 2 491520 524288 524288 573440
744 4 0 65536 65536 131072 131072 196608 196608 262144
588 2 430080 458752 458752 495616
971 5 241664 262144 262144 327680 327680 393216 393216 458752 458752 487424
351 2 417792 458752 458752 483328
6 1 294912 303104
621 2 413696 458752 458752 471040
701 1 32768 40960
6 2 229376 262144 262144 286720
980 2 155648 196608 196608 200704
379 5 503808 524288 524288 589824 589824 655360 655360 720896 720896 765952
604 2 659456 720896 720896 724992
608 1 12288 20480
700 1 749568 786432
701 1 0 20480
716 1 61440 65536
535 1 364544 368640
637 1 589824 593920
716 1 65536 77824
972 1 475136 479232
637 1 643072 647168
640 1 143360 151552
324 1 278528 303104
942 1 487424 491520
942 1 643072 647168
324 1 303104 307200
323 1 344064 352256
602 1 376832 380928
602 1 311296 315392
487 1 376832 380928
962 2 717312 720896 720896 786432
963 7 0 65536 65536 131072 131072 196608 196608 262144 262144 327680 327680 393216 393216 455168
535 1 495616 503808
122 1 24576 32768
993 1 90112 110592
24 1 610304 634880
340 1 688128 692224
36 1 327680 339968
367 1 352256 356352
340 1 679936 684032
362 1 471040 479232
553 1 458752 462848
789 1 720896 729088
354 1 24576 28672
417 1 770048 778240
496 1 782336 786432
11 1 294912 299008
97 1 536576 540672
597 1 401408 403456
13 1 335872 339968
939 1 593920 594432
265 1 671744 684032
822 1 385024 389120
952 1 532480 540672
389 1 36864 45056
389 1 45056 49152
623 1 598016 606208
843 1 36864 40960
37 1 389120 393216
603 1 294912 299008
993 2 602112 655360 655360 659456
535 1 495616 499712
751 1 749568 786432
752 1 0 24576
80 1 593920 630784
32 1 466944 471040
306 1 778240 786432
307 1 385024 389120
307 1 413696 417792
890 1 483328 487424
235 1 131072 135168
309 1 507904 512000
141 1 765952 770048
942 1 405504 409600
595 1 393216 397312
903 1 454656 458752
589 1 757760 761856
313 2 716800 720896 720896 724992
942 1 393216 397312
163 1 69632 73728
182 1 348160 352256
649 1 729088 733184
330 1 314880 318976
464 1 561152 565248
932 1 425472 441856
313 1 581120 589312
319 1 52736 60928
326 1 425472 450048
195 2 433664 458752 458752 482816
330 2 318976 327680 327680 335360
195 1 482816 486912
351 1 458752 462848
353 1 659456 659968
353 1 659968 660480
353 1 660480 664576
353 1 664576 668672
827 1 110592 114688
351 1 462848 466944
421 1 16384 32768
482 1 274432 278528
477 1 729088 761856
820 1 593920 598016
461 1 286720 290816
822 1 12288 16384
922 1 372736 376832
112 1 438272 442368
815 1 655360 659456
842 1 761856 765952
636 1 352256 356352
716 1 569344 573440
754 1 323584 327680
972 1 286720 290816
937 1 163840 167936
503 1 69632 73728
982 1 737280 741888
472 1 552960 557056
104 1 401408 405504
223 1 286720 289280
104 1 581632 585728
922 1 434176 438272
105 1 606208 610304
6 1 8192 12288
443 1 233472 241664
951 1 651264 655360
718 1 487424 491520
640 1 77824 81920
737 1 65536 69632
636 1 294912 315392
666 1 626688 630784
336 1 40960 45056
251 2 290816 327680 327680 352256
980 1 647168 651264
327 1 155648 159744
553 1 598016 602112
11 1 118784 122880
379 1 172032 176128
560 1 753664 765952
378 1 589824 655360
523 1 770048 786432
524 8 0 65536 65536 131072 131072 196608 196608 262144 262144 327680 327680 393216 393216 458752 458752 471552
318 5 479744 524288 524288 589824 589824 655360 655360 720896 720896 786432
319 4 0 65536 65536 131072 131072 196608 196608 217600
379 2 655360 720896 720896 778240
505 1 155648 163840
573 1 684032 696320
379 1 778240 786432
603 1 57344 61440
347 1 659456 663552
602 2 147456 196608 196608 212992
661 1 720896 786432
542 1 299008 311296
214 1 442368 446464
542 1 241664 245760
542 1 307200 311296
214 1 442368 446464
542 1 241664 245760
45 1 45056 49152
45 1 110592 114688
396 1 81920 86016
588 1 425984 430080
110 1 638976 643072
588 6 430080 458752 458752 524288 524288 589824 589824 655360 655360 720896 720896 729088
737 1 757760 761856
183 1 757760 761856
836 1 131072 135168
282 8 274432 327680 327680 393216 393216 458752 458752 524288 524288 589824 589824 655360 655360 720896 720896 786432
283 1 0 12288
61 1 335872 339968
697 1 724992 729088
283 9 12288 65536 65536 131072 131072 196608 196608 262144 262144 327680 327680 393216 393216 458752 458752 524288 524288 536576
697 1 733184 737280
848 1 274432 278528
14 1 643072 647168
259 1 139264 143360
91 1 552960 557056
542 1 262144 270336
669 1 716800 720896
22 1 319488 323584
990 1 356352 360448
716 1 77824 81920
509 1 368640 374272
94 1 737280 741376
679 1 593920 598016
600 1 102400 110592
716 1 81920 94208
133 1 294912 299008
33 1 622592 626688
42 1 688128 688640
879 3 626688 655360 655360 720896 720896 786432
880 6 0 65536 65536 131072 131072 196608 196608 262144 262144 327680 327680 364544
423 4 561152 589824 589824 655360 655360 720896 720896 786432
424 3 0 65536 65536 131072 131072 135168
120 1 8192 12288
861 1 761856 765952
369 1 606208 608768
210 1 573440 577536
560 1 602112 603648
117 1 774144 778240
210 1 0 4096
269 1 294912 299008
262 2 536576 589824 589824 638976
883 1 753664 761856
609 1 286720 294912
628 1 561152 565248
922 1 425984 430080
681 1 753664 786432
682 1 0 32768
540 1 613888 617984
682 2 294912 327680 327680 360448
632 2 638976 655360 655360 704512
3 1 196608 200704
3 1 319488 323584
163 1 487424 491520
906 1 188416 192512
955 1 389120 393216
928 1 8192 12288
928 1 516096 520192
148 1 540672 544768
543 1 364544 368640
72 1 634880 638976
148 1 667648 671744
251 1 598016 602112
564 1 434176 438272
722 1 45056 49152
226 1 397312 401408
724 1 163840 167936
147 2 520192 524288 524288 528384
487 1 548864 552960
140 1 114688 118784
346 1 458752 462848
486 1 540672 548864
486 1 548864 552960
560 1 376832 380928
362 1 212992 217088
364 1 167936 172032
566 1 507904 516096
822 3 307712 327680 327680 393216 393216 425984
804 1 331776 335872
119 1 626688 630784
32 1 434176 438272
414 1 69632 73728
822 6 454656 458752 458752 524288 524288 589824 589824 655360 655360 720896 720896 786432
823 2 0 65536 65536 74240
411 1 188416 193536
117 1 188416 192512
823 9 74240 131072 131072 196608 196608 262144 262144 327680 327680 393216 393216 458752 458752 524288 524288 589824 589824 598528
286 1 548864 552960
894 2 241664 262144 262144 307200
324 1 741376 741888
89 1 86016 90112
319 1 425984 430080
907 1 143360 159744
906 1 487424 503808
907 1 471040 487424
907 1 339968 356352
89 1 20480 24576
324 1 745472 749568
324 1 753664 757760
561 2 573440 589824 589824 606208
319 1 430080 434176
894 2 241664 262144 262144 290816
89 1 86016 90112
324 1 741376 741888
908 2 454656 458752 458752 471040
614 1 536576 552960
319 1 425984 430080
931 1 4096 8192
148 1 499712 503808
149 1 94208 102400
116 1 299008 303104
430 1 49152 53248
129 1 696320 700416
512 1 606208 610304
622 1 290816 294912
681 1 172032 176128
995 1 348160 352256
607 1 499712 503808
992 1 65536 69632
690 1 315392 319488
740 1 507904 512000
998 1 225280 229376
7 1 45056 49152
639 1 438272 442368
704 1 147456 151552
583 1 643072 647168
38 9 107008 131072 131072 196608 196608 262144 262144 327680 327680 393216 393216 458752 458752 524288 524288 589824 589824 631296
38 3 631296 655360 655360 720896 720896 786432
39 6 0 65536 65536 131072 131072 196608 196608 262144 262144 327680 327680 369152
396 1 204800 212992
396 1 212992 217088
39 1 749568 786432
40 2 0 65536 65536 74240
40 1 98304 131072
39 7 369152 393216 393216 458752 458752 524288 524288 589824 589824 655360 655360 720896 720896 749568
40 1 74240 98304
40 2 131072 196608 196608 225280
40 2 356352 393216 393216 421888
49 1 344064 356352
41 1 327680 339968
40 1 782336 786432
41 1 0 61440
48 1 188416 196608
41 4 61440 65536 65536 131072 131072 196608 196608 249856
41 2 253952 262144 262144 315392
760 1 203264 204288
838 1 765952 774144
337 1 643072 647168
779 1 196608 262144
994 2 716800 720896 720896 782336
744 2 655360 720896 720896 786432
745 2 0 65536 65536 131072
779 2 655360 720896 720896 786432
253 1 53248 65536
264 1 237568 241664
798 5 458752 524288 524288 589824 589824 655360 655360 720896 720896 786432
799 3 0 65536 65536 131072 131072 196608
799 8 196608 262144 262144 327680 327680 393216 393216 458752 458752 524288 524288 589824 589824 655360 655360 720896
473 6 393216 458752 458752 524288 524288 589824 589824 655360 655360 720896 720896 786432
474 2 0 65536 65536 131072
820 1 131072 196608
800 5 458752 524288 524288 589824 589824 655360 655360 720896 720896 786432
801 3 0 65536 65536 131072 131072 196608
799 1 720896 786432
800 7 0 65536 65536 131072 131072 196608 196608 262144 262144 327680 327680 393216 393216 458752
832 4 524288 589824 589824 655360 655360 720896 720896 786432
833 4 0 65536 65536 131072 131072 196608 196608 245760
832 8 0 65536 65536 131072 131072 196608 196608 262144 262144 327680 327680 393216 393216 458752 458752 524288
728 1 479232 483328
208 1 667648 668672
588 1 729088 733184
809 1 0 61440
896 1 540672 544768
605 1 372736 376832
956 1 94208 98304
555 1 401408 405504
535 1 532480 536576
728 1 479232 487424
482 1 774144 778240
535 1 561152 573440
107 1 46080 47104
887 1 151040 152064
113 1 450560 454656
80 3 634880 655360 655360 720896 720896 786432
81 6 0 65536 65536 131072 131072 196608 196608 262144 262144 327680 327680 335872
619 1 356864 358912
956 1 162304 163328
107 1 47104 50688
887 1 152064 153088
900 1 233472 237568
980 2 204800 262144 262144 286720
520 2 696320 720896 720896 786432
897 8 270336 327680 327680 393216 393216 458752 458752 524288 524288 589824 589824 655360 655360 720896 720896 786432
898 1 0 8192
822 1 28672 32256
237 2 561152 589824 589824 626688
176 1 77312 81408
815 3 204800 262144 262144 327680 327680 372736
170 3 114688 131072 131072 196608 196608 245760
129 1 524288 552960
353 2 303104 327680 327680 368640
48 2 217088 262144 262144 282624
337 3 552960 589824 589824 655360 655360 684032
631 2 69632 131072 131072 135168
940 5 450560 458752 458752 524288 524288 589824 589824 655360 655360 712704
505 1 249856 253952
760 2 520192 524288 524288 528384
814 5 466944 524288 524288 589824 589824 655360 655360 720896 720896 786432
815 4 0 65536 65536 131072 131072 196608 196608 204800
414 1 131072 196608
587 2 36864 65536 65536 102400
562 1 94208 98304
562 1 94208 98304
142 1 352256 356352
721 1 155648 159744
142 1 352256 356352
174 1 45056 53248
72 2 298496 327680 327680 355840
72 1 355840 359936
105 1 135168 151552
815 1 655360 659456
815 1 647168 651264
745 1 20480 24576
87 1 376832 380928
189 1 237568 245760
745 1 45056 65536
535 1 466944 471040
755 1 131072 135168
378 1 286720 294912
378 1 294912 299008
593 1 163840 167936
594 1 765952 770048
953 1 90112 94208
867 1 475136 479232
86 1 741376 761856
470 2 614400 655360 655360 675840
470 1 675840 679936
664 1 307200 311296
622 1 40960 45056
49 1 618496 622592
500 1 159744 180224
500 1 180224 184320
106 1 544768 548864
817 1 573440 577536
856 1 442368 446464
736 1 684032 688128
730 1 159744 163840
935 1 405504 409600
592 1 581632 585728
175 1 606208 610304
917 1 4096 8192
181 1 618496 626688
614 1 176128 180224
222 1 53248 57344
883 9 229376 262144 262144 327680 327680 393216 393216 458752 458752 524288 524288 589824 589824 655360 655360 720896 720896 753664
117 1 643072 647168
126 1 536576 548864
267 2 503808 524288 524288 557056
730 1 180224 188416
528 1 319488 323072
319 1 217600 229376
384 1 720896 786432
385 1 0 65536
524 5 471552 524288 524288 589824 589824 655360 655360 720896 720896 786432
525 4 0 65536 65536 131072 131072 196608 196608 209408
389 1 458752 524288
319 9 241664 262144 262144 327680 327680 393216 393216 458752 458752 524288 524288 589824 589824 655360 655360 720896 720896 754176
698 2 442368 458752 458752 507904
899 1 159744 172032
483 1 741376 745472
780 1 712704 716800
699 2 49152 65536 65536 114688
139 2 188416 196608 196608 212992
899 1 172032 176128
482 2 278528 327680 327680 344064
138 3 180224 196608 196608 262144 262144 311296
583 1 454656 458752
505 2 315392 327680 327680 339968
428 1 458752 524288
634 2 40960 65536 65536 106496
505 2 557056 589824 589824 622592
616 2 684032 720896 720896 749568
931 1 466944 471040
603 2 409600 458752 458752 475136
292 2 299008 327680 327680 364544
505 2 360448 393216 393216 397312
936 2 360448 393216 393216 421888
677 3 401408 458752 458752 524288 524288 532480
361 5 413696 458752 458752 524288 524288 589824 589824 655360 655360 675840
489 2 618496 655360 655360 684032
725 2 40960 65536 65536 106496
720 5 212992 262144 262144 327680 327680 393216 393216 458752 458752 512000
551 2 380928 393216 393216 446464
753 1 610304 643072
748 1 364544 368640
870 1 139264 140800
535 1 532480 536576
312 1 692224 696320
283 1 290816 294912
311 1 659456 667648
367 1 577536 581632
542 1 544768 557056
283 1 491520 499712
741 1 397312 458752
367 1 598016 602112
445 1 372736 376832
367 1 77824 81920
17 1 712704 716800
766 1 278528 279040
630 1 647168 651264
543 1 249856 253952
542 1 675840 679936
859 1 401408 405504
155 1 106496 110592
128 1 729088 733184
390 1 307200 311296
566 1 516096 520192
364 1 167936 172032
566 2 520192 524288 524288 528384
566 1 528384 532480
937 1 167936 172032
937 1 163840 167936
386 1 217088 253952
478 1 200704 204800
357 2 565248 589824 589824 598016
106 1 503808 512000
922 1 462848 471040
106 1 524288 532480
472 1 552960 557056
106 1 557056 573440
922 1 499712 503808
160 2 523776 524288 524288 527872
107 1 131072 159744
738 1 217088 225280
676 1 651264 655360
107 1 167936 172032
851 1 638976 641024
626 2 61440 65536 65536 86016
103 1 638976 643072
951 2 651264 655360 655360 659456
372 1 348160 352256
328 1 262144 266240
300 1 294912 299008
179 1 688128 692224
853 1 696320 700416
853 1 679936 692224
685 1 462848 471040
690 1 434176 438272
352 2 450560 458752 458752 475136
352 1 475136 479232
898 1 565248 565760
188 1 176128 196608
535 1 532480 536576
535 1 462848 466944
484 1 393216 458752
894 1 757760 761856
814 1 540672 541184
927 1 552960 589824
922 1 397312 401408
922 1 389120 393216
598 1 135168 139264
815 1 655360 659456
815 1 659456 663552
833 1 770048 786432
834 8 0 65536 65536 131072 131072 196608 196608 262144 262144 327680 327680 393216 393216 458752 458752 507904
833 9 245760 262144 262144 327680 327680 393216 393216 458752 458752 524288 524288 589824 589824 655360 655360 720896 720896 770048
835 9 245760 262144 262144 327680 327680 393216 393216 458752 458752 524288 524288 589824 589824 655360 655360 720896 720896 770048
778 2 524288 589824 589824 655360
555 1 323584 327680
832 2 581632 589824 589824 602112
248 2 544768 589824 589824 622592
514 2 385024 393216 393216 405504
535 1 458752 462848
221 1 114688 118784
765 1 737280 786432
766 1 0 16384
535 1 544768 552960
766 1 606208 627200
882 1 474624 478720
943 1 520192 524288
237 1 94208 102400
815 1 172032 176128
237 1 102400 106496
540 1 339968 352256
38 1 761856 770048
415 2 61440 65536 65536 69632
766 2 627200 655360 655360 671744
377 1 344064 352256
535 1 483328 487424
415 1 69632 73728
377 1 352256 356352
767 2 344064 393216 393216 409600
768 2 278528 327680 327680 344064
981 1 651264 655360
598 1 507904 512000
298 1 463872 470528
770 2 668160 720896 720896 786432
771 2 0 65536 65536 98304
771 6 102400 131072 131072 196608 196608 262144 262144 327680 327680 393216 393216 410112
777 1 503808 507904
772 1 491520 499712
351 1 679936 684032
916 1 77824 81920
772 3 45056 65536 65536 131072 131072 139776
771 6 410112 458752 458752 524288 524288 589824 589824 655360 655360 720896 720896 786432
772 1 0 45056
351 1 733184 741376
916 1 98304 110592
772 1 483328 491520
650 1 704512 708608
338 1 101888 102400
338 1 105984 106496
0 1 466944 471040
338 1 110080 110592
0 1 458752 462848
7 1 729088 733184
118 2 385024 393216 393216 401408
6 1 266240 270336
6 1 69632 73728
6 1 135168 139264
71 1 323584 327680
118 1 294912 307200
700 1 557056 589824
5 1 274432 278528
389 1 12288 20480
716 1 94208 98304
602 1 765952 770048
389 1 20480 24576
812 1 94208 98304
716 1 98304 110592
309 1 785920 786432
310 1 0 3584
310 1 3584 48640
341 1 294400 298496
914 1 454656 458752
771 1 528384 536576
283 1 262144 266240
771 1 536576 540672
129 1 622592 626688
120 1 446464 450560
282 1 593920 598016
823 3 598528 655360 655360 720896 720896 786432
824 6 0 65536 65536 131072 131072 196608 196608 262144 262144 327680 327680 336384
639 1 733184 737280
828 1 352256 356352
286 1 548864 552960
908 1 274432 290816
89 1 20480 24576
824 1 622592 626688
89 1 86016 90112
41 1 188416 196608
851 1 163840 167936
859 1 675840 679936
331 1 438272 446464
124 1 278528 323584
535 1 540672 548864
377 1 417792 421888
736 1 487424 489472
451 1 327680 331776
464 1 40960 45056
650 1 397312 438272
464 1 237568 241664
464 1 122880 126976
854 1 675840 679936
869 1 368640 372736
464 1 274432 278528
421 1 753664 761856
650 1 438272 442368
124 1 323584 327680
421 1 761856 765952
665 1 274432 294912
794 1 720896 737280
619 1 358912 361472
363 1 696320 699392
887 1 153088 156672
107 1 50688 51712
956 1 163328 165888
535 1 503808 507904
619 1 361472 362496
815 1 659456 663552
821 1 651264 655360
821 1 643072 647168
815 1 655360 659456
821 1 638976 639488
815 1 659456 663552
856 1 622592 626688
57 1 622592 626688
963 6 455168 458752 458752 524288 524288 589824 589824 655360 655360 720896 720896 786432
964 3 0 65536 65536 131072 131072 193024
535 1 565248 569344
535 1 499712 507904
964 9 193024 196608 196608 262144 262144 327680 327680 393216 393216 458752 458752 524288 524288 589824 589824 655360 655360 717312
875 1 212992 217088
135 1 57344 65536
535 1 569344 577536
106 1 585728 589824
384 1 360448 364544
460 2 327680 393216 393216 442368
196 1 581632 582144
375 1 704512 708608
833 1 589824 593920
355 1 86016 90112
552 1 356352 360448
981 1 471040 491520
445 2 442368 458752 458752 520192
166 1 262144 266240
175 1 20480 24576
971 1 598016 602112
399 1 266240 270336
629 1 237568 241664
196 1 577536 581632
925 1 749568 753664
981 1 491520 495616
655 1 364544 368640
362 2 421888 458752 458752 487424
251 1 352256 356352
98 1 712704 716800
723 1 233472 237568
170 1 106496 107008
381 2 258048 262144 262144 262656
390 2 126976 131072 131072 135168
390 1 0 57344
725 2 303104 327680 327680 368640
859 3 28672 65536 65536 131072 131072 159744
754 2 606208 655360 655360 663552
292 1 294912 299008
743 8 0 65536 65536 131072 131072 196608 196608 262144 262144 327680 327680 393216 393216 458752 458752 524288



