542 1 204800 208896
817 1 413696 417792
394 1 324096 326144
110 1 634880 643072
623 1 622592 626688
452 1 753664 761856
452 1 761856 765952
565 1 585728 589824
567 1 65536 81920
571 1 249856 253952
542 1 270336 274432
82 1 475136 479232
8 1 491520 495616
179 1 593920 598016
551 1 741376 749568
551 1 712704 716800
126 1 663552 700416
324 1 577536 581632
542 1 217088 233472
526 1 233472 262144
876 1 229376 237568
615 2 680448 720896 720896 786432
616 7 0 65536 65536 131072 131072 196608 196608 262144 262144 327680 327680 393216 393216 418304
102 1 417792 425984
882 1 610304 614400
572 1 385024 389120
572 1 319488 327680
735 1 163840 167936
102 1 425984 430080
867 1 139264 151552
493 1 77824 81920
192 1 479232 483328
718 1 61440 65536
466 1 172032 176128
95 1 299008 303104
537 1 180224 184320
542 1 270336 274432
806 1 310784 314880
13 1 200704 204800
806 1 310784 314880
782 1 777728 781824
782 1 777728 781824
509 1 303104 307200
806 1 310784 314880
806 1 310784 314880
21 1 684032 692224
542 1 204800 212992
542 1 270336 278528
914 1 774144 778240
242 1 729088 733184
470 6 438272 458752 458752 524288 524288 589824 589824 655360 655360 720896 720896 786432
471 3 0 65536 65536 131072 131072 176128
469 2 700416 720896 720896 786432
470 7 0 65536 65536 131072 131072 196608 196608 262144 262144 327680 327680 393216 393216 438272
10 1 438272 440320
470 1 765952 770048
471 1 20480 32768
471 5 176128 196608 196608 262144 262144 327680 327680 393216 393216 458752
368 2 262144 327680 327680 393216
471 1 458752 524288
556 1 724480 749056
730 1 458752 524288
760 1 323584 327680
177 1 327680 393216
661 2 290816 327680 327680 352256
762 1 86016 90112
989 1 622592 626688
743 1 180224 188416
480 1 483328 487424
494 1 544768 548864
91 6 413696 458752 458752 524288 524288 589824 589824 655360 655360 720896 720896 786432
92 2 0 65536 65536 114688
535 1 561152 565248
440 1 359936 364032
698 1 532480 536576
209 1 569344 572416
169 1 270336 274432
10 1 577536 579584
847 1 61440 65536
766 1 442368 446464
206 1 569344 573440
217 1 155648 163840
626 1 258048 262144
891 1 516096 520192
590 1 528384 532480
246 1 282624 286720
514 1 348160 352256
824 1 630784 634880
862 1 593920 610304
862 1 610304 614400
824 1 630784 634880
862 1 614400 622592
529 1 536064 544256
862 1 622592 626688
783 1 680448 681984
712 1 491520 495616
40 1 140288 144384
534 1 491008 495104
50 1 778240 786432
51 1 0 12288
40 1 144384 148480
181 1 684032 700416
840 1 106496 110592
479 1 53248 61440
40 1 458752 459264
479 1 61440 65536
840 1 102400 106496
600 1 229376 233472
600 1 241664 245760
565 1 540672 552960
565 1 499712 507904
599 1 126976 131072
927 1 122880 126976
554 1 684032 688128
600 1 176128 180224
535 1 557056 565248
600 1 241664 249856
744 1 262144 266240
599 1 126976 131072
779 1 172032 184320
535 1 495616 499712
927 1 122880 126976
744 1 266240 270336
600 1 180224 184320
744 1 270336 274432
981 2 520192 524288 524288 569344
92 1 167936 168448
844 1 53248 57856
542 1 241664 245760
941 1 675840 679936
565 1 483328 499712
372 1 540672 544768
135 1 303104 308224
139 1 303104 307200
624 1 335872 339968
783 1 458752 462848
772 5 495616 524288 524288 589824 589824 655360 655360 720896 720896 786432
773 3 0 65536 65536 131072 131072 188928
535 1 573440 577536
824 1 593920 606208
969 5 459264 524288 524288 589824 589824 655360 655360 720896 720896 786432
970 4 0 65536 65536 131072 131072 196608 196608 197120
563 1 753664 757760
773 1 188928 196608
994 9 77824 131072 131072 196608 196608 262144 262144 327680 327680 393216 393216 458752 458752 524288 524288 589824 589824 602112
773 2 245760 262144 262144 282624
367 1 352256 356352
924 1 667648 671744
994 3 602112 655360 655360 720896 720896 786432
995 6 0 65536 65536 131072 131072 196608 196608 262144 262144 327680 327680 339968
535 1 507904 516096
995 7 339968 393216 393216 458752 458752 524288 524288 589824 589824 655360 655360 720896 720896 786432
996 2 0 65536 65536 77824
996 9 77824 131072 131072 196608 196608 262144 262144 327680 327680 393216 393216 458752 458752 524288 524288 589824 589824 602112
775 3 614400 655360 655360 720896 720896 786432
776 5 0 65536 65536 131072 131072 196608 196608 262144 262144 307712
996 3 602112 655360 655360 720896 720896 786432
997 6 0 65536 65536 131072 131072 196608 196608 262144 262144 327680 327680 339968
970 6 364544 393216 393216 458752 458752 524288 524288 589824 589824 655360 655360 659968
970 3 197120 262144 262144 327680 327680 360448
583 1 401408 405504
905 1 659456 663552
951 1 659456 663552
205 1 32768 53248
922 1 409600 413696
490 1 389120 393216
176 1 466944 475136
922 1 520192 524288
738 1 598016 618496
150 1 475136 479232
453 3 323584 327680 327680 393216 393216 397312
728 1 434176 442368
858 3 647168 655360 655360 720896 720896 786432
859 4 0 65536 65536 131072 131072 196608 196608 233472
128 1 626688 630784
150 1 491520 495616
150 1 458752 471040
150 1 499712 507904
102 1 131072 135168
139 1 118784 122880
937 1 315392 319488
542 1 274432 278528
542 1 212992 217088
937 1 315392 319488
542 1 278528 282624
189 1 561152 565248
977 1 598016 602112
4 1 663552 671744
14 1 86016 106496
189 1 622592 634880
455 1 704512 708608
538 1 299008 303104
487 1 94208 98304
429 1 114688 118784
543 1 765952 770048
751 1 651264 655360
39 1 368640 372736
798 2 405504 458752 458752 466944
550 1 86016 90112
598 1 667648 671744
226 1 208896 212992
571 1 421888 425984
349 1 421888 422400
596 1 167936 172032
596 1 196608 200704
596 1 430080 434176
97 1 544768 548864
104 1 409600 413696
679 1 294912 299008
595 1 708608 712704
809 1 699904 704000
817 1 40448 44544
535 1 495616 499712
165 1 0 4096
598 1 413696 421888
628 1 561152 565248
502 2 32768 65536 65536 131072
385 1 585728 589824
116 1 720896 724992
542 1 212992 217088
391 1 73728 78336
27 1 359936 372224
352 1 36864 40960
762 1 401408 458752
446 2 667648 720896 720896 733184
860 1 720896 786432
861 1 0 12288
363 2 184320 196608 196608 208896
373 1 319488 327680
915 1 139264 143360
114 1 655360 720896
363 1 208896 212992
446 1 733184 737280
219 1 278016 294400
373 1 327680 331776
597 1 188416 192512
915 1 143360 155648
87 1 135168 139264
113 1 36864 40960
859 1 458752 487424
859 3 237568 262144 262144 327680 327680 376832
102 1 114688 126976
102 1 159744 163840
113 2 61440 65536 65536 69632
102 1 143360 155648
102 1 192512 196608
113 1 49152 57344
102 1 176128 184320
113 1 45056 49152
102 1 167936 172032
123 1 4096 12288
123 1 36864 45056
102 1 200704 204800
122 1 679936 688128
621 1 557056 559104
735 1 626688 651264
434 6 393728 458752 458752 524288 524288 589824 589824 655360 655360 720896 720896 786432
435 3 0 65536 65536 131072 131072 131584
102 1 430080 434176
17 1 475136 483328
543 1 331776 339968
948 1 348160 352256
349 1 65536 69632
686 1 339968 352256
965 1 73728 77824
497 1 4096 12288
192 1 413696 421888
497 1 8192 12288
192 1 483328 487424
716 2 454656 458752 458752 466944
840 1 558080 559104
666 1 12288 28672
926 1 704512 708608
535 1 479232 483328
628 1 479232 483328
716 1 466944 471040
110 1 643072 647168
394 2 326144 327680 327680 328192
422 1 147456 155648
682 8 299520 327680 327680 393216 393216 458752 458752 524288 524288 589824 589824 655360 655360 720896 720896 786432
683 1 0 37376
126 1 299008 311296
488 2 643072 655360 655360 659456
707 1 45056 49152
16 1 491520 495616
488 1 659456 663552
26 1 589824 593920
488 1 663552 684032
644 5 500224 524288 524288 589824 589824 655360 655360 720896 720896 786432
645 4 0 65536 65536 131072 131072 196608 196608 238080
30 1 466944 471040
116 1 561152 566784
488 1 684032 688128
881 1 40960 49152
488 1 688128 704512
401 1 417792 425984
645 9 238080 262144 262144 327680 327680 393216 393216 458752 458752 524288 524288 589824 589824 655360 655360 720896 720896 762368
401 1 425984 430080
488 1 704512 708608
881 1 40960 45056
957 1 732672 757248
957 1 757248 761344
854 1 753152 765440
518 1 495104 511488
99 1 303104 307200
11 1 524288 532480
957 1 761344 765440
957 1 765440 786432
958 1 0 3584
99 1 311296 315392
223 1 106496 108544
958 1 3584 7680
80 1 663552 667648
535 1 466944 471040
598 1 421888 425984
624 1 339968 348160
922 1 462848 466944
834 7 344576 393216 393216 458752 458752 524288 524288 589824 589824 655360 655360 720896 720896 786432
835 2 0 65536 65536 82432
835 9 82432 131072 131072 196608 196608 262144 262144 327680 327680 393216 393216 458752 458752 524288 524288 589824 589824 606720
376 1 741376 757760
571 1 495616 499712
423 1 618496 626688
571 1 491520 495616
835 3 606720 655360 655360 720896 720896 786432
836 6 0 65536 65536 131072 131072 196608 196608 262144 262144 327680 327680 344576
12 1 405504 409600
454 1 352256 356352
85 1 778240 782336
999 1 229376 233472
309 1 344064 352256
994 1 733184 737280
465 1 569344 573440
309 1 356352 360448
821 1 720896 724992
349 1 417792 421888
295 1 151552 154624
710 1 540672 544768
222 1 516096 519680
308 1 114688 122880
568 1 589824 593920
911 1 344064 348160
724 1 450560 452608
511 2 503808 524288 524288 536576
308 1 122880 126976
5 1 274432 278528
166 1 720896 729088
166 1 729088 733184
426 1 339968 341504
163 1 606208 626688
75 1 155648 163840
976 1 515584 519680
621 1 397312 401408
72 1 524288 589824
976 2 519680 524288 524288 544256
775 1 421888 425984
876 1 24576 32768
470 1 757760 761856
160 1 475136 479232
542 1 208896 225280
625 1 380928 389120
896 1 626688 634880
903 1 557056 565248
542 1 274432 286720
68 1 335872 344064
68 1 344064 348160
903 1 561152 565248
68 1 348160 356352
68 1 356352 360448
169 1 278528 286720
411 1 720896 782336
903 1 561152 565248
68 1 360448 368640
417 2 188416 196608 196608 258048
68 1 368640 372736
422 2 450560 458752 458752 520192
579 1 61440 62464
397 1 761856 770048
903 1 561152 565248
514 1 356352 360448
39 1 696320 700416
195 1 270336 274432
347 1 290816 294912
498 1 720896 724992
625 1 757760 761856
669 1 237568 253952
85 1 749568 753664
723 1 28672 36864
580 1 106496 109056
514 1 368640 372736
86 1 8192 12288
195 1 286720 290816
625 1 782336 786432
535 1 503808 520192
846 1 708608 712704
445 1 110592 114688
626 1 188416 192512
523 1 319488 323584
535 1 532480 536576
699 1 589824 606208
544 1 749568 753664
92 9 114688 131072 131072 196608 196608 262144 262144 327680 327680 393216 393216 458752 458752 524288 524288 589824 589824 638976
310 1 315392 323584
702 1 761856 765952
506 1 729088 737280
373 1 311296 315392
438 1 159744 163840
332 1 683520 687616
179 1 389120 393216
347 2 520192 524288 524288 528384
15 1 565248 585728
188 1 77824 81920
564 1 610304 614400
410 1 430080 434176
347 1 28672 32768
347 1 528384 532480
922 1 417792 421888
603 1 110592 126976
123 1 16384 24576
123 1 311296 315392
122 1 667648 675840
102 1 212992 221184
123 1 53248 57344
396 1 699904 704000
122 1 700416 708608
102 1 270336 278528
122 1 716800 720896
102 1 233472 258048
123 1 184320 196608
123 1 204800 212992
123 1 221184 225280
123 1 229376 233472
113 1 69632 77824
896 1 593920 598016
179 1 610304 626688
896 1 593920 598016
529 3 565248 589824 589824 655360 655360 704512
671 1 106496 131072
529 1 770048 786432
530 1 0 4096
85 1 679936 684032
714 2 126976 131072 131072 159744
523 1 757760 774144
896 1 593920 602112
750 1 12288 16384
181 1 700416 720896
40 1 532480 536576
40 1 520192 524288
212 1 143360 147456
212 1 77824 81920
221 1 688128 708608
192 1 405504 409600
712 1 425984 430080
276 1 557056 561152
840 1 106496 110592
74 1 335872 339968
937 1 315392 319488
608 1 184320 188416
769 1 53248 57344
742 1 282624 286720
905 1 659456 663552
704 1 561152 581632
667 1 417792 425984
542 1 212992 221184
542 1 307200 311296
542 1 204800 208896
45 1 45056 49152
723 1 401408 405504
45 1 258048 262144
542 1 241664 245760
666 1 446464 458752
667 1 131072 135168
535 1 466944 471040
493 1 24576 28672
462 1 589824 634880
144 1 741376 774144
711 1 192512 196608
144 1 782336 786432
145 1 0 32768
709 1 720896 724992
146 1 413696 434176
710 1 487424 491520
711 1 40960 45056
594 2 573440 589824 589824 655360
728 1 262144 327680
666 1 12288 24576
708 1 380928 385024
915 1 462848 466944
535 1 544768 552960
915 1 528384 532480
309 1 598016 602112
497 1 737280 745472
915 1 462848 466944
497 1 745472 749568
222 1 249856 253952
841 1 61440 65536
915 1 528384 532480
915 1 462848 475136
737 1 409600 413696
592 1 339968 344064
915 1 536576 540672
701 1 311296 319488
594 2 65536 131072 131072 196608
594 1 327680 393216
758 8 262144 327680 327680 393216 393216 458752 458752 524288 524288 589824 589824 655360 655360 720896 720896 786432
701 1 319488 323584
594 1 458752 524288
750 4 393216 458752 458752 524288 524288 589824 589824 655360
594 1 589824 655360
889 1 299008 303104
210 1 8192 9216
829 1 344064 348160
70 1 217088 221184
68 1 368640 372736
423 1 626688 630784
77 1 565248 569344
516 1 200704 204800
12 1 204800 208896
12 1 200704 204800
622 1 757760 761856
81 1 479232 483328
994 1 462848 475136
958 1 221184 225280
100 1 643072 651264
68 1 335872 344064
77 1 57344 61440
836 7 344576 393216 393216 458752 458752 524288 524288 589824 589824 655360 655360 720896 720896 786432
837 2 0 65536 65536 82432
579 1 327680 331776
114 1 262144 278528
352 1 352256 360448
604 1 0 4096
634 1 430080 434176
634 1 438272 442368
634 1 446464 450560
634 1 454656 458752
634 1 475136 487424
912 1 667648 671744
214 1 720896 729088
214 1 733184 737280
582 1 323584 327680
407 1 319488 323584
407 1 327680 348160
407 1 356352 360448
253 1 262144 262656
473 1 393216 397312
112 1 745472 749056
726 1 303104 319488
252 1 729088 745472
160 1 618496 622592
844 1 524288 536576
128 1 749568 753664
13 1 61440 65536
10 1 638976 643072
469 1 749568 753664
958 1 7680 11776
14 1 528384 532480
13 1 57344 61440
518 1 699904 708096
518 1 736768 740864
519 1 56832 65024
518 2 511488 524288 524288 544256
518 1 724480 732672
519 1 93696 97792
958 1 11776 15872
958 1 15872 48640
412 1 192512 196608
958 1 48640 52736
922 1 405504 425984
542 1 204800 212992
542 1 274432 282624
291 1 278528 282624
417 1 303104 311296
542 1 212992 217088
417 1 311296 315392
542 1 278528 286720
291 1 278528 282624
542 1 217088 221184
14 1 643072 647168
102 1 282624 286720
113 1 139264 143360
113 1 184320 192512
113 2 102400 131072 131072 135168
113 1 172032 176128
113 1 81920 98304
113 1 151552 163840
542 1 294912 299008
692 1 737280 757760
687 1 401408 404480
670 1 172032 188416
915 1 155648 159744
976 1 544256 548352
661 1 352256 356352
976 1 548352 552448
169 2 90112 131072 131072 167936
535 1 466944 475136
599 1 126976 131072
600 1 245760 249856
535 1 561152 565248
744 1 274432 278528
927 1 122880 126976
744 1 278528 282624
600 1 180224 184320
744 1 282624 286720
600 1 245760 249856
744 1 286720 290816
927 1 122880 126976
600 1 180224 184320
126 1 241664 245760
624 1 348160 352256
126 1 180224 184320
641 1 536576 552960
889 1 344064 352256
535 1 466944 479232
535 1 458752 462848
22 1 8192 16384
598 1 491520 495616
598 1 425984 430080
266 1 606208 610304
232 1 204800 208896
139 1 294912 299008
388 1 139264 142848
227 1 262144 323584
141 1 335872 339968
542 1 278528 282624
137 1 212992 217088
965 1 73728 77824
192 1 417792 421888
243 1 765952 786432
497 1 8192 16384
149 1 684032 696320
192 1 483328 487424
195 1 294912 303104
807 1 757760 786432
673 1 770048 786432
674 1 0 14848
757 1 307200 311296
195 1 311296 319488
117 1 131072 133120
906 1 98304 102400
195 1 327680 331776
965 1 778240 786432
5 1 364032 368128
0 1 32256 36352
5 1 429568 433664
48 1 167424 171520
195 1 335872 339968
349 1 266240 270336
0 1 36352 40448
657 1 663552 667648
749 2 659456 720896 720896 737280
873 1 102400 106496
564 1 667648 671744
535 1 512000 524288
43 1 147456 151552
188 1 77824 86016
922 1 483328 487424
824 1 630784 638976
862 1 626688 634880
996 1 536576 544768
862 1 634880 638976
996 1 544768 548864
824 1 634880 638976
716 1 471040 483328
376 1 249856 258048
422 1 155648 159744
840 1 558592 560640
4 1 622592 626688
535 1 544768 548864
81 1 262144 266240
376 1 258048 262144
716 1 483328 487424
683 1 37376 65536
490 1 739328 740864
122 1 335872 339968
384 1 12288 20480
494 1 544768 548864
851 1 356352 360448
535 1 561152 565248
359 1 462848 512000
761 1 757760 764416
762 2 319488 327680 327680 331776
761 1 765952 770048
764 1 503808 506368
856 1 557056 561152
856 1 561152 577536
807 1 438272 446464
856 1 577536 581632
163 2 581632 589824 589824 602112
163 1 602112 614400
177 1 131072 196608
380 2 358400 393216 393216 423936
372 1 438272 442368
860 1 319488 327680
991 1 385024 387584
961 1 106496 122880
490 1 389120 393216
951 1 659456 663552
922 1 454656 458752
922 1 475136 479232
205 1 53248 65536
490 1 389120 393216
558 1 83456 83968
922 1 520192 524288
951 1 659456 663552
922 1 409600 417792
735 1 651264 655360
616 6 418304 458752 458752 524288 524288 589824 589824 655360 655360 720896 720896 786432
617 3 0 65536 65536 131072 131072 156160
102 1 434176 442368
295 3 635392 655360 655360 720896 720896 786432
296 6 0 65536 65536 131072 131072 196608 196608 262144 262144 327680 327680 373248
667 1 704512 716800
707 1 258048 262144
219 1 294400 323072
219 1 347648 364032
219 2 323072 327680 327680 343552
595 1 262144 327680
767 1 720896 786432
768 2 0 65536 65536 131072
142 1 327680 348160
596 1 536576 540672
369 1 114688 118784
707 1 647168 655360
597 1 708608 712704
997 7 339968 393216 393216 458752 458752 524288 524288 589824 589824 655360 655360 720896 720896 786432
998 2 0 65536 65536 77824
999 2 339968 393216 393216 405504
75 1 221184 225280
998 9 77824 131072 131072 196608 196608 262144 262144 327680 327680 393216 393216 458752 458752 524288 524288 589824 589824 602112
639 1 577536 589824
776 2 307712 327680 327680 352256
535 1 577536 585728
998 3 602112 655360 655360 720896 720896 786432
999 6 0 65536 65536 131072 131072 196608 196608 262144 262144 327680 327680 339968
999 6 405504 458752 458752 524288 524288 589824 589824 655360 655360 720896 720896 786432
0 3 0 65536 65536 131072 131072 143360
0 9 143360 196608 196608 262144 262144 327680 327680 393216 393216 458752 458752 524288 524288 589824 589824 655360 655360 667648
0 2 667648 720896 720896 786432
1 7 0 65536 65536 131072 131072 196608 196608 262144 262144 327680 327680 393216 393216 405504
163 1 540672 557056
970 1 725504 786432
971 3 0 65536 65536 131072 131072 184320
493 1 77824 86016
971 1 720896 778240
2 9 143360 196608 196608 262144 262144 327680 327680 393216 393216 458752 458752 524288 524288 589824 589824 655360 655360 667648
1 6 405504 458752 458752 524288 524288 589824 589824 655360 655360 720896 720896 786432
2 3 0 65536 65536 131072 131072 143360
971 5 184320 196608 196608 262144 262144 327680 327680 393216 393216 406016
238 2 24576 65536 65536 77824
434 1 270336 274432
409 1 282624 286720
828 1 430080 442368
766 1 458752 471040
726 1 319488 327680
752 1 49152 61440
35 1 8192 12288
426 1 413696 417792
943 1 688128 692224
217 1 344064 348160
217 1 352256 360448
217 1 360448 364544
716 1 532480 544768
493 1 12288 16384
723 1 724992 729088
381 1 69632 118784
655 9 122880 131072 131072 196608 196608 262144 262144 327680 327680 393216 393216 458752 458752 524288 524288 589824 589824 647168
655 3 647168 655360 655360 720896 720896 786432
656 6 0 65536 65536 131072 131072 196608 196608 262144 262144 327680 327680 385024
657 9 122880 131072 131072 196608 196608 262144 262144 327680 327680 393216 393216 458752 458752 524288 524288 589824 589824 598016
656 7 385024 393216 393216 458752 458752 524288 524288 589824 589824 655360 655360 720896 720896 786432
657 2 0 65536 65536 122880
679 1 610304 612352
567 1 253952 262144
652 2 651264 655360 655360 659456
652 1 299008 307200
562 1 311296 323584
651 2 249856 262144 262144 274432
651 1 765952 774144
624 1 699392 699904
623 1 483328 491520
649 1 430080 438272
507 1 77824 81920
460 1 565248 573440
460 1 573440 577536
581 1 544768 548864
582 1 340480 340992
582 1 340992 341504
582 1 341504 342016
582 1 342016 342528
43 1 221184 225280
385 1 585728 589824
628 1 565248 569344
555 1 430080 434176
97 1 16384 17408
116 1 720896 724992
98 1 466944 471040
598 1 495616 499712
121 2 708608 720896 720896 761856
624 1 352256 360448
135 2 323584 327680 327680 332800
922 1 397312 401408
758 1 471040 479232
26 1 208384 208896
620 1 741376 749568
33 1 32768 57344
449 1 528384 536576
143 1 167936 172032
767 8 196608 262144 262144 327680 327680 393216 393216 458752 458752 524288 524288 589824 589824 655360 655360 720896
595 2 524288 589824 589824 655360
568 1 376832 389632
764 1 155648 159232
763 1 774144 784896
763 1 716800 720384
180 1 606208 610304
283 1 180224 184320
92 3 638976 655360 655360 720896 720896 786432
93 6 0 65536 65536 131072 131072 196608 196608 262144 262144 327680 327680 376832
764 1 507904 510464
180 1 614400 618496
686 1 12288 16384
699 1 606208 626688
742 6 450048 458752 458752 524288 524288 589824 589824 655360 655360 720896 720896 786432
743 3 0 65536 65536 131072 131072 187904
743 6 187904 196608 196608 262144 262144 327680 327680 393216 393216 458752 458752 511488
984 1 163840 167936
227 1 319488 323584
628 1 561152 565248
390 1 253952 258048
624 1 360448 364544
121 1 757760 761856
398 1 192512 196608
988 1 204800 208896
716 1 487424 499712
82 2 319488 327680 327680 335872
683 9 114688 131072 131072 196608 196608 262144 262144 327680 327680 393216 393216 458752 458752 524288 524288 589824 589824 610816
840 1 560128 561152
176 1 450560 458752
157 1 528384 532480
535 1 479232 487424
716 1 499712 503808
432 1 499712 503808
901 1 45056 46080
4 1 610304 614400
98 1 176128 180224
23 1 176128 192512
97 1 188416 196608
113 1 212992 229376
113 1 266240 270336
121 1 380928 389120
113 1 245760 253952
121 1 360448 364544
121 1 393216 397312
121 1 372736 376832
113 1 258048 262144
728 1 442368 446464
398 1 753152 761344
121 1 421888 434176
193 1 765440 769536
298 7 373248 393216 393216 458752 458752 524288 524288 589824 589824 655360 655360 720896 720896 786432
299 2 0 65536 65536 111104
296 7 373248 393216 393216 458752 458752 524288 524288 589824 589824 655360 655360 720896 720896 786432
297 2 0 65536 65536 111104
297 9 111104 131072 131072 196608 196608 262144 262144 327680 327680 393216 393216 458752 458752 524288 524288 589824 589824 635392
297 3 635392 655360 655360 720896 720896 786432
298 6 0 65536 65536 131072 131072 196608 196608 262144 262144 327680 327680 373248
300 1 696832 720896
300 6 373248 393216 393216 458752 458752 524288 524288 589824 589824 655360 655360 696832
299 9 111104 131072 131072 196608 196608 262144 262144 327680 327680 393216 393216 458752 458752 524288 524288 589824 589824 635392
629 1 208896 217088
550 1 36864 40960
726 1 573440 581632
694 1 524288 532480
813 1 294912 299008
108 2 450560 458752 458752 507904
106 2 311296 327680 327680 339968
106 1 339968 344064
798 1 356352 360448
106 1 344064 372736
106 1 372736 376832
43 1 221184 225280
704 1 581632 589824
131 1 540672 557056
705 1 393216 397312
542 1 307200 319488
22 1 348160 352256
667 1 421888 430080
820 1 192512 196608
666 1 172032 192512
565 1 499712 507904
565 1 540672 552960
483 1 663552 671744
976 1 552448 556544
976 1 556544 589312
976 2 589312 589824 589824 593408
483 1 671744 675840
219 1 294400 310784
219 2 364032 393216 393216 396800
634 1 307200 311296
188 1 81920 86016
650 1 401408 405504
922 1 417792 421888
43 1 221184 225280
497 1 12288 16384
965 1 73728 77824
192 1 417792 421888
374 1 471040 479232
192 1 483328 487424
374 1 479232 483328
121 1 491520 499712
395 1 675328 679424
399 1 89600 93696
393 1 212480 224768
398 1 622080 626176
121 1 413696 417792
400 1 445952 450048
121 1 471040 479232
121 1 528384 536576
922 1 773632 777728
121 1 401408 409600
121 1 442368 458752
121 1 503808 512000
458 1 765952 770048
206 1 49152 53248
227 2 647168 655360 655360 656384
554 1 782336 786432
555 5 0 65536 65536 131072 131072 196608 196608 262144 262144 286720
126 1 700416 704512
555 4 290816 327680 327680 393216 393216 458752 458752 512000
404 1 471040 475136
600 1 245760 249856
927 1 122880 126976
744 1 290816 294912
744 1 303104 307200
744 1 315392 319488
744 1 294912 299008
744 1 307200 311296
744 1 319488 323584
744 1 299008 303104
600 1 180224 184320
744 1 311296 315392
542 1 266240 278528
600 1 245760 249856
50 1 262144 278528
565 1 614400 634880
542 1 274432 282624
673 2 192512 196608 196608 212992
542 1 208896 217088
370 1 389120 393216
806 1 310784 314880
806 1 310784 314880
50 1 278528 299008
565 1 671744 679936
565 1 634880 638976
21 1 753664 757760
673 2 323584 327680 327680 335872
806 1 310784 314880
806 1 310784 314880
91 1 552960 557056
466 1 274432 282624
542 1 282624 286720
466 1 282624 286720
542 1 217088 225280
359 1 385024 388608
286 1 0 4096
252 1 417792 421888
266 1 532480 536576
266 1 520192 524288
922 1 462848 466944
518 2 511488 524288 524288 527872
4 1 356352 372736
519 1 97792 101888
519 1 216576 245248
922 1 487424 495616
958 2 52736 65536 65536 77312
986 1 446464 450560
958 1 77312 81408
412 1 475136 487424
922 1 425984 430080
854 1 761344 773632
61 1 229376 245760
412 1 192512 196608
89 1 282624 290816
922 1 491520 507904
518 1 450560 458752
490 1 389120 393216
738 1 618496 630784
922 1 454656 458752
638 1 315392 319488
75 1 163840 180224
951 1 659456 663552
82 2 319488 327680 327680 339968
445 1 471040 507904
490 1 389120 393216
922 1 479232 483328
53 1 745472 757760
440 1 737280 765952
948 2 274432 327680 327680 339968
535 1 495616 503808
942 2 581632 589824 589824 634880
400 1 753664 761856
182 1 536576 540672
40 1 458752 459264
179 1 278528 282624
840 1 102400 106496
221 1 708608 720896
432 1 733184 741376
192 1 598016 602112
478 1 266240 270336
432 1 741376 745472
478 1 282624 286720
345 1 577536 579072
134 2 385024 393216 393216 401408
922 1 471040 475136
686 1 90112 91648
267 1 753664 766976
973 1 434176 437248
51 1 24576 45056
21 1 774144 786432
56 5 483840 524288 524288 589824 589824 655360 655360 720896 720896 786432
57 4 0 65536 65536 131072 131072 196608 196608 221696
57 1 221696 249856
58 1 0 57344
57 8 249856 262144 262144 327680 327680 393216 393216 458752 458752 524288 524288 589824 589824 655360 655360 688640
51 1 45056 57344
57 2 688640 720896 720896 786432
58 7 65536 131072 131072 196608 196608 262144 262144 327680 327680 393216 393216 458752 458752 492032
58 5 492032 524288 524288 589824 589824 655360 655360 720896 720896 786432
59 2 0 65536 65536 126976
963 1 294912 307200
133 1 577536 581632
133 1 475136 479232
496 2 491520 524288 524288 540672
33 1 57344 61440
449 1 536576 540672
459 1 495616 499712
143 1 172032 176128
98 1 688128 700416
740 2 573440 589824 589824 638976
64 1 393216 397312
706 1 311296 315392
716 1 552960 565248
710 1 32768 36864
73 1 753664 757760
840 1 560640 561152
514 1 409600 434176
333 1 90112 98304
179 1 626688 647168
896 1 598016 602112
514 1 434176 438272
333 1 98304 102400
671 1 196608 208896
896 1 598016 602112
896 1 598016 602112
896 1 598016 602112
918 1 290816 327680
740 2 671744 720896 720896 737280
740 1 737280 741376
837 4 82432 131072 131072 196608 196608 262144 262144 278528
837 5 282624 327680 327680 393216 393216 458752 458752 524288 524288 545280
220 1 737280 786432
221 1 0 16384
934 1 540672 544768
837 2 610816 655360 655360 692224
134 1 49152 53248
838 1 458752 487424
941 1 16384 20480
837 2 692224 720896 720896 786432
838 5 0 65536 65536 131072 131072 196608 196608 262144 262144 320000
168 1 163840 188416
305 1 544768 548864
686 1 352256 364544
667 1 135168 155648
542 1 245760 258048
534 1 278528 282624
27 1 286720 290816
982 1 716800 720896
336 1 393216 397312
983 1 765952 770048
542 1 319488 323584
162 1 573440 577536
542 1 253952 258048
881 1 28672 32768
354 1 40960 49152
881 1 49152 57344
645 1 762368 786432
646 8 0 65536 65536 131072 131072 196608 196608 262144 262144 327680 327680 393216 393216 458752 458752 482816
354 1 49152 53248
488 2 708608 720896 720896 724992
488 1 724992 729088
549 1 36864 40960
560 1 438272 442368
488 1 729088 749568
488 1 749568 753664
182 1 294912 299008
666 1 364544 389120
820 1 749568 753664
821 1 0 4096
666 1 389120 393216
71 1 524288 540672
26 1 208384 209408
415 1 724992 733184
188 1 81920 86016
976 1 593408 597504
976 1 597504 617984
876 1 32768 36864
862 1 638976 647168
862 1 647168 651264
535 1 466944 471040
232 1 262144 282624
157 1 581632 585728
267 2 16384 65536 65536 114688
935 1 598016 599552
397 1 770048 774144
68 1 372736 380928
68 1 380928 385024
903 1 561152 565248
485 1 720896 729088
68 1 385024 393216
485 1 729088 733184
68 1 393216 397312
354 1 585728 589824
903 1 561152 565248
68 1 397312 405504
68 1 405504 409600
565 1 630784 638976
565 1 671744 684032
903 1 561152 565248
666 1 65536 81920
542 1 286720 294912
760 1 282624 286720
542 1 225280 229376
765 1 327680 331776
668 1 413696 434176
75 2 180224 196608 196608 200704
922 1 458752 462848
352 1 81920 86016
460 1 774144 782336
343 1 765952 786432
344 1 0 24576
352 2 94208 131072 131072 147456
596 1 278528 282624
513 1 311296 315392
547 1 24576 65536
512 2 708608 720896 720896 774144
352 1 212992 221184
93 7 376832 393216 393216 458752 458752 524288 524288 589824 589824 655360 655360 720896 720896 786432
94 2 0 65536 65536 114688
535 1 565248 573440
202 1 163840 167936
93 2 49152 65536 65536 69632
803 1 434176 438272
359 1 512000 516096
142 1 348160 360448
405 1 512000 524288
101 1 618496 621056
664 1 200704 204800
291 2 249856 262144 262144 294912
348 1 253952 258048
2 2 667648 720896 720896 786432
3 7 0 65536 65536 131072 131072 196608 196608 262144 262144 327680 327680 393216 393216 405504
4 6 143360 196608 196608 262144 262144 327680 327680 393216 393216 458752 458752 466944
226 3 126976 131072 131072 196608 196608 236544
776 6 417792 458752 458752 524288 524288 589824 589824 655360 655360 720896 720896 786432
777 2 0 65536 65536 111104
5 9 204800 262144 262144 327680 327680 393216 393216 458752 458752 524288 524288 589824 589824 655360 655360 720896 720896 729088
3 6 405504 458752 458752 524288 524288 589824 589824 655360 655360 720896 720896 786432
4 3 0 65536 65536 131072 131072 143360
5 1 729088 786432
6 8 0 65536 65536 131072 131072 196608 196608 262144 262144 327680 327680 393216 393216 458752 458752 466944
535 1 516096 520192
75 1 155648 159744
4 5 466944 524288 524288 589824 589824 655360 655360 720896 720896 786432
5 4 0 65536 65536 131072 131072 196608 196608 204800
6 5 466944 524288 524288 589824 589824 655360 655360 720896 720896 786432
7 4 0 65536 65536 131072 131072 196608 196608 204800
7 9 204800 262144 262144 327680 327680 393216 393216 458752 458752 524288 524288 589824 589824 655360 655360 720896 720896 729088
8 5 466944 524288 524288 589824 589824 655360 655360 720896 720896 786432
9 4 0 65536 65536 131072 131072 196608 196608 204800
7 1 729088 786432
8 8 0 65536 65536 131072 131072 196608 196608 262144 262144 327680 327680 393216 393216 458752 458752 466944
9 6 204800 262144 262144 327680 327680 393216 393216 458752 458752 524288 524288 528384
9 4 528384 589824 589824 655360 655360 720896 720896 786432
10 5 0 65536 65536 131072 131072 196608 196608 262144 262144 266240
473 1 671744 674816
846 1 413696 417792
846 1 409600 413696
416 1 40960 45056
416 1 90112 94208
640 1 257536 261632
846 1 413696 417792
160 1 483328 491520
194 1 278528 294912
160 1 421888 430080
194 1 294912 315392
967 1 507904 520192
542 1 200704 204800
956 1 602112 622592
2 1 618496 622592
2 1 540672 544768
667 1 356352 385024
106 1 32768 33280
106 1 33280 33792
106 1 45056 46080
106 1 33792 36864
106 1 46080 49152
965 1 73728 77824
192 1 417792 421888
592 1 778240 782336
650 1 397312 401408
597 1 401408 409600
922 1 483328 491520
391 1 421888 425984
976 1 617984 622080
989 3 143360 196608 196608 262144 262144 311296
156 3 139264 196608 196608 262144 262144 307200
27 1 368128 380416
121 1 757760 761856
641 1 552960 569344
624 1 364544 372736
66 1 118784 122880
670 1 110592 131072
108 1 306688 323072
542 1 274432 278528
108 1 323072 327168
442 1 53248 57344
538 1 188416 196608
374 1 212992 237568
530 1 196608 208896
420 1 139264 151552
374 1 237568 241664
670 1 524288 536576
542 1 208896 212992
957 1 647168 651264
236 1 483328 491520
938 8 196608 262144 262144 327680 327680 393216 393216 458752 458752 524288 524288 589824 589824 655360 655360 708608
840 1 159232 163328
90 1 97792 101888
903 1 347648 351744
768 1 335360 339456
90 1 81408 93696
903 1 404992 409088
13 1 208384 212480
121 1 540672 544768
121 1 565248 577536
121 1 602112 610304
121 1 630784 634880
510 1 11776 15872
432 1 122880 131072
662 1 561152 565248
202 1 720896 745472
601 1 196608 262144
106 1 163840 164864
424 1 733184 741376
424 1 741376 745472
582 1 342528 343040
131 1 593920 610304
582 1 343040 343552
582 1 343552 344064
445 1 117760 118272
105 1 591360 593408
228 1 413696 417792
560 2 303104 327680 327680 385024
131 1 610304 630784
228 1 421888 422400
43 1 155648 163840
445 1 118272 118784
228 1 422400 422912
278 1 712704 716800
604 1 266240 270336
716 1 565248 569344
535 1 548864 552960
670 1 126976 131072
670 1 667648 671744
824 1 163840 167936
670 1 589824 602112
652 1 483328 487424
716 1 569344 581632
742 2 499712 524288 524288 565248
121 1 671744 675840
121 1 663552 667648
121 2 581632 589824 589824 593920
535 1 532480 540672
121 1 647168 655360
233 1 507904 512000
417 1 249344 253440
256 1 159744 163840
75 1 417280 421376
155 1 417280 421376
792 1 736768 740864
123 1 102400 106496
123 1 323584 327680
99 1 564736 568832
225 1 753664 757760
123 1 94208 98304
123 1 126976 131072
542 1 229376 233472
123 1 421888 425984
18 1 52736 56832
299 3 635392 655360 655360 720896 720896 786432
300 6 0 65536 65536 131072 131072 196608 196608 262144 262144 327680 327680 373248
300 1 758272 786432
301 6 0 65536 65536 131072 131072 196608 196608 262144 262144 327680 327680 382976
102 1 442368 450560
435 9 131584 196608 196608 262144 262144 327680 327680 393216 393216 458752 458752 524288 524288 589824 589824 655360 655360 655872
585 1 282624 294912
106 1 192512 193536
106 1 164864 167936
839 1 225280 249856
633 1 307200 311296
200 1 36864 40960
68 1 36864 40960
322 1 589824 598016
534 1 172032 180224
641 1 315392 323584
839 2 315392 327680 327680 339968
947 1 421888 430080
916 1 499712 503808
168 1 188416 192512
193 1 32768 57344
838 3 320000 327680 327680 393216 393216 458752
96 1 425984 446464
345 1 757760 762368
944 1 0 24576
233 1 606208 610304
143 1 167936 172032
565 1 700416 716800
234 1 167936 176128
512 1 147456 150016
927 1 569344 571904
459 1 495616 499712
542 1 270336 274432
888 1 188416 192512
887 1 651264 655360
888 1 294912 299008
783 1 471040 491520
597 1 339968 344064
219 1 462336 478720
731 1 24576 65536
695 3 630784 655360 655360 720896 720896 786432
696 1 0 8192
33 3 401408 458752 458752 524288 524288 561152
542 1 270336 274432
542 1 249856 253952
535 1 548864 552960
542 1 315392 319488
667 1 425984 434176
0 1 442368 454656
820 1 192512 196608
611 1 12288 20480
535 1 544768 548864
542 1 249856 258048
131 1 557056 577536
560 1 372736 376832
542 1 204800 208896
45 1 45056 49152
45 1 258048 262144
560 1 376832 380928
542 1 319488 323584
927 1 122880 126976
369 1 778240 782336
600 1 180224 188416
194 1 331776 348160
160 1 421888 425984
111 2 225280 262144 262144 278528
542 1 315392 323584
681 1 778240 786432
682 1 0 20480
202 1 225280 229376
400 1 761856 765952
209 1 413696 417792
535 1 503808 507904
210 1 155648 159744
94 9 114688 131072 131072 196608 196608 262144 262144 327680 327680 393216 393216 458752 458752 524288 524288 589824 589824 638976
733 1 200704 204800
750 1 655360 720896
288 1 401408 405504
648 1 647168 651264
192 1 483328 487424
416 1 425984 434176
338 1 745472 761856
416 1 434176 438272
965 1 73728 77824
375 1 643072 651264
983 1 335872 339968
932 1 196608 204800
570 1 356352 364544
563 1 630784 638976
434 1 585728 589824
973 1 249856 253952
754 1 229376 233472
378 1 28672 32768
434 1 651264 655360
377 1 749568 753664
678 1 69632 73728
282 2 188416 196608 196608 258048
282 1 258048 262144
922 1 397312 405504
628 1 565248 569344
624 1 372736 376832
387 1 327680 330752
994 1 737280 741376
135 1 344064 353280
270 1 557056 589824
148 1 749568 753664
628 1 561152 565248
542 1 270336 274432
790 1 565248 569344
182 2 20480 65536 65536 86016
23 1 339968 360448
103 2 573440 589824 589824 593920
102 1 442368 446464
193 1 360448 364544
683 3 610816 655360 655360 720896 720896 786432
684 6 0 65536 65536 131072 131072 196608 196608 262144 262144 327680 327680 348672
716 1 581632 585728
394 1 328192 331264
157 2 49152 65536 65536 69632
478 1 442368 446464
727 1 458752 524288
305 1 393216 458752
728 1 327680 368640
145 1 139264 172032
143 1 102400 106496
337 2 716800 720896 720896 741376
337 8 94208 131072 131072 196608 196608 262144 262144 327680 327680 393216 393216 458752 458752 524288 524288 532480
338 1 28672 49152
986 1 344064 349184
338 2 61440 65536 65536 77824
338 1 118784 126976
337 1 663552 700416
337 1 749568 774144
685 6 405504 458752 458752 524288 524288 589824 589824 655360 655360 720896 720896 786432
686 1 0 65536
235 1 212992 229376
567 1 720896 724992
542 1 270336 278528
542 1 311296 323584
138 1 274432 278528
542 1 253952 258048
220 1 749568 770048
542 1 319488 323584
192 1 471040 479232
138 1 274432 278528
542 1 253952 258048
567 1 724992 741376
542 1 319488 323584
138 1 274432 278528
542 1 253952 258048
93 1 581632 585728
32 1 483328 487424
478 1 647168 655360
230 1 397312 398336
412 1 192512 196608
478 1 655360 659456
922 1 438272 442368
606 1 315392 319488
407 1 729088 737280
407 1 737280 741376
75 1 163840 180224
412 1 192512 196608
922 1 503808 512000
255 1 208896 225280
755 1 16384 20480
931 1 155648 159744
555 1 114688 118784
355 1 487424 495616
548 1 65536 69632
160 1 527872 531968
160 1 531968 536064
346 1 634880 655360
818 1 593920 606208
75 1 569344 573440
548 1 69632 73728
951 2 659456 720896 720896 749568
245 1 278528 327680
692 1 630784 647168
141 4 180224 196608 196608 262144 262144 327680 327680 335872
398 1 507904 516096
922 1 413696 417792
398 1 516096 520192
692 1 647168 651264
245 1 323584 327680
922 1 479232 487424
828 1 761856 765952
542 1 286720 294912
542 1 225280 229376
286 1 0 4096
542 1 290816 294912
833 1 540672 544768
14 1 643072 647168
799 1 622592 626688
800 1 163840 167936
383 1 401408 430080
880 1 704512 708608
342 1 655360 679936
976 1 622080 650752
976 1 650752 654848
317 3 598016 655360 655360 720896 720896 757760
783 1 491520 495616
634 1 303104 307200
159 1 552960 561152
415 1 733184 737280
188 1 81920 86016
597 1 405504 409600
71 1 540672 561152
278 1 475136 491520
669 1 618496 622592
281 1 475136 491520
121 1 757760 761856
181 1 188416 191488
268 1 36864 49152
64 1 483328 503808
949 1 327680 328704
64 1 434176 438272
740 1 389120 393216
64 1 499712 512000
352 1 24576 32768
352 1 32768 36864
64 1 442368 450560
471 1 184320 188416
670 1 372736 389120
740 1 389120 393216
331 1 253952 262144
135 1 212480 216576
121 1 679936 684032
123 1 114688 118784
123 1 413696 417792
459 1 32768 40960
125 1 696320 700416
125 1 729088 733184
125 1 684032 688128
125 1 720896 724992
126 1 278528 282624
126 1 262144 266240
302 8 131072 196608 196608 262144 262144 327680 327680 393216 393216 458752 458752 524288 524288 589824 589824 655360
301 6 393216 458752 458752 524288 524288 589824 589824 655360 655360 720896 720896 786432
302 2 0 65536 65536 131072
617 9 156160 196608 196608 262144 262144 327680 327680 393216 393216 458752 458752 524288 524288 589824 589824 655360 655360 680448
302 2 655360 720896 720896 786432
303 6 0 65536 65536 131072 131072 196608 196608 262144 262144 327680 327680 393216
102 1 450560 458752
303 6 393216 458752 458752 524288 524288 589824 589824 655360 655360 720896 720896 786432
304 2 0 65536 65536 131072
304 8 131072 196608 196608 262144 262144 327680 327680 393216 393216 458752 458752 524288 524288 589824 589824 655360
304 2 655360 720896 720896 786432
305 6 0 65536 65536 131072 131072 196608 196608 262144 262144 327680 327680 393216
305 6 393216 458752 458752 524288 524288 589824 589824 655360 655360 720896 720896 786432
306 2 0 65536 65536 131072
306 4 131072 196608 196608 262144 262144 327680 327680 393216
55 1 528384 532480
794 1 397312 401408
280 1 475136 479232
984 1 167936 172032
495 1 32768 45056
862 2 86016 131072 131072 139264
160 1 483328 487424
49 1 163840 167936
254 1 294912 315392
160 1 417792 425984
950 1 733184 737280
924 1 524288 528384
924 1 454656 458752
254 1 315392 327680
125 1 479232 495616
815 1 659456 663552
815 1 647168 651264
478 1 499712 508928
115 1 286720 327680
75 1 155648 163840
394 1 331264 333824
128 1 421888 425984
731 1 479232 480256
394 1 340480 340992
394 1 333824 340480
716 2 585728 589824 589824 598016
535 1 466944 471040
394 1 340992 344576
394 1 344576 346112
496 1 569344 577536
143 1 172032 176128
863 2 53248 65536 65536 102400
496 1 577536 581632
863 1 102400 106496
143 1 167936 172032
496 1 532480 548864
661 1 61440 65536
493 1 200704 208896
493 1 208896 212992
555 1 745472 753664
413 1 53248 61440
337 1 266240 274432
891 1 376832 385024
413 1 61440 65536
120 1 69632 72192
148 1 315392 320000
915 1 286720 307200
223 1 81920 86016
882 1 770048 774144
632 1 73728 90112
337 1 274432 278528
889 1 196608 200704
660 1 455168 456192
660 1 456192 457216
660 1 457216 457728
429 1 667648 675840
429 1 679936 684032
429 1 692224 696320
109 1 475136 483328
473 1 741376 745472
110 1 393216 397312
478 1 315392 319488
210 1 724992 729088
535 1 569344 577536
418 2 577536 589824 589824 624128
417 2 319488 327680 327680 380928
93 1 69632 81920
211 1 475136 479232
803 1 434176 438272
64 1 417792 421888
96 1 131072 143360
542 1 204800 208896
922 1 466944 471040
150 1 339968 356352
641 1 569344 585728
896 1 598016 602112
578 1 741376 749568
270 1 602112 618496
896 1 598016 602112
896 1 602112 610304
192 1 196608 208896
896 1 602112 606208
192 1 208896 212992
542 1 204800 212992
896 1 602112 606208
510 1 516096 520192
896 1 602112 606208
542 1 274432 278528
342 1 229376 237568
976 2 654848 655360 655360 658944
88 3 278528 327680 327680 393216 393216 421888
836 2 700416 720896 720896 786432
837 1 0 53248
219 1 478720 507392
219 2 507392 524288 524288 527872
922 1 421888 425984
620 1 782336 786432
179 2 303104 327680 327680 352256
518 1 462848 471040
523 9 164352 196608 196608 262144 262144 327680 327680 393216 393216 458752 458752 524288 524288 589824 589824 655360 655360 688640
182 1 643072 651264
931 2 712704 720896 720896 729088
577 3 425984 458752 458752 524288 524288 565248
576 2 688128 720896 720896 786432
577 7 0 65536 65536 131072 131072 196608 196608 262144 262144 327680 327680 393216 393216 425984
337 1 118784 126976
401 1 352256 356352
337 1 126976 131072
625 2 557056 589824 589824 643072
636 1 483328 487424
628 1 401408 421888
476 1 630784 634880
59 1 270336 274432
59 1 323584 327680
497 1 401408 405504
256 1 118784 122880
109 1 462848 471040
672 1 61440 65536
476 1 638976 643072
113 1 20480 24576
59 1 286720 290816
735 1 77824 81920
285 1 417792 421888
782 1 147456 151552
115 1 36864 40960
654 1 163840 167936
257 1 782336 786432
119 1 466944 471040
142 1 352256 364544
734 1 573440 577536
340 1 696320 712704
192 1 417792 421888
85 1 745472 749568
192 1 483328 487424
85 1 671744 675840
91 1 182784 183296
965 1 73728 77824
497 1 12288 20480
535 1 532480 536576
535 1 466944 471040
535 1 532480 540672
16 1 544768 573440
535 1 471040 475136
535 1 536576 544768
43 1 155648 159744
131 1 540672 557056
337 1 737280 745472
43 1 221184 233472
43 1 163840 167936
43 1 229376 233472
100 1 180224 184320
534 1 278528 282624
804 1 479232 503808
85 1 24576 32768
542 1 319488 323584
542 1 204800 225280
542 1 253952 258048
879 1 224768 228864
804 1 479232 483328
534 1 278528 282624
542 1 319488 323584
269 2 278528 327680 327680 348160
300 1 720896 758272
43 1 376832 380928
55 1 532480 536576
71 2 577536 589824 589824 593920
435 2 655872 720896 720896 786432
436 7 0 65536 65536 131072 131072 196608 196608 262144 262144 327680 327680 393216 393216 393728
585 1 233472 237568
288 1 438272 446464
733 1 212992 249856
883 1 86016 118784
814 1 446464 458752
838 5 487424 524288 524288 589824 589824 655360 655360 720896 720896 786432
839 2 0 65536 65536 86528
193 1 57344 61440
814 1 524288 577536
168 1 192512 196608
937 3 114688 131072 131072 196608 196608 200704
771 1 589824 593920
918 1 327680 331776
839 9 86528 131072 131072 196608 196608 262144 262144 327680 327680 393216 393216 458752 458752 524288 524288 589824 589824 610816
771 1 593920 598016
628 1 565248 569344
624 1 376832 393216
565 1 614400 630784
615 1 479232 495616
135 1 364544 373760
106 1 720896 721408
96 1 507904 516096
486 1 593920 598016
535 1 466944 483328
650 1 385024 393216
459 1 495616 499712
49 1 233472 236032
741 1 249856 253952
412 1 192512 196608
75 2 180224 196608 196608 200704
90 1 470528 482816
922 1 442368 446464
606 1 258048 262144
650 1 593408 597504
650 1 556544 560640
466 1 146944 151040
465 1 384512 388608
475 1 81408 89600
474 1 761344 765440
44 1 343552 355840
475 2 60928 65536 65536 69120
523 1 200704 208896
522 1 368640 376832
362 1 94208 98304
982 1 569344 573440
125 1 704512 708608
126 1 233472 241664
256 1 159744 163840
126 1 499712 503808
126 1 491520 495616
126 1 524288 528384
126 1 516096 520192
126 1 532480 536576
126 1 552960 557056
99 1 380928 389120
123 1 65536 69632
126 1 540672 544768
363 1 778240 786432
364 1 0 16384
317 1 700416 712704
777 1 626688 630784
684 5 348672 393216 393216 458752 458752 524288 524288 589824 589824 610304
59 1 507904 512000
716 1 598016 602112
349 2 258048 262144 262144 266240
684 3 614400 655360 655360 720896 720896 786432
685 2 0 65536 65536 90624
535 1 532480 536576
394 1 346112 348672
219 1 531968 548352
907 1 598016 655360
393 1 385024 393216
976 1 658944 663040
976 1 663040 695808
178 1 729088 733184
180 1 733184 737280
179 1 688128 692224
762 1 393216 401408
178 1 737280 786432
179 1 393216 397312
179 2 696320 720896 720896 757760
180 1 745472 786432
181 1 0 20480
22 1 348160 352256
560 1 372736 376832
174 2 315392 327680 327680 339968
174 1 475136 499712
282 1 671744 677376
535 1 479232 487424
584 1 638976 643072
924 2 389120 393216 393216 401408
941 1 679936 696320
809 1 462848 466944
535 1 548864 552960
538 1 270336 290816
905 1 655360 659456
667 1 430080 438272
560 1 376832 380928
542 1 253952 262144
815 6 262144 327680 327680 393216 393216 458752 458752 524288 524288 589824 589824 655360
535 1 483328 487424
216 1 450560 454656
580 2 130560 131072 131072 134656
463 1 531968 536064
157 1 294912 299008
464 1 3584 7680
464 1 220672 224768
465 1 298496 306688
587 1 520192 524288
463 2 523776 524288 524288 527872
579 1 204288 208384
442 1 179712 183808
44 1 355840 392704
463 1 572928 577024
465 1 540160 544256
464 1 93696 97792
465 1 93696 97792
465 2 458240 458752 458752 462336
474 1 536064 540160
474 1 765440 773632
475 1 48640 60928
68 1 409600 417792
366 1 229376 233472
535 1 466944 475136
59 1 708608 712192
566 1 368640 385024
68 1 417792 421888
542 1 204800 208896
903 1 561152 565248
68 1 421888 430080
68 1 430080 434176
903 1 561152 565248
68 1 434176 442368
666 1 81920 102400
535 1 536576 544768
68 1 442368 446464
577 8 282624 327680 327680 393216 393216 458752 458752 524288 524288 589824 589824 655360 655360 720896 720896 786432
578 1 0 20480
183 1 684032 696320
535 1 532480 536576
535 1 462848 466944
542 1 204800 208896
778 1 638976 651264
669 1 651264 655360
542 1 262144 266240
540 1 617984 618496
744 1 323584 327680
744 1 327680 331776
369 1 778240 782336
194 1 348160 368640
542 1 319488 323584
160 1 487424 491520
744 1 331776 335872
542 1 262144 266240
369 1 778240 782336
744 1 335872 339968
539 1 458752 471040
328 1 0 4096
493 1 16384 20480
75 1 159744 167936
542 1 319488 327680
708 1 385024 393216
539 1 753664 757760
66 1 598016 602112
11 1 380928 384000
328 1 0 4096
161 1 720896 724992
64 1 380928 385024
691 1 552960 557056
151 1 20480 24576
805 1 303104 305664
66 1 61440 65536
542 1 258048 262144
539 1 753664 761856
373 1 86016 90112
215 1 180224 184320
990 2 122880 131072 131072 155648
535 1 507904 512000
94 3 638976 655360 655360 720896 720896 786432
95 6 0 65536 65536 131072 131072 196608 196608 262144 262144 327680 327680 364544
905 1 659456 663552
119 1 692224 704512
227 1 634880 643072
177 1 327680 393216
197 1 327680 331776
197 1 393216 397312
179 1 196608 262144
661 1 356352 393216
548 3 614400 655360 655360 720896 720896 749568
905 2 196608 262144 262144 278528
179 1 262144 274432
976 1 695808 699904
10 8 266240 327680 327680 393216 393216 458752 458752 524288 524288 589824 589824 655360 655360 720896 720896 786432
11 1 0 4096
11 9 4096 65536 65536 131072 131072 196608 196608 262144 262144 327680 327680 393216 393216 458752 458752 524288 524288 528384
971 1 778240 786432
972 4 0 65536 65536 131072 131072 196608 196608 201216
11 4 528384 589824 589824 655360 655360 720896 720896 786432
12 5 0 65536 65536 131072 131072 196608 196608 262144 262144 266240
535 1 581632 589824
12 7 266240 327680 327680 393216 393216 458752 458752 524288 524288 589824 589824 655360 655360 707072
971 5 406016 458752 458752 524288 524288 589824 589824 655360 655360 720896
348 1 253952 258048
777 9 111104 131072 131072 196608 196608 262144 262144 327680 327680 393216 393216 458752 458752 524288 524288 589824 589824 635392
535 1 520192 524288
367 1 352256 356352
924 1 667648 671744
972 9 201216 262144 262144 327680 327680 393216 393216 458752 458752 524288 524288 589824 589824 655360 655360 720896 720896 725504
535 1 585728 589824
777 3 635392 655360 655360 720896 720896 786432
778 6 0 65536 65536 131072 131072 196608 196608 262144 262144 327680 327680 373248
535 2 520192 524288 524288 532480
972 1 725504 786432
973 8 0 65536 65536 131072 131072 196608 196608 262144 262144 327680 327680 393216 393216 458752 458752 463360
703 1 651264 655360
342 1 237568 241664
364 2 176128 196608 196608 212992
583 1 135168 136704
291 1 294912 299008
522 1 86016 102400
478 1 299008 303104
18 1 393216 397312
120 1 499712 502784
628 1 561152 565248
624 1 458752 462848
121 1 757760 765952
475 1 114176 122368
463 1 630272 634368
467 1 495104 499200
464 1 101888 105984
474 1 622080 626176
465 1 474624 478720
474 1 777728 781824
475 1 73216 81408
475 2 130560 131072 131072 134656
465 2 261632 262144 262144 265728
474 1 470528 474624
474 1 732672 740864
475 1 28160 40448
475 1 167424 171520
475 1 105984 110080
475 1 142848 146944
475 1 175616 183808
465 1 613888 617984
475 1 220672 224768
497 1 512000 520192
43 1 155648 159744
6 1 270336 278528
523 2 688640 720896 720896 786432
524 7 0 65536 65536 131072 131072 196608 196608 262144 262144 327680 327680 393216 393216 426496
524 6 426496 458752 458752 524288 524288 589824 589824 655360 655360 720896 720896 786432
525 3 0 65536 65536 131072 131072 164352
542 1 204800 208896
188 1 81920 86016
475 1 69120 73216
475 1 187904 196096
465 1 622080 626176
475 1 265728 269824
475 1 155136 159232
465 1 638464 642560
945 1 724992 729088
465 1 581120 585216
465 1 515584 523776
465 1 462336 466432
465 1 380416 384512
465 1 237056 253440
465 1 605696 609792
465 1 552448 564736
465 1 593408 601600
465 1 503296 511488
465 1 531968 540160
465 1 450048 454144
465 1 347648 351744
465 1 478720 482816
399 1 200704 208896
399 1 208896 212992
64 1 512000 516096
331 1 262144 266240
64 1 446464 450560
740 1 389120 393216
64 1 512000 516096
561 1 393216 442368
670 1 389120 393216
581 1 544768 548864
75 1 286720 290816
38 1 196608 245760
726 1 311296 315392
64 1 446464 450560
670 1 589824 606208
516 1 286720 294912
368 1 700416 704512
368 1 626688 638976
219 1 581632 585728
143 1 172032 176128
160 1 548864 552960
650 1 589824 647168
565 1 716800 720896
96 1 446464 450560
567 1 196608 212992
194 1 339968 356352
96 1 512000 516096
945 1 733184 734208
160 1 614400 622592
102 1 102400 106496
124 1 331776 339968
124 1 348160 352256
129 1 782336 786432
124 1 315392 327680
130 1 8192 12288
129 1 765952 774144
130 1 20480 24576
913 1 290816 303104
925 1 475136 503808
256 1 159744 163840
361 1 630784 638976
130 1 32768 40960
130 2 57344 65536 65536 69632
130 1 102400 106496
130 1 73728 90112
16 1 475136 491520
544 1 147456 163840
567 1 712704 720896
568 1 393216 401408
172 2 192512 196608 196608 200704
192 1 417792 425984
743 1 757760 761856
726 1 688128 696320
665 1 458752 475136
743 1 774144 782336
535 1 466944 471040
867 1 147456 159744
493 1 12288 24576
636 1 360448 393216
617 2 94208 131072 131072 139264
636 2 442368 458752 458752 462848
590 1 360448 364544
628 1 614400 622592
102 1 458752 462848
354 1 0 8192
43 1 155648 159744
617 2 680448 720896 720896 786432
618 7 0 65536 65536 131072 131072 196608 196608 262144 262144 327680 327680 393216 393216 418304
51 1 344064 348160
102 1 462848 466944
862 1 61440 65536
55 1 135168 139264
585 1 290816 294912
102 1 466944 471040
663 7 377344 393216 393216 458752 458752 524288 524288 589824 589824 655360 655360 720896 720896 786432
664 2 0 65536 65536 115200
67 1 274432 278528
676 2 167936 196608 196608 217088
384 1 782336 786432
385 1 0 4096
385 1 4096 8192
48 1 286720 290816
48 1 274432 278528
160 1 527872 536064
490 2 389120 393216 393216 397312
922 1 393216 397312
245 2 323584 327680 327680 339968
922 1 417792 421888
490 1 393216 397312
922 1 458752 462848
89 1 188416 192512
626 2 61440 65536 65536 69632
603 1 73728 81920
245 1 335872 344064
158 2 520192 524288 524288 532480
465 1 228864 232960
465 2 183808 196608 196608 200192
870 2 32768 65536 65536 98304
465 1 126464 130560
465 1 97792 101888
465 1 163328 171520
465 1 409088 421376
465 1 118272 122368
465 1 278016 282112
465 1 208384 212480
465 1 134656 138752
465 1 11776 28160
465 1 48640 52736
464 1 724480 728576
464 1 777728 781824
464 1 704000 708096
464 1 646656 650752
465 1 105984 110080
465 1 32256 40448
393 1 393216 397312
668 1 655360 700416
219 1 478720 495104
668 1 700416 704512
617 3 446464 458752 458752 524288 524288 581632
493 1 36864 45056
236 1 40960 45056
283 1 180224 184320
686 1 12288 16384
920 1 331776 335872
991 1 221184 225280
464 1 761344 765440
464 1 691712 695808
464 1 601600 609792
464 1 638464 642560
464 1 626176 630272
464 1 548352 552448
464 1 507392 515584
464 2 589312 589824 589824 593408
464 1 531968 540160
464 1 421376 429568
464 1 306688 310784
464 1 200192 204288
464 1 564736 568832
464 1 519680 523776
464 2 384512 393216 393216 400896
464 1 314880 318976
464 1 364032 376320
464 1 245248 249344
464 1 212480 216576
464 1 175616 179712
566 2 630784 655360 655360 659456
566 1 659456 663552
792 1 282624 286720
601 1 327680 393216
766 4 0 65536 65536 131072 131072 196608 196608 262144
26 1 208896 209408
497 1 520192 524288
917 1 86016 102400
525 2 688640 720896 720896 786432
526 7 0 65536 65536 131072 131072 196608 196608 262144 262144 327680 327680 393216 393216 426496
565 1 614400 630784
525 9 164352 196608 196608 262144 262144 327680 327680 393216 393216 458752 458752 524288 524288 589824 589824 655360 655360 688640
155 1 36864 40960
528 1 225792 262144
535 1 532480 544768
294 1 413696 421888
294 1 466944 471040
50 1 151552 176128
50 1 176128 180224
232 1 282624 294912
50 1 344064 360448
620 1 565248 577536
542 1 253952 262144
97 1 28672 32768
534 1 278528 282624
542 1 323584 327680
542 1 286720 290816
703 1 401408 417792
79 1 311296 315392
489 1 741376 745472
806 1 675840 679936
317 1 167936 172032
922 1 106496 110592
581 1 565248 569344
366 1 4096 8192
711 1 221184 225280
746 1 782336 786432
826 1 479232 483328
827 1 212992 217088
711 1 233472 237568
542 1 270336 274432
542 1 270336 274432
307 1 356352 360448
75 1 278528 282624
740 1 389120 393216
984 1 163840 167936
107 1 507904 512000
106 1 753664 757760
803 1 86016 90112
984 1 167936 172032
228 1 422912 423424
160 1 417792 425984
278 1 720896 721408
228 1 423424 423936
194 1 278528 299008
424 1 745472 770048
424 1 770048 774144
194 1 299008 311296
339 1 761856 786432
340 1 0 40960
160 1 487424 491520
677 2 651264 655360 655360 692224
728 1 184320 192512
677 1 741376 761856
442 1 163840 172032
560 1 385024 389120
677 1 761856 765952
105 1 593408 594432
823 1 503808 516096
542 1 208896 212992
725 1 471040 483328
896 1 602112 610304
510 1 516096 520192
896 1 606208 610304
542 1 274432 278528
270 1 618496 638976
542 1 208896 212992
896 1 606208 610304
260 1 393216 397312
510 1 516096 520192
896 1 606208 610304
542 1 278528 282624
280 1 475136 479232
815 1 659456 663552
204 1 602112 606208
987 1 69632 77824
173 2 647168 655360 655360 679936
694 1 40960 61440
92 1 270336 274432
493 1 77824 81920
92 1 262144 266240
493 1 4096 8192
628 1 466944 469504
856 1 503808 507904
635 1 540672 543232
637 1 385024 389120
637 1 331776 344576
410 1 561152 569344
535 1 462848 466944
441 1 589824 598016
349 1 266240 270336
701 1 589824 606208
716 1 602112 614400
441 1 598016 602112
330 1 413696 414208
157 1 69632 81920
91 2 577536 589824 589824 614912
133 1 524288 577536
133 1 581632 589824
114 1 655360 720896
91 2 680448 720896 720896 786432
92 7 0 65536 65536 131072 131072 196608 196608 262144 262144 327680 327680 393216 393216 418304
448 1 327680 393216
496 1 540672 544768
92 3 418304 458752 458752 524288 524288 581632
97 6 393216 458752 458752 524288 524288 589824 589824 655360 655360 720896 720896 754176
99 1 0 20480
97 1 754176 786432
98 4 0 65536 65536 131072 131072 196608 196608 258048
98 5 258048 262144 262144 327680 327680 393216 393216 458752 458752 471552
99 4 32768 65536 65536 131072 131072 196608 196608 242176
98 5 471552 524288 524288 589824 589824 655360 655360 720896 720896 786432
99 1 360960 364544
104 2 131072 196608 196608 217088
99 3 242176 262144 262144 327680 327680 360960
542 1 225280 229376
383 1 430080 434176
166 2 102400 131072 131072 135168
535 1 532480 536576
0 1 421888 438272
922 1 401408 405504
121 1 761856 765952
641 2 585728 589824 589824 602112
385 1 585728 589824
922 1 466944 471040
565 1 671744 684032
565 1 630784 638976
624 1 462848 471040
628 1 565248 569344
192 1 401408 405504
464 1 105984 110080
463 1 695808 699904
464 1 134656 138752
465 1 376320 380416
465 1 351744 355840
463 1 777728 781824
463 1 769536 773632
465 1 359936 364032
465 1 425472 433664
465 2 388608 393216 393216 409088
465 1 454144 458240
465 1 437760 441856
465 1 445952 450048
465 1 495104 499200
44 2 392704 393216 393216 417280
870 1 98304 102400
463 1 548352 552448
463 1 593408 597504
114 1 176128 188416
750 3 131072 196608 196608 262144 262144 323584
815 1 659456 663552
815 1 651264 655360
337 1 630784 643072
146 1 569344 577536
420 1 155648 163840
573 2 630784 655360 655360 700416
573 9 106496 131072 131072 196608 196608 262144 262144 327680 327680 393216 393216 458752 458752 524288 524288 589824 589824 630784
235 1 229376 233472
420 1 163840 167936
900 1 720896 753664
671 1 651264 655360
675 1 339968 352256
672 1 65536 81920
675 1 413696 421888
542 1 204800 208896
526 6 426496 458752 458752 524288 524288 589824 589824 655360 655360 720896 720896 786432
527 3 0 65536 65536 131072 131072 164352
527 2 688640 720896 720896 786432
528 4 0 65536 65536 131072 131072 196608 196608 225792
420 1 172032 180224
650 1 401408 405504
528 7 287232 327680 327680 393216 393216 458752 458752 524288 524288 589824 589824 655360 655360 720896
922 1 487424 491520
623 1 164352 196608
542 1 200704 204800
542 1 270336 278528
527 9 164352 196608 196608 262144 262144 327680 327680 393216 393216 458752 458752 524288 524288 589824 589824 655360 655360 688640
542 1 270336 274432
282 1 675840 679424
233 1 16384 20480
905 1 659456 663552
542 1 323584 327680
667 1 434176 442368
282 1 675840 681472
791 3 458752 524288 524288 589824 589824 598016
56 1 167936 172032
542 2 258048 262144 262144 266240
790 8 196608 262144 262144 327680 327680 393216 393216 458752 458752 524288 524288 589824 589824 655360 655360 720896
817 1 12288 16384
542 1 204800 212992
905 1 655360 659456
195 1 225280 245760
334 1 269824 273920
464 1 81408 85504
463 1 732672 736768
44 1 486912 491008
464 1 204288 208384
464 1 241152 245248
464 1 404992 409088
464 1 744960 749056
465 1 44544 48640
464 1 249344 253440
464 1 433664 437760
464 1 753152 757248
464 2 720384 720896 720896 724480
464 1 781824 785920
465 1 146944 155136
465 1 265728 269824
465 1 114176 118272
465 1 310784 314880
465 1 282112 298496
465 1 441856 445952
83 1 212992 229376
884 1 782336 786432
885 1 0 28672
542 1 270336 274432
542 1 200704 204800
718 1 221184 233472
150 1 290816 294912
915 1 471040 475136
737 1 409600 413696
915 1 536576 544768
222 1 249856 253952
109 1 417792 421888
644 1 692224 695808
708 1 380928 385024
692 1 700416 704512
535 1 536576 548864
299 1 184320 188416
511 1 40960 43520
915 1 475136 479232
10 1 262144 266240
425 1 475136 507904
425 1 507904 512000
172 2 619520 655360 655360 685056
143 1 299008 311296
219 1 548352 581120
632 3 286720 327680 327680 393216 393216 417792
17 1 81920 90112
976 2 704000 720896 720896 724480
976 1 699904 704000
492 2 708608 720896 720896 786432
493 1 0 53248
827 3 552960 589824 589824 655360 655360 684032
976 1 724480 728576
590 1 143360 176128
615 2 258048 262144 262144 307200
80 1 0 8192
451 1 45056 53248
124 1 761856 765952
896 1 581632 585728
752 1 397312 401408
659 1 745472 749568
659 1 737280 741376
450 1 516096 520192
541 1 491520 495616
130 2 118784 131072 131072 135168
132 1 86016 90112
130 1 49152 53248
132 1 65536 69632
130 1 94208 98304
132 1 40960 45056
878 1 8192 12288
132 1 49152 57344
369 1 237568 249856
132 1 102400 106496
671 1 200704 229376
35 1 217088 229376
598 1 614400 618496
896 1 606208 610304
190 1 675840 679936
45 1 430080 434176
808 1 114688 115712
396 1 249856 253952
111 1 208896 212992
564 1 319488 323584
5 1 184320 188416
727 1 348160 356352
301 1 229376 232448
35 1 233472 241664
665 1 12288 16384
523 1 696320 700416
573 1 458752 461824
564 2 237568 262144 262144 315392
542 1 212992 217088
896 1 606208 618496
443 1 65536 69632
55 1 528384 532480
55 1 135168 139264
436 6 393728 458752 458752 524288 524288 589824 589824 655360 655360 720896 720896 786432
437 2 0 65536 65536 66048
618 6 418304 458752 458752 524288 524288 589824 589824 655360 655360 720896 720896 786432
619 2 0 65536 65536 90624
43 1 376832 380928
55 1 532480 536576
664 1 115200 131072
744 1 339968 344064
744 1 344064 348160
542 1 319488 323584
695 1 262144 266240
542 1 262144 266240
695 1 266240 270336
369 1 778240 782336
695 1 270336 274432
695 1 274432 278528
542 1 319488 327680
695 1 278528 282624
695 1 282624 286720
414 1 737280 757760
474 1 319488 327680
695 1 286720 290816
542 1 266240 270336
695 1 290816 294912
567 1 352256 354816
457 1 507904 512000
457 1 524288 536576
781 1 688128 696320
924 1 135168 139264
397 1 73728 77824
413 1 0 20480
788 1 593920 598016
465 1 470528 474624
465 1 273920 278016
474 1 728576 732672
465 1 630272 634368
465 2 318976 327680 327680 347648
465 1 511488 515584
580 1 138752 142848
463 1 744960 749056
474 1 740864 744960
464 1 658944 663040
464 1 630272 634368
464 1 740864 744960
464 1 749056 753152
465 1 7680 11776
465 1 155136 159232
465 1 69120 73216
465 1 216576 220672
465 1 85504 89600
465 1 466432 470528
465 1 314880 318976
620 1 749568 753664
741 1 249856 253952
177 1 471040 483328
143 1 167936 172032
118 1 290816 294912
96 1 446464 450560
96 1 512000 520192
945 1 733184 734208
465 2 523776 524288 524288 531968
465 1 499200 503296
465 1 224768 228864
465 1 269824 273920
465 1 482816 495104
465 1 544256 552448
465 2 585216 589824 589824 593408
465 1 626176 630272
465 1 564736 581120
465 1 601600 605696
465 1 634368 638464
465 1 617984 622080
466 1 118272 122368
466 1 126464 130560
467 1 486912 495104
467 1 474624 482816
465 1 642560 650752
466 1 138752 142848
467 1 519680 523776
467 1 499200 511488
539 1 765952 770048
908 1 253952 258048
328 1 0 4096
454 1 356352 360448
542 1 323584 327680
498 1 675840 679936
539 1 753664 757760
498 1 684032 688128
404 1 454656 458752
152 1 188416 192512
394 1 348672 351744
716 1 614400 618496
59 1 503808 507904
685 9 90624 131072 131072 196608 196608 262144 262144 327680 327680 393216 393216 458752 458752 524288 524288 589824 589824 614912
716 1 622592 634880
624 1 471040 475136
135 2 385024 393216 393216 394240
628 1 561152 565248
220 1 749568 765952
385 2 585728 589824 589824 598016
624 1 475136 487424
315 1 106496 110592
981 1 552960 573440
643 1 630784 632832
912 1 12288 15360
11 1 483328 487424
11 1 417792 420352
657 1 610304 614400
808 1 278528 283648
981 1 593920 598016
856 1 237568 238592
229 1 53248 65536
790 1 720896 786432
791 7 0 65536 65536 131072 131072 196608 196608 262144 262144 327680 327680 393216 393216 458752
911 1 589824 590848
535 1 548864 561152
233 1 16384 20480
644 1 53248 53760
797 1 217088 221184
948 1 630784 647168
797 1 229376 233472
979 1 536576 540672
858 3 344064 393216 393216 458752 458752 475136
27 1 376320 388608
448 1 131072 135168
446 1 24576 28672
446 1 757760 761856
448 1 94208 98304
925 2 516096 524288 524288 561152
918 1 262144 266240
64 1 417792 421888
918 1 253952 258048
153 1 16384 36864
175 1 770048 778240
726 1 258048 262144
740 1 176128 184320
201 1 237568 241664
929 1 90112 94208
634 1 573440 577536
95 7 364544 393216 393216 458752 458752 524288 524288 589824 589824 655360 655360 720896 720896 786432
96 1 0 36864
914 1 98304 102400
535 1 573440 577536
238 1 577536 581632
917 1 581632 589824
248 1 491520 495616
255 1 430080 434176
96 1 102400 131072
535 1 507904 516096
111 1 376832 380928
369 1 180224 184320
111 1 688128 692224
132 1 94208 98304
878 1 16384 20480
123 1 315392 319488
111 1 479232 483328
150 1 442368 446464
728 2 446464 458752 458752 479232
111 1 471040 475136
111 1 712704 716800
361 1 638976 643072
40 1 712704 716800
601 2 458752 524288 524288 589824
601 2 655360 720896 720896 786432
751 7 0 65536 65536 131072 131072 196608 196608 262144 262144 327680 327680 393216 393216 458752
300 1 196608 262144
750 1 720896 786432
666 1 720896 729088
554 1 245760 249856
542 1 204800 208896
707 1 499712 516096
105 1 675840 679936
366 1 102400 106496
542 1 270336 282624
26 1 593920 598016
406 1 368640 376832
406 1 376832 380928
707 1 516096 524288
708 1 0 12288
542 1 212992 221184
535 1 466944 479232
930 1 163840 167936
464 1 572928 577024
467 1 560640 572928
464 1 544256 548352
467 2 695808 720896 720896 765440
464 1 441856 445952
464 1 265728 269824
468 1 142848 151040
463 1 749056 753152
464 1 527872 531968
464 1 294400 298496
464 1 286208 290304
467 3 577024 589824 589824 655360 655360 691712
468 1 179712 187904
468 1 433664 437760
468 1 85504 93696
468 2 257536 262144 262144 265728
468 2 355840 393216 393216 421376
468 2 441856 458752 458752 511488
468 2 523776 524288 524288 536064
468 1 515584 519680
282 1 679936 683008
650 1 770048 774144
801 1 720896 729088
0 1 208896 212992
947 1 278528 282624
657 1 479232 480256
839 1 688128 690688
479 1 393216 397312
91 1 217088 221184
722 1 393216 397312
12 1 114688 116224
953 1 446464 450048
657 1 94208 94720
656 1 466944 469504
949 1 290816 294912
981 3 421888 458752 458752 524288 524288 552960
542 1 270336 274432
667 1 438272 442368
574 1 524288 528384
948 2 647168 655360 655360 679936
116 1 614400 618496
42 1 782336 786432
800 1 692224 700416
845 1 503808 507904
182 1 40960 43520
665 1 49152 65536
930 1 20480 24576
727 1 708608 712704
510 1 516096 520192
738 1 733184 737280
184 1 32768 36864
896 1 610304 614400
423 1 450560 458752
669 1 65536 69632
542 1 278528 282624
896 1 610304 614400
707 1 360448 372736
757 1 552960 557056
71 1 593920 614400
837 1 679936 716800
585 1 233472 237568
302 1 114688 118784
354 1 8192 12288
102 1 471040 475136
218 3 557056 589824 589824 655360 655360 709120
781 1 53248 61440
542 1 258048 262144
855 1 61440 65536
534 1 278528 282624
168 2 241152 262144 262144 270336
542 1 323584 327680
975 1 466944 475136
425 1 598016 606208
468 1 593408 605696
468 1 552448 577024
468 1 609792 613888
468 1 581120 585216
468 1 675328 708096
468 1 740864 744960
468 2 617984 655360 655360 658944
474 1 531968 536064
474 1 568832 577024
474 2 458240 458752 458752 470528
474 1 339456 384512
474 2 388608 393216 393216 454144
474 1 540160 560640
474 1 474624 478720
474 1 499200 511488
474 1 667136 671232
474 2 581120 589824 589824 622080
474 1 704000 708096
474 1 773632 777728
474 1 626176 642560
195 1 200704 212992
194 1 356352 364544
143 1 172032 176128
979 1 569344 573440
61 1 77824 81920
205 1 745472 749568
210 1 184320 188416
61 1 53248 57344
778 1 467456 471040
778 3 373248 393216 393216 458752 458752 467456
535 1 593920 598016
782 3 622592 655360 655360 720896 720896 786432
783 1 0 4608
782 5 360448 393216 393216 458752 458752 524288 524288 589824 589824 618496
672 1 458752 462848
669 1 356352 360448
753 1 405504 413696
664 1 4096 8192
107 1 81920 118784
107 1 118784 122880
535 1 528384 532480
775 1 155648 159744
973 5 463360 524288 524288 589824 589824 655360 655360 720896 720896 786432
974 4 0 65536 65536 131072 131072 196608 196608 201216
703 1 651264 655360
535 1 593920 598016
783 9 4608 65536 65536 131072 131072 196608 196608 262144 262144 327680 327680 393216 393216 458752 458752 524288 524288 528896
367 1 352256 356352
939 1 274432 278528
974 9 201216 262144 262144 327680 327680 393216 393216 458752 458752 524288 524288 589824 589824 655360 655360 720896 720896 725504
551 1 98304 102400
551 1 86016 90112
698 1 507904 516096
922 1 483328 487424
158 2 557056 589824 589824 622592
212 1 696320 700416
445 1 471040 507904
346 1 176128 178688
490 1 393216 397312
158 1 622592 626688
440 1 737280 765952
922 1 393216 397312
905 1 86016 88576
490 1 393216 397312
245 1 339968 344064
922 1 458752 462848
922 1 417792 421888
118 1 90112 98304
751 1 262144 266240
507 2 376832 393216 393216 430080
752 1 528384 536576
424 1 77824 86016
513 2 90112 131072 131072 172032
424 1 86016 90112
625 1 675840 684032
839 1 339968 344064
625 1 524288 540672
477 1 282624 294912
124 2 311296 327680 327680 331776
172 1 200704 204800
544 1 163840 172032
544 1 368640 380928
568 1 401408 421888
597 1 339968 352256
420 1 180224 184320
908 1 143360 155648
352 1 356352 364544
497 1 16384 20480
352 1 364544 368640
665 1 475136 495616
497 1 16384 20480
535 1 532480 536576
497 1 16384 20480
837 1 585728 589824
538 1 446464 454656
891 1 192512 196608
531 1 753664 761856
644 1 716800 720896
124 1 299008 311296
40 1 724992 729088
644 1 724992 729088
40 1 696320 708608
40 1 733184 737280
644 1 733184 737280
315 3 311296 327680 327680 393216 393216 397312
315 4 401408 458752 458752 524288 524288 589824 589824 614400
542 1 200704 204800
64 1 512000 516096
740 1 389120 393216
64 1 446464 454656
535 1 544768 548864
572 1 520192 524288
740 1 389120 393216
909 1 65536 73728
64 1 516096 520192
900 1 663552 667648
740 1 389120 393216
665 1 593920 614400
900 2 548864 589824 589824 598016
535 1 479232 487424
64 1 450560 454656
900 1 667648 671744
64 1 516096 520192
475 1 89600 105984
474 1 744960 761344
475 1 40448 48640
474 2 716288 720896 720896 728576
474 1 781824 786432
475 1 0 28160
475 1 110080 114176
475 1 146944 155136
475 1 208384 216576
475 1 269824 282112
475 1 347648 355840
475 1 122368 130560
