964 1 286720 294912
707 1 4096 16384
822 1 544768 548864
401 1 49152 57344
641 1 466944 471040
745 1 352256 356352
439 9 82432 131072 131072 196608 196608 262144 262144 327680 327680 393216 393216 458752 458752 524288 524288 589824 589824 606720
491 1 159744 176128
231 1 16384 24576
673 1 225280 233472
65 1 385024 389120
642 1 466944 471040
642 1 540672 544768
704 9 77824 131072 131072 196608 196608 262144 262144 327680 327680 393216 393216 458752 458752 524288 524288 589824 589824 602112
707 1 106496 110592
983 1 192512 196608
929 1 372736 376320
267 1 221184 225280
151 1 311296 315392
45 1 471040 483328
302 1 528384 532480
267 1 163840 167936
707 1 81920 98304
512 1 479232 483328
792 1 294912 299008
737 2 565248 589824 589824 630784
707 1 28672 36864
792 1 376832 380928
588 1 61440 65536
871 1 155648 163840
871 1 163840 167936
748 1 303104 303616
16 1 425984 430080
651 1 135168 139264
454 1 446464 454656
806 1 233472 234496
872 1 628736 641536
367 1 282624 286720
14 9 82432 131072 131072 196608 196608 262144 262144 327680 327680 393216 393216 458752 458752 524288 524288 589824 589824 606720
454 1 454656 458752
279 1 651264 655360
220 1 208896 233472
806 1 234496 235008
651 1 139264 151552
536 1 450560 458752
371 1 0 65536
292 1 647168 655360
835 1 258048 262144
296 1 61440 65536
295 1 319488 327680
294 1 548864 561152
296 1 237568 241664
294 1 614400 618496
294 2 176128 196608 196608 212992
296 1 327680 331776
783 1 159744 167936
783 1 151552 155648
295 1 352256 356352
294 1 73728 77824
783 1 172032 180224
292 1 69632 73728
710 1 323584 327680
710 1 327680 348160
482 1 425984 430080
295 1 528384 532480
603 1 0 4096
70 1 385024 390144
299 1 593920 597504
980 1 573440 577536
707 1 118784 122880
613 1 294912 299008
117 1 12288 16384
765 1 110592 131072
765 1 131072 135168
684 1 294912 299008
481 1 618496 626688
481 1 626688 630784
684 1 294912 299008
481 1 630784 638976
456 1 143360 147456
481 1 638976 643072
456 1 208896 212992
684 1 294912 299008
456 1 143360 147456
481 1 643072 651264
949 1 196608 217088
642 1 466944 475136
804 2 253952 262144 262144 282624
471 1 94208 102400
36 1 471040 475136
703 1 122368 126464
557 1 65536 126976
232 1 638976 655360
233 5 0 65536 65536 131072 131072 196608 196608 262144 262144 319488
388 1 335872 339968
115 1 180224 184320
555 4 368640 393216 393216 458752 458752 524288 524288 577536
280 1 90112 94208
806 1 368640 393216
993 1 458752 516096
541 1 36864 45056
280 1 94208 102400
260 2 364544 393216 393216 418304
494 1 536576 544768
259 2 545280 589824 589824 655360
260 6 0 65536 65536 131072 131072 196608 196608 262144 262144 327680 327680 360448
158 1 208384 215040
494 1 544768 548864
260 4 418304 458752 458752 524288 524288 589824 589824 655360
261 5 0 65536 65536 131072 131072 196608 196608 262144 262144 287232
846 1 315392 319488
294 1 364544 368640
295 1 339968 344064
782 1 606208 610304
294 1 339968 344064
296 1 12288 24576
784 1 278528 286720
293 1 4096 53248
835 1 315392 323584
781 1 548864 552960
295 1 651264 655360
294 1 102400 114688
781 1 172032 176128
296 1 77824 81920
293 1 167936 172032
783 1 143360 147456
710 1 348160 352256
294 1 577536 581632
293 1 303104 307200
293 1 188416 196608
293 1 442368 458752
177 6 294912 327680 327680 393216 393216 458752 458752 524288 524288 589824 589824 655360
178 3 0 65536 65536 131072 131072 163840
500 1 475136 479232
642 1 536576 540672
730 1 131072 135168
85 2 258048 262144 262144 266240
581 1 212992 221184
480 1 225280 229376
14 1 20480 24576
147 1 274432 278528
417 1 188416 192512
85 1 266240 270336
147 1 286720 290816
119 1 98304 102400
521 2 192512 196608 196608 200704
717 1 561152 565248
369 1 634880 638976
521 1 200704 204800
137 1 466944 479232
717 1 630784 634880
73 1 524288 565248
892 1 266240 278528
8 1 90112 98304
918 1 614400 634880
285 1 274432 278528
987 1 49152 65536
642 1 466944 471040
285 1 520192 524288
65 1 503808 516096
302 1 589824 655360
303 7 0 65536 65536 131072 131072 196608 196608 262144 262144 327680 327680 393216 393216 458752
355 1 241152 245248
304 5 327680 393216 393216 458752 458752 524288 524288 589824 589824 655360
305 3 0 65536 65536 131072 131072 196608
305 7 196608 262144 262144 327680 327680 393216 393216 458752 458752 524288 524288 589824 589824 655360
306 1 0 65536
302 8 65536 131072 131072 196608 196608 262144 262144 327680 327680 393216 393216 458752 458752 524288 524288 589824
324 1 0 8192
483 1 331776 335872
552 1 536576 540672
371 1 458752 524288
92 1 172032 176128
123 1 290816 294912
124 1 475136 479232
125 1 598016 602112
549 1 380928 385024
169 1 221184 225280
893 1 45056 49152
893 1 57344 61440
837 1 192512 196608
893 1 188416 192512
217 1 409600 413696
578 1 233472 241664
425 1 471040 475136
447 1 495616 499712
707 1 77824 81920
578 1 241664 245760
642 1 499712 503808
217 1 500224 501760
895 1 466944 475136
466 1 155648 159744
466 1 352256 356352
466 1 528384 532480
466 1 618496 622592
466 1 630784 634880
467 1 12288 16384
467 1 32768 36864
467 1 40960 45056
467 1 401408 405504
467 1 413696 417792
467 1 524288 528384
467 1 483328 487424
468 1 32768 36864
467 1 499712 503808
468 1 40960 45056
468 1 65536 69632
468 1 458752 466944
468 1 212992 217088
468 1 610304 614400
527 2 258048 262144 262144 266240
511 1 40960 45056
600 1 606208 610304
599 1 159744 163840
214 1 278528 286720
302 1 200704 204800
732 1 557056 558592
642 1 462848 466944
896 1 0 4096
642 1 475136 483328
602 1 294912 299008
527 1 266240 270336
872 1 641536 643072
554 1 606208 610304
932 1 524288 557056
806 1 235008 235520
579 1 163840 172032
651 1 151552 155648
872 1 643072 645120
708 1 233472 245760
806 1 235520 236544
579 1 172032 176128
548 2 577024 589824 589824 655360
549 1 0 60928
423 2 192512 196608 196608 205312
549 1 60928 65024
549 2 65024 65536 65536 69120
423 1 205312 258048
424 2 389120 393216 393216 454656
549 1 69120 73216
549 1 73216 105984
425 2 454656 458752 458752 520192
549 1 105984 110080
663 1 573440 589824
663 2 520192 524288 524288 569344
946 2 450560 458752 458752 516096
873 1 638976 642560
642 1 479232 495616
161 1 24576 28672
397 1 434176 438272
37 1 114688 118784
399 1 286720 290816
399 1 385024 389120
36 1 417792 421888
394 1 483328 487424
393 1 4096 8192
391 1 471040 475136
397 1 450560 454656
396 1 606208 610304
390 1 32768 36864
394 1 442368 450560
398 1 266240 270336
89 1 94208 98304
398 1 573440 577536
389 1 544768 548864
399 1 319488 323584
397 1 581632 585728
720 1 397312 405504
707 1 98304 102400
767 1 393216 397312
416 2 450560 458752 458752 462848
139 1 81920 86016
441 1 512000 516096
803 2 245760 262144 262144 270336
443 1 221184 241664
465 1 581632 589824
798 4 78336 131072 131072 196608 196608 262144 262144 274432
443 1 262144 286720
227 2 360448 393216 393216 425984
690 1 155648 180224
194 1 397312 409600
487 1 622592 655360
488 1 0 32768
798 5 278528 327680 327680 393216 393216 458752 458752 524288 524288 541184
899 2 61440 65536 65536 106496
254 1 339968 360448
361 1 184320 196608
366 2 299008 327680 327680 339968
368 2 544768 589824 589824 610304
468 1 548864 552960
468 1 442368 446464
468 1 528384 536576
468 1 630784 634880
468 1 647168 651264
469 1 94208 98304
469 1 249856 253952
469 1 417792 421888
469 1 241664 245760
469 1 385024 389120
469 1 159744 163840
469 1 356352 360448
469 1 475136 479232
469 1 614400 618496
469 1 630784 634880
469 1 540672 544768
469 1 638976 643072
470 1 4096 8192
470 1 69632 73728
470 1 192512 196608
514 1 327680 331776
294 1 638976 643072
295 1 28672 36864
314 1 200704 204800
295 1 401408 405504
529 1 442368 446464
295 1 618496 626688
517 1 540672 544768
517 1 438272 442368
480 1 372736 376832
530 1 229376 233472
480 1 299008 303104
685 1 364544 368640
177 1 114688 122880
577 1 483328 487424
531 1 40960 45056
728 1 286720 290816
728 1 577536 581632
729 1 36864 40960
728 1 520192 524288
323 1 565248 569344
153 1 229376 230912
0 1 479232 483328
122 1 184320 188416
206 1 573440 581632
567 1 118784 122880
655 1 413696 417792
306 1 589824 655360
307 5 0 65536 65536 131072 131072 196608 196608 262144 262144 327680
988 1 65536 69632
655 1 565248 569344
478 1 311296 319488
442 1 323584 327680
430 1 471040 475136
206 1 651264 655360
207 1 0 4096
452 1 61440 65536
655 1 262144 266240
10 1 405504 409600
0 1 462848 466944
660 1 614400 618496
47 1 602112 606208
748 1 385024 389120
748 1 335872 339968
126 1 110592 131072
415 1 212992 221184
566 1 376832 385024
20 1 24576 28672
415 1 221184 225280
566 1 385024 389120
167 1 627200 655360
168 8 0 65536 65536 131072 131072 196608 196608 262144 262144 327680 327680 393216 393216 458752 458752 496128
849 1 273920 327680
576 1 405504 409600
19 1 618496 622592
414 1 544768 548864
650 1 466944 471040
32 1 65536 69632
168 3 496128 524288 524288 589824 589824 655360
169 6 0 65536 65536 131072 131072 196608 196608 262144 262144 327680 327680 365056
805 1 335872 352256
54 1 110592 131072
704 1 602112 655360
705 4 0 65536 65536 131072 131072 196608 196608 212992
632 1 131072 135168
705 5 212992 262144 262144 327680 327680 393216 393216 458752 458752 471040
861 1 81920 86016
988 1 585728 589824
536 1 458752 462848
372 1 393216 458752
695 1 339968 348160
983 1 4096 8192
478 1 630784 634880
117 1 438272 454656
687 1 4096 8192
979 1 0 4096
707 1 12288 20480
754 1 630784 651264
167 1 167936 172032
707 1 53248 57344
775 1 569344 577536
136 1 69632 90112
439 1 606720 655360
440 8 0 65536 65536 131072 131072 196608 196608 262144 262144 327680 327680 393216 393216 458752 458752 475648
575 1 499712 507904
303 3 458752 524288 524288 589824 589824 655360
304 5 0 65536 65536 131072 131072 196608 196608 262144 262144 327680
664 1 606208 610304
355 1 245248 249344
30 1 81920 86016
989 1 172032 176128
664 1 454656 458752
30 1 49152 53248
241 1 438272 442368
30 1 98304 102400
661 1 126976 131072
665 1 102400 106496
349 1 602112 606208
30 1 65536 69632
30 1 118784 122880
306 8 65536 131072 131072 196608 196608 262144 262144 327680 327680 393216 393216 458752 458752 524288 524288 589824
664 1 372736 376832
35 1 176128 180224
35 1 24576 28672
34 1 528384 532480
37 1 94208 98304
742 1 339968 348160
673 1 143360 159744
650 1 532480 540672
642 1 471040 483328
678 1 614400 634880
707 1 40960 45056
717 1 634880 638976
138 2 57344 65536 65536 77824
591 1 405504 413696
200 1 237568 241664
707 1 106496 110592
767 1 147456 172032
383 1 45056 49152
601 1 577536 585728
485 1 532480 536576
642 1 471040 475136
446 1 49152 53248
445 1 614400 626688
650 1 479232 487424
988 1 147456 151552
601 1 569344 573440
462 1 57344 61440
893 1 176128 180224
893 1 221184 225280
893 1 208896 212992
819 1 139264 143360
138 1 348160 352256
471 1 290816 294912
504 1 155648 159744
511 1 102400 106496
504 1 106496 114688
48 1 159744 163840
511 1 385024 393216
514 1 0 4096
115 1 262144 266240
537 1 249856 253952
537 1 262144 266240
324 1 135168 139264
324 1 122880 126976
451 1 106496 110592
932 1 557056 561152
550 2 389120 393216 393216 397312
803 1 651264 655360
14 1 606720 655360
15 4 0 65536 65536 131072 131072 196608 196608 212992
806 1 236544 237056
651 1 290816 303104
518 1 471040 475136
15 5 217088 262144 262144 327680 327680 393216 393216 458752 458752 479744
550 1 397312 401408
872 1 645120 655360
873 1 0 51200
805 1 0 12288
175 1 557056 561152
220 1 208896 212992
780 7 53760 65536 65536 131072 131072 196608 196608 262144 262144 327680 327680 393216 393216 425984
831 1 327680 393216
934 3 507904 524288 524288 589824 589824 594432
642 1 483328 491520
334 1 188416 192512
934 1 594432 655360
935 3 0 65536 65536 131072 131072 180224
642 1 552960 557056
937 1 647168 655360
938 2 0 65536 65536 78336
937 4 450560 458752 458752 524288 524288 589824 589824 647168
642 1 487424 491520
693 1 421376 425472
334 1 188416 192512
687 1 0 4096
700 1 442368 446464
713 1 651264 655360
337 2 122880 131072 131072 139264
216 1 8192 28672
103 2 126976 131072 131072 135168
860 1 569344 589824
642 1 217088 225280
451 1 356352 360448
453 1 503808 507904
451 1 331776 335872
68 1 77824 81920
101 1 528384 532480
759 1 147456 155648
20 1 442368 446464
524 1 229376 233472
74 1 200704 237568
527 1 593920 598016
729 1 245760 249856
882 1 454656 458752
888 1 86016 94208
79 1 196608 200704
877 1 94208 98304
866 1 462848 466944
883 1 618496 622592
535 1 61440 65536
865 1 450560 454656
877 1 483328 487424
884 1 0 4096
872 1 466944 471040
710 1 352256 360448
984 1 221184 225280
536 1 12288 16384
535 1 229376 233472
290 1 159744 163840
274 1 98304 106496
27 2 282624 327680 327680 360448
274 1 106496 110592
240 1 409600 421888
876 1 45056 49152
876 1 45056 53248
188 1 221184 241664
876 1 49152 53248
876 1 49152 53248
642 1 462848 466944
215 1 360448 372736
50 1 81920 86016
342 1 651264 655360
813 1 364544 368640
39 1 421888 425984
813 1 434176 438272
485 1 20480 40960
485 1 40960 45056
50 1 81920 94208
50 1 90112 94208
554 1 69632 102400
50 1 90112 102400
50 1 98304 102400
50 1 98304 106496
39 1 348160 352256
41 1 430080 434176
39 1 499712 503808
40 1 286720 290816
320 1 155648 159744
39 1 196608 200704
318 1 622592 626688
42 1 229376 233472
321 1 163840 167936
326 1 581632 585728
422 1 36864 40960
325 1 552960 557056
355 1 249344 253440
321 1 614400 618496
568 1 503808 507904
452 1 589824 606208
425 1 471040 475136
217 1 501248 502272
554 1 36864 40960
414 1 307200 315392
642 1 536576 540672
695 1 389120 393216
356 1 421888 423936
702 1 225280 233472
841 1 466944 468992
673 1 360448 372736
720 1 126976 131072
479 1 167936 172032
531 1 356352 360448
875 1 331776 344064
407 1 114688 118784
506 1 151552 159744
59 2 421888 458752 458752 512000
59 1 512000 516096
650 1 466944 471040
804 1 258048 262144
805 1 0 16384
280 1 102400 106496
807 1 315392 319488
521 1 626688 634880
541 1 45056 49152
927 1 315392 319488
640 1 417792 421888
342 1 8192 16384
478 1 634880 655360
479 2 0 65536 65536 77824
640 1 425984 430080
479 1 77824 81920
452 1 311296 315392
651 1 303104 307200
651 1 405504 409600
40 1 532480 536576
650 1 466944 471040
899 1 552960 557056
258 1 561152 565248
998 1 98304 102400
873 2 51200 65536 65536 86016
140 1 151552 155648
103 1 540672 548864
56 1 544768 548864
925 1 122880 126976
72 1 413696 417792
567 1 249856 253952
394 1 405504 409600
141 1 172032 176128
394 1 385024 389120
297 1 135168 139264
564 1 131072 135168
549 1 106496 110592
835 1 360448 364544
293 1 593920 598016
548 1 638976 643072
293 1 610304 614400
295 1 425984 430080
293 1 524288 528384
295 1 593920 598016
295 1 643072 647168
293 1 634880 643072
549 1 245760 249856
549 1 540672 544768
991 1 561152 565248
549 1 118784 122880
691 1 90112 94208
767 1 131072 139264
419 1 528384 532480
296 1 192512 196608
470 1 155648 159744
470 1 221184 225280
470 1 372736 376832
470 1 421888 425984
470 1 544768 548864
470 1 245760 253952
470 1 458752 462848
470 1 507904 512000
470 1 610304 614400
164 2 315392 327680 327680 348160
471 1 163840 167936
471 1 258048 262144
471 1 176128 180224
470 1 622592 626688
471 1 299008 303104
471 1 204800 208896
471 2 323584 327680 327680 331776
471 1 311296 315392
471 1 417792 421888
471 1 389120 393216
447 1 610304 610816
523 1 344064 385024
552 2 368640 393216 393216 402432
373 1 131072 196608
519 1 147968 148480
677 1 401408 405504
801 1 24576 28672
231 1 180224 196608
642 1 544768 548864
892 1 536576 552960
231 2 126976 131072 131072 176128
893 1 147456 180224
575 1 507904 512000
440 2 475648 524288 524288 569344
281 1 360448 368640
252 1 163840 172032
136 1 90112 102400
796 1 266240 270336
796 1 266240 270336
947 1 192512 196608
947 1 24576 32768
946 1 602112 622592
261 6 287232 327680 327680 393216 393216 458752 458752 524288 524288 589824 589824 655360
262 3 0 65536 65536 131072 131072 156160
876 1 49152 61440
682 1 315392 327680
751 1 114688 118784
222 1 249856 253952
717 1 638976 655360
718 1 0 16384
427 1 606208 610304
975 1 643072 647168
296 1 651264 655360
992 1 278528 282624
296 1 503808 507904
293 1 397312 401408
293 1 77824 81920
782 1 405504 413696
296 1 524288 528384
782 1 598016 602112
879 1 401408 405504
487 1 356352 360448
487 1 507904 512000
293 1 548864 552960
880 1 176128 180224
249 1 442368 446464
295 1 196608 200704
488 1 4096 8192
819 1 245760 249856
250 1 544768 548864
294 1 139264 143360
988 1 8192 8704
98 1 565248 581632
592 1 527872 531968
988 1 8704 13824
64 1 417792 421888
988 1 13824 16384
167 1 167936 172032
85 1 614400 622592
707 1 118784 126976
699 1 16384 20480
812 1 126976 131072
153 1 593920 595456
707 1 81920 86016
696 1 393216 417792
471 1 409600 413696
471 1 466944 475136
471 1 487424 491520
471 1 479232 483328
471 1 536576 540672
471 1 589824 593920
472 1 249856 253952
472 1 8192 12288
472 1 495616 499712
472 1 352256 360448
472 1 532480 536576
482 1 176128 180224
472 1 229376 233472
472 1 368640 372736
482 1 610304 622592
482 1 598016 602112
483 1 28672 32768
482 1 626688 630784
483 1 20480 24576
26 1 221184 225280
132 1 196608 212992
26 1 155648 167936
945 1 81920 86016
798 1 524288 540672
171 1 561152 565248
642 1 466944 479232
151 1 364544 368640
171 1 565248 569344
218 1 90112 92672
171 1 561152 565248
151 1 364544 368640
132 1 212992 233472
26 1 229376 237568
171 1 565248 569344
229 1 446464 450560
101 1 561152 569344
102 1 200704 204800
102 1 208896 212992
59 1 167936 172032
454 1 495616 500224
192 1 417792 430080
102 1 462848 466944
642 1 544768 557056
102 1 233472 241664
219 1 413696 450560
497 1 495616 524288
497 1 589824 643072
54 1 102400 104448
738 1 114688 115712
172 1 393216 397312
863 7 65536 131072 131072 196608 196608 262144 262144 327680 327680 393216 393216 458752 458752 520192
572 1 413696 417792
492 2 516096 524288 524288 540672
446 2 53248 65536 65536 118784
98 2 61440 65536 65536 122880
192 1 548864 552960
798 1 606720 655360
799 1 0 32768
947 1 618496 626688
192 1 544768 548864
898 1 565248 569344
799 1 557056 585728
277 2 389120 393216 393216 405504
30 2 45056 65536 65536 86016
756 2 425984 458752 458752 479232
757 2 172032 196608 196608 221184
397 2 417792 458752 458752 483328
277 6 61440 65536 65536 131072 131072 196608 196608 262144 262144 327680 327680 385024
803 1 204800 217088
799 7 32768 65536 65536 131072 131072 196608 196608 262144 262144 327680 327680 393216 393216 446976
481 1 188416 192512
865 2 81920 131072 131072 163840
488 1 274432 282624
27 1 360448 364544
92 6 270336 327680 327680 393216 393216 458752 458752 524288 524288 589824 589824 655360
93 2 0 65536 65536 131072
507 1 286720 294912
591 1 651264 655360
593 1 196608 200704
592 3 65536 131072 131072 196608 196608 217088
59 1 286720 290816
661 1 499712 503808
592 2 503808 524288 524288 565248
669 2 258048 262144 262144 278528
144 1 552960 557056
473 1 110592 114688
464 1 614400 622592
642 1 536576 540672
650 1 548864 552960
953 1 139264 143360
911 1 606208 614400
397 1 139264 143360
246 1 643072 647168
288 1 286720 290816
650 1 483328 487424
460 1 225280 229376
513 1 184320 188416
462 1 217088 221184
462 1 57344 61440
481 1 651264 655360
653 1 0 4096
655 1 118784 122880
456 1 208896 212992
168 3 434176 458752 458752 524288 524288 581632
684 1 294912 299008
482 1 0 8192
456 1 143360 155648
482 1 8192 12288
684 1 294912 299008
590 1 544768 552960
707 1 12288 16384
687 1 4096 8192
414 1 315392 319488
799 1 516096 524288
857 1 233472 235520
987 1 516096 520192
186 1 573440 581632
64 1 57344 60928
642 1 532480 548864
949 2 520192 524288 524288 585728
549 2 110080 131072 131072 134656
8 2 229376 262144 262144 294912
549 1 134656 138752
12 2 102400 131072 131072 167936
60 1 507904 512000
681 1 266240 286720
13 1 495616 508416
650 1 466944 475136
13 2 508416 524288 524288 561152
635 1 528384 561152
20 2 172032 196608 196608 237568
650 1 466944 471040
322 2 32768 65536 65536 98304
262 1 156160 184320
932 1 561152 569344
723 1 278528 282624
394 1 413696 417792
64 1 462848 475136
650 1 466944 471040
707 1 524288 528384
445 1 233472 241664
394 1 425984 434176
163 1 327680 331776
484 1 327680 331776
873 1 86016 90112
130 1 475136 479232
394 1 438272 442368
445 1 356352 360448
130 1 143360 147456
909 1 94208 98304
91 1 307200 311296
266 1 491520 495616
43 1 131072 135168
596 1 397312 405504
296 1 69632 73728
296 1 561152 565248
296 1 393216 397312
296 1 638976 643072
296 1 425984 458752
264 1 630784 634880
250 1 561152 565248
516 1 151552 159744
263 1 589824 602112
74 1 237568 241664
710 1 360448 364544
293 1 122880 126976
294 1 49152 53248
296 1 606208 610304
296 1 622592 626688
293 1 94208 118784
293 1 131072 159744
293 1 323584 327680
866 1 532480 536576
533 6 311296 327680 327680 393216 393216 458752 458752 524288 524288 589824 589824 655360
534 1 0 20992
128 1 614400 618496
404 1 364544 368640
238 1 503808 524288
979 1 0 4096
978 1 651264 655360
591 1 36864 45056
573 1 524288 532480
591 1 45056 49152
573 1 532480 536576
238 1 634880 647168
313 1 77824 81920
87 1 339968 344064
620 1 409088 437760
138 1 315392 319488
684 1 577536 581632
476 1 270336 274432
454 2 409600 458752 458752 516096
454 1 516096 520192
213 2 385024 393216 393216 397312
154 1 552960 557056
20 1 0 4096
32 1 69632 73728
982 1 307200 323584
169 5 365056 393216 393216 458752 458752 524288 524288 589824 589824 655360
170 4 0 65536 65536 131072 131072 196608 196608 233984
718 1 16384 20480
851 1 299008 307200
238 1 368640 372736
534 1 630784 634880
532 1 540672 557056
361 2 360448 393216 393216 425984
307 5 368640 393216 393216 458752 458752 524288 524288 589824 589824 626688
967 1 441856 445952
967 1 441856 445952
822 1 630784 655360
823 1 0 8192
977 1 278528 282624
367 1 626688 655360
368 1 0 36864
368 1 233472 258048
977 1 274432 278528
926 1 385024 389120
939 1 217088 225280
125 1 176128 188416
353 1 331776 335872
905 1 462848 466944
523 3 385024 393216 393216 458752 458752 487424
571 1 527872 536064
760 1 286720 290816
760 1 36864 45056
902 1 217088 221184
639 1 618496 622592
979 1 0 4096
318 1 94208 110592
134 1 376832 380928
263 1 65536 122880
662 1 204800 208896
332 1 184320 188416
592 5 217088 262144 262144 327680 327680 393216 393216 458752 458752 499712
683 1 344064 356352
999 1 233472 237568
687 1 192512 196608
128 1 73728 77824
448 1 585728 589824
215 1 106496 110592
437 1 229376 233472
18 1 225280 229376
180 1 69632 77824
863 1 303104 307200
31 1 647168 651264
75 1 20480 24576
437 1 512000 516096
397 1 516096 520192
420 1 458752 462848
32 1 8192 20480
398 1 57344 61440
651 1 307200 319488
39 1 90112 98304
707 1 32768 49152
73 1 131072 151552
432 1 598016 606208
432 1 606208 610304
73 1 151552 163840
493 1 20480 24576
335 1 405504 425984
456 1 372736 376832
810 1 544768 548864
456 1 405504 409600
810 1 569344 577536
418 1 589824 593920
650 1 577536 589824
418 1 593920 606208
483 1 45056 49152
483 1 53248 57344
483 1 110592 114688
483 1 262144 266240
650 1 389120 393216
636 1 69632 73728
631 1 552960 557056
631 1 323584 327680
483 1 385024 389120
635 1 4096 8192
651 1 339968 344064
768 1 290816 294912
790 1 262144 266240
790 1 598016 602112
770 1 167936 172032
670 1 626688 630784
768 1 573440 577536
790 1 458752 462848
790 1 565248 569344
790 1 618496 622592
527 1 577536 585728
800 1 131072 143360
527 1 585728 589824
217 1 501760 502784
425 1 471040 475136
981 1 180224 184320
114 1 303104 307200
651 1 458752 460288
732 1 610304 611840
364 1 196608 197120
446 1 200704 201216
436 1 278528 282624
446 1 274432 274944
451 1 184320 185344
451 1 192512 196608
470 1 626688 630784
470 1 634880 638976
476 1 483328 484352
471 1 192512 196608
436 1 544768 548864
380 1 634880 647168
531 1 200704 201216
504 1 438272 442368
501 1 503808 507904
571 1 536064 540160
470 1 643072 647168
451 1 577536 581632
482 1 282624 286720
938 1 78336 122880
938 3 122880 131072 131072 196608 196608 253952
642 1 552960 561152
840 1 614400 618496
761 1 590336 655360
762 8 0 65536 65536 131072 131072 196608 196608 262144 262144 327680 327680 393216 393216 458752 458752 459264
923 5 339968 393216 393216 458752 458752 524288 524288 589824 589824 655360
924 1 0 33280
983 1 484352 495616
909 1 536576 540672
666 1 618496 622592
380 1 278528 294912
172 1 98304 114688
642 1 491520 495616
924 2 33280 65536 65536 77824
374 1 131072 196608
374 1 524288 589824
375 1 262144 327680
892 2 483328 524288 524288 532480
893 1 335872 385024
893 2 389120 393216 393216 442368
354 2 229376 262144 262144 290816
539 1 573440 577536
705 3 471040 524288 524288 589824 589824 655360
706 6 0 65536 65536 131072 131072 196608 196608 262144 262144 327680 327680 339968
637 1 516096 520192
354 1 290816 294912
642 1 479232 483328
650 1 466944 479232
645 1 610304 611840
501 1 208896 212992
187 1 262144 266240
187 1 270336 274432
187 1 40960 49152
49 1 466944 483328
650 1 532480 540672
876 1 53248 57344
876 1 53248 57344
876 1 53248 57344
359 1 196608 200704
153 1 595456 599552
351 1 221184 245760
699 1 311296 315392
90 1 532480 534016
153 1 599552 602112
592 1 527872 531968
351 1 245760 249856
90 1 534016 536576
154 1 49152 50688
167 1 167936 172032
154 1 90112 91648
154 1 50688 53248
707 1 57344 61440
154 1 131072 132608
154 1 91648 98304
154 1 132608 136704
650 1 466944 475136
677 1 421888 438272
983 1 438272 442368
981 1 131072 131584
981 1 131584 132096
981 1 132096 136192
981 1 136192 140288
979 1 0 4096
983 1 442368 442880
169 1 335872 339968
979 1 4096 8192
983 1 454656 458752
983 1 446464 450560
979 1 0 4096
134 1 433664 437760
983 1 442368 442880
979 1 4096 8192
768 1 409600 412672
589 1 618496 626688
15 1 544768 548864
15 1 540672 544768
791 1 139264 143360
791 1 155648 159744
791 1 233472 237568
791 1 225280 229376
791 1 258048 262144
791 1 266240 270336
791 1 286720 290816
783 1 81920 102400
791 1 294912 299008
792 1 0 4096
791 1 622592 626688
792 1 212992 217088
792 1 192512 196608
792 1 274432 278528
791 1 589824 593920
792 1 237568 241664
792 1 290816 294912
793 1 69632 73728
870 1 368640 372736
793 1 237568 241664
767 1 147456 151552
782 1 512000 516096
765 2 155648 196608 196608 204800
639 1 143360 151552
398 1 520192 524288
673 1 372736 389120
806 1 446464 450560
563 1 360448 360960
932 1 569344 573440
843 1 323584 327680
702 1 290816 294912
642 1 552960 561152
873 2 94208 131072 131072 155648
15 3 479744 524288 524288 589824 589824 655360
16 6 0 65536 65536 131072 131072 196608 196608 262144 262144 327680 327680 348672
390 1 131072 135168
389 1 598016 602112
395 1 20480 24576
37 1 196608 200704
391 1 122880 126976
391 1 450560 454656
54 1 356352 360448
390 1 483328 487424
391 1 155648 159744
390 1 528384 532480
393 1 212992 217088
391 1 352256 356352
650 1 491520 499712
303 1 561152 563200
491 1 106496 108544
642 1 544768 557056
930 1 167936 171008
854 1 20480 24576
596 1 405504 409600
189 1 8192 12288
274 1 110592 118784
669 1 278528 282624
681 1 315392 323584
922 1 593920 598016
866 1 528384 532480
866 1 532480 536576
918 8 131584 196608 196608 262144 262144 327680 327680 393216 393216 458752 458752 524288 524288 589824 589824 655360
919 1 0 512
642 1 471040 475136
139 1 274432 282112
642 1 536576 544768
650 1 548864 557056
581 1 217088 225280
525 1 405504 409600
730 1 135168 143360
13 1 610304 614400
642 1 475136 479232
730 1 143360 147456
254 1 45056 49152
642 1 540672 548864
836 1 503296 507392
826 1 581120 585216
848 1 593408 597504
254 1 258048 262144
650 1 487424 491520
291 1 524288 589824
163 1 151552 155648
291 1 589824 655360
292 7 0 65536 65536 131072 131072 196608 196608 262144 262144 327680 327680 393216 393216 458752
262 8 184320 196608 196608 262144 262144 327680 327680 393216 393216 458752 458752 524288 524288 589824 589824 623104
262 1 623104 655360
263 1 0 65536
757 1 122880 126976
849 1 325120 326144
170 7 233984 262144 262144 327680 327680 393216 393216 458752 458752 524288 524288 589824 589824 655360
171 2 0 65536 65536 102912
20 1 28672 32768
832 1 360448 380928
642 1 466944 475136
848 1 393216 397312
601 1 475136 479744
171 2 102912 131072 131072 193024
848 1 417792 421888
849 1 325632 326656
641 1 131072 132608
835 1 651264 652288
134 1 385024 386560
642 1 532480 540672
673 1 159744 180224
701 1 188416 192512
897 1 589824 593920
115 1 274432 278528
934 1 335872 339968
467 1 610304 614400
567 1 356352 364544
567 1 364544 368640
589 1 495616 499712
35 1 77824 131072
49 1 327680 335872
49 1 335872 339968
239 1 102400 122880
504 1 372736 376832
451 1 176128 177152
389 1 348160 352256
443 1 569344 573440
443 1 262144 267264
446 1 217088 221184
316 1 610304 614400
380 1 450560 454656
423 1 344064 348160
542 1 638976 643072
317 1 196608 200704
972 1 32768 36864
562 4 188416 196608 196608 262144 262144 327680 327680 380928
242 1 208896 225280
376 1 0 65536
396 1 94208 98304
302 1 495616 499712
376 1 393216 458752
165 2 184320 196608 196608 208896
642 1 466944 471040
707 1 0 4096
718 1 20480 28672
349 1 73728 131072
642 1 565248 573440
707 1 77824 81920
773 1 192512 196608
139 1 544768 546304
381 1 581632 585728
164 1 180224 184320
651 1 319488 323584
844 1 65536 77824
111 1 53248 57344
402 1 192512 196608
360 1 618496 622592
871 1 344064 348160
792 1 512000 516096
793 1 258048 262144
871 1 401408 405504
892 1 106496 110592
896 1 86016 90112
889 1 548864 552960
894 1 139264 143360
890 1 237568 241664
896 1 32768 36864
896 1 98304 102400
916 1 282624 286720
917 1 126976 131072
917 1 106496 110592
946 1 126976 131072
945 1 413696 417792
950 1 94208 98304
961 1 319488 323584
961 1 507904 512000
47 1 598016 602112
732 2 380928 393216 393216 409600
819 1 303104 311296
732 1 409600 413696
748 1 303104 303616
47 1 602112 606208
105 1 16384 20480
160 1 397312 400896
256 1 174080 176128
256 1 176128 176640
860 1 311296 323584
679 1 397312 401408
634 1 364544 365568
439 1 126464 130560
478 1 393216 409600
682 1 622592 638976
473 1 499712 503808
473 1 503808 516096
478 1 397312 409600
478 1 393216 397312
479 1 475136 479232
479 1 479232 491520
478 1 393216 397312
478 1 397312 409600
150 1 483328 491520
699 1 135168 139264
703 1 491520 495616
699 1 524288 528384
945 1 184320 188416
993 1 196608 200704
993 1 32768 36864
994 1 372736 376832
321 1 196608 200704
311 1 557056 561152
919 1 196608 200704
973 1 122880 126976
919 1 258048 262144
973 1 151552 155648
154 1 136704 144896
154 1 144896 147456
154 1 249856 251392
347 1 20480 40960
154 1 251392 255488
311 1 524288 589824
167 1 167936 172032
347 1 40960 45056
707 1 122880 126976
979 1 4096 8192
592 1 527872 531968
324 1 122880 127488
283 1 442368 458752
232 1 626688 630784
274 1 118784 122880
952 2 98304 131072 131072 135168
650 1 466944 475136
232 1 557056 561152
943 1 159744 163840
642 1 532480 544768
571 1 540160 568832
571 1 568832 572928
706 1 647168 651264
535 1 262144 266240
128 1 483328 487424
718 1 28672 32768
538 1 454656 458752
540 1 131072 167936
590 2 61440 65536 65536 110592
876 1 53248 61440
45 1 131072 196608
876 1 57344 61440
188 1 69632 94208
650 1 466944 471040
179 1 614400 618496
650 1 458752 462848
876 1 57344 61440
179 1 540672 544768
922 1 598016 606208
534 9 86528 131072 131072 196608 196608 262144 262144 327680 327680 393216 393216 458752 458752 524288 524288 589824 589824 610816
460 1 311296 315392
98 1 24576 49152
652 1 344064 352256
922 1 606208 610304
284 1 540672 544768
44 1 499712 503808
917 1 413696 421888
500 1 188416 192512
17 1 57344 61440
980 1 122880 126976
962 1 106496 110592
59 1 421888 425984
936 1 253952 258048
349 3 425984 458752 458752 524288 524288 561152
539 1 384512 388608
967 1 441856 445952
349 1 561152 565248
539 1 384512 388608
967 1 441856 445952
862 1 274432 282624
971 1 69632 73728
642 1 544768 552960
706 5 339968 393216 393216 458752 458752 524288 524288 589824 589824 655360
707 4 0 65536 65536 131072 131072 196608 196608 208896
650 1 479232 516096
372 1 466944 471040
164 1 184320 188416
687 1 0 4096
642 1 503808 512000
298 1 12288 16384
231 1 338944 339968
409 1 40960 45056
678 1 552960 569344
650 1 532480 540672
829 1 258048 262144
860 1 225280 229376
678 1 569344 589824
650 1 471040 479232
440 1 614400 618496
547 1 40960 49152
359 1 196608 200704
211 1 651264 655360
469 1 12288 20480
651 2 323584 327680 327680 335872
873 1 155648 168448
973 1 94208 98304
14 1 610304 614400
37 1 569344 573440
105 1 323584 327680
409 1 245760 249856
932 1 573440 581632
961 1 389120 393216
963 1 122880 126976
962 1 172032 176128
976 1 90112 94208
962 1 237568 241664
977 1 471040 475136
441 1 573440 577536
441 1 598016 602112
441 1 651264 655360
442 1 0 4096
442 1 184320 188416
442 1 217088 221184
442 1 32768 36864
442 1 573440 577536
442 1 626688 630784
442 1 634880 638976
442 1 598016 602112
442 1 643072 647168
443 1 40960 45056
443 1 49152 53248
27 1 77824 81920
325 1 229376 242688
650 1 458752 462848
106 1 77824 81920
681 1 286720 299008
616 1 319488 323584
549 1 138752 151040
549 1 151040 155136
286 1 196608 221184
943 2 188416 196608 196608 217088
413 1 487424 520192
496 1 65536 94208
653 6 274432 327680 327680 393216 393216 458752 458752 524288 524288 589824 589824 655360
654 3 0 65536 65536 131072 131072 135168
322 1 405504 409600
642 1 532480 536576
642 1 466944 471040
471 1 98304 102400
642 1 532480 536576
179 1 548864 552960
453 1 57344 65536
804 2 520192 524288 524288 540672
400 1 651264 655360
401 1 0 4096
650 1 532480 540672
401 1 4096 8192
642 1 458752 462848
707 1 65536 69632
354 1 299008 303104
349 1 196608 204800
962 1 290816 295936
247 1 106496 110592
665 1 528384 561152
241 1 180224 196608
151 1 372736 376832
151 1 311296 315392
19 1 618496 622592
805 1 352256 364544
849 1 326144 327680
482 1 12288 20480
482 1 20480 24576
684 1 294912 299008
831 1 364544 368640
482 1 24576 32768
52 1 364544 380928
146 1 344064 348160
590 1 552960 557056
482 1 32768 36864
52 1 380928 385024
684 1 294912 299008
330 1 69632 81920
482 1 36864 45056
591 1 442368 446464
482 1 45056 49152
684 1 294912 299008
994 1 380928 389120
807 1 598016 602112
124 1 86016 90112
124 1 245760 253952
124 1 512000 516096
293 5 327680 393216 393216 458752 458752 524288 524288 589824 589824 655360
294 3 0 65536 65536 131072 131072 196608
294 7 196608 262144 262144 327680 327680 393216 393216 458752 458752 524288 524288 589824 589824 655360
295 1 0 65536
292 3 458752 524288 524288 589824 589824 655360
293 5 0 65536 65536 131072 131072 196608 196608 262144 262144 327680
318 1 589824 655360
319 2 0 65536 65536 131072
295 8 65536 131072 131072 196608 196608 262144 262144 327680 327680 393216 393216 458752 458752 524288 524288 589824
695 1 589824 655360
696 1 0 65536
295 1 589824 655360
296 6 0 65536 65536 131072 131072 196608 196608 262144 262144 327680 327680 335872
696 1 131072 196608
7 1 430080 430592
451 1 339968 348160
300 3 131072 196608 196608 262144 262144 327680
313 1 73728 77824
451 1 348160 352256
350 1 307200 311296
294 1 630784 634880
157 1 163840 165888
324 1 577536 581632
650 1 536576 540672
650 1 471040 475136
923 1 57344 61440
493 1 20480 24576
887 1 569344 573440
841 1 65536 81920
577 1 425984 434176
577 1 434176 438272
841 1 81920 86016
277 1 364544 385024
167 1 221184 225280
88 1 507904 512000
650 1 172032 176128
297 1 577536 585728
174 1 192512 196608
425 1 471040 475136
862 1 217088 221184
318 1 552960 557056
874 1 69632 73728
650 1 0 16384
542 1 557056 558080
332 2 52736 65536 65536 85504
332 1 85504 89600
108 1 368640 372736
771 1 397312 409600
674 1 552960 573440
149 1 559616 560640
771 1 409600 413696
149 1 560640 568320
897 1 520192 524288
601 1 94208 98304
650 1 466944 503808
642 1 466944 483328
371 2 348160 393216 393216 413696
377 1 131072 196608
165 1 208896 212992
377 1 524288 589824
378 1 262144 327680
379 1 0 65536
642 1 458752 462848
443 1 315392 319488
443 1 69632 77824
443 1 352256 356352
443 1 430080 434176
443 1 421888 425984
443 1 438272 442368
444 1 40960 45056
443 1 602112 606208
444 1 106496 110592
443 1 516096 520192
444 1 212992 217088
444 1 49152 53248
444 1 425984 430080
444 1 221184 229376
444 1 471040 479232
446 1 315392 323584
446 1 12288 16384
444 1 434176 438272
866 1 528384 532480
98 1 49152 53248
284 1 561152 573440
534 1 610816 638976
288 1 454656 458752
281 1 630784 634880
919 9 512 65536 65536 131072 131072 196608 196608 262144 262144 327680 327680 393216 393216 458752 458752 524288 524288 524800
922 1 610304 614400
642 1 557056 565248
924 7 77824 131072 131072 196608 196608 262144 262144 327680 327680 393216 393216 458752 458752 471040
339 1 618496 622592
642 1 495616 503808
924 2 561152 589824 589824 647680
642 1 565248 569344
544 1 245760 253952
339 1 618496 622592
544 1 253952 258048
871 1 225280 233472
642 1 499712 503808
989 1 356352 372736
924 1 647680 655360
925 8 0 65536 65536 131072 131072 196608 196608 262144 262144 327680 327680 393216 393216 458752 458752 495616
989 1 458752 462848
840 1 614400 618496
926 1 102400 123392
909 1 536576 540672
267 1 212992 221184
267 1 167936 172032
697 1 393216 397312
535 1 266240 327680
642 1 466944 471040
63 1 114688 115712
128 1 417792 421888
718 1 32768 40960
192 1 65536 131072
155 1 8192 8704
695 1 348160 356352
979 1 0 4096
167 1 167936 172032
687 1 0 4096
707 1 57344 61440
650 1 471040 479232
156 1 73728 77824
156 1 81920 86016
155 1 12288 16384
594 1 98304 102400
303 1 274432 278528
592 1 527872 531968
303 1 282624 286720
593 1 90112 98304
700 1 335872 339968
167 1 167936 172032
493 3 520192 524288 524288 589824 589824 655360
494 6 0 65536 65536 131072 131072 196608 196608 262144 262144 327680 327680 348160
650 1 536576 540672
36 1 491520 516096
952 1 135168 139264
274 2 122880 131072 131072 155648
831 1 327680 344064
401 1 94208 98304
372 1 483328 487424
876 1 57344 61440
167 1 90112 94208
279 1 442368 458752
876 1 57344 61440
145 1 344064 360448
167 1 24576 36864
469 1 20480 24576
874 1 647168 651264
873 1 168448 170496
651 1 335872 339968
253 1 49152 53248
320 1 217088 221184
932 1 581632 585728
642 1 466944 483328
873 1 170496 172544
567 1 258048 262144
659 1 491520 503808
571 1 572928 577024
131 1 483328 495616
642 1 483328 491520
390 1 86016 88064
390 1 90112 91136
362 1 241664 243200
708 1 622592 634880
642 1 532480 536576
642 1 552960 557056
707 7 208896 262144 262144 327680 327680 393216 393216 458752 458752 524288 524288 589824 589824 655360
708 1 0 65536
368 1 204800 208896
331 1 0 4096
644 1 233472 237568
93 1 454656 458752
279 1 352256 356352
831 1 454656 458752
186 1 331776 339968
707 1 12288 20480
91 1 589824 651264
704 1 528384 532480
461 1 135168 139264
321 1 28672 32768
7 1 434176 438272
294 1 638976 643072
126 1 98304 114688
589 1 495616 503808
20 1 0 4096
49 1 339968 360448
49 1 360448 364544
589 1 499712 503808
49 1 364544 380928
521 1 49152 57344
281 1 466944 471040
274 1 217088 221184
521 1 520192 524288
49 1 380928 385024
753 1 126976 131072
753 1 118784 122880
650 1 532480 536576
539 1 384512 388608
802 1 454656 458752
539 1 384512 388608
804 1 380928 385024
727 1 434176 435712
803 1 262144 278528
641 1 8192 9728
510 1 487424 491520
282 1 417792 421888
453 1 131072 135168
179 1 544768 548864
510 1 516096 524288
891 1 98304 102400
446 1 622592 626688
446 1 376832 380928
447 1 184320 188416
447 1 81920 86016
446 1 225280 229376
447 1 540672 544768
448 1 86016 94208
447 1 36864 40960
447 1 315392 319488
448 1 458752 462848
448 1 450560 454656
281 1 442368 446464
448 1 294912 299008
449 1 188416 192512
924 1 327680 331776
854 1 110592 114688
900 1 610304 618496
901 1 233472 237568
123 1 307200 311296
144 1 507904 512000
284 1 8192 12288
324 1 577536 581632
678 1 634880 638976
679 1 16384 24576
650 1 536576 540672
293 1 77824 90112
599 1 577024 589312
596 1 163328 175616
642 1 573440 581632
16 5 348672 393216 393216 458752 458752 524288 524288 589824 589824 655360
17 4 0 65536 65536 131072 131072 196608 196608 217600
808 1 556032 556544
606 1 20480 24576
220 1 233472 258048
675 1 167936 172032
642 1 544768 548864
918 1 651264 655360
698 1 45056 57344
698 1 40960 45056
478 1 397312 409600
478 1 393216 397312
528 1 278528 282624
682 1 638976 655360
683 1 393216 397312
19 1 589824 593920
516 1 552960 557056
460 1 135168 147456
516 1 557056 589824
650 1 466944 475136
528 6 282624 327680 327680 393216 393216 458752 458752 524288 524288 589824 589824 655360
529 3 0 65536 65536 131072 131072 151552
529 4 151552 196608 196608 262144 262144 327680 327680 393216
54 1 40960 61440
460 1 131072 135168
536 8 32768 65536 65536 131072 131072 196608 196608 262144 262144 327680 327680 393216 393216 458752 458752 507904
478 1 393216 397312
697 1 421888 425984
354 1 303104 307200
707 1 0 4096
699 1 167936 172032
650 1 552960 561152
890 1 536576 540672
650 1 491520 499712
650 1 561152 565248
890 1 536576 540672
840 1 589824 606208
372 1 466944 471040
670 1 458752 499712
831 1 413696 446464
811 1 323584 327680
492 1 45056 53248
492 1 53248 57344
49 1 483328 503808
544 1 557056 569344
116 1 225280 229376
650 1 573440 577536
802 1 258048 262144
549 1 155136 183808
549 1 183808 187904
481 1 450560 458752
918 2 53248 65536 65536 69632
826 1 45056 49152
549 1 187904 192000
827 1 389120 390144
481 1 458752 462848
918 1 69632 73728
549 1 192000 196096
549 2 196096 196608 196608 228864
549 1 228864 232960
137 1 196608 217088
922 1 614400 618496
537 6 315392 327680 327680 393216 393216 458752 458752 524288 524288 589824 589824 655360
538 3 0 65536 65536 131072 131072 156160
922 1 618496 630784
642 1 458752 462848
650 1 471040 475136
441 1 335872 344064
956 1 253952 258048
787 1 94208 114688
269 1 237568 245760
286 1 487424 491520
116 1 290816 294912
876 1 303104 327680
720 1 225280 233472
876 1 327680 339968
787 1 114688 126976
728 1 20480 28672
642 1 548864 561152
84 1 327680 389120
979 1 233472 249856
119 1 131072 196608
439 1 32768 36864
566 1 77824 90112
422 1 147456 163840
72 1 598016 610304
979 1 274432 282624
980 1 610304 618496
983 1 421888 430080
981 2 520192 524288 524288 528384
982 1 536576 544768
583 1 167936 192512
804 1 540672 552960
957 1 466944 471040
118 1 24576 32768
744 1 110592 114688
880 1 229376 233472
899 1 499712 507904
894 1 643072 647168
928 1 65536 73728
889 1 397312 405504
932 2 585728 589824 589824 618496
659 1 503808 507904
710 1 81920 86016
850 1 65536 66560
710 1 139264 147456
929 1 446464 450048
642 1 536576 540672
622 2 258048 262144 262144 278528
453 1 135168 139264
990 1 179712 183808
982 2 323584 327680 327680 335872
20 1 28672 32768
171 2 193024 196608 196608 200704
171 7 204800 262144 262144 327680 327680 393216 393216 458752 458752 524288 524288 589824 589824 631296
87 1 561152 563200
849 2 327168 327680 327680 360448
849 1 557056 573440
457 1 155648 159744
571 1 577024 581120
571 2 581120 589824 589824 613888
411 1 208384 212480
461 1 106496 114688
68 6 299008 327680 327680 393216 393216 458752 458752 524288 524288 589824 589824 655360
69 2 0 65536 65536 131072
461 1 114688 118784
756 3 483328 524288 524288 589824 589824 643072
589 1 114688 122880
589 1 122880 126976
347 2 36864 65536 65536 69632
799 3 446976 458752 458752 524288 524288 557056
799 2 585728 589824 589824 655360
800 6 0 65536 65536 131072 131072 196608 196608 262144 262144 327680 327680 344576
28 1 114688 118784
800 5 344576 393216 393216 458752 458752 524288 524288 589824 589824 655360
801 4 0 65536 65536 131072 131072 196608 196608 213504
876 2 57344 65536 65536 69632
588 1 634880 638976
39 1 90112 102400
598 1 253952 256000
876 1 61440 65536
876 1 61440 65536
740 1 77824 80384
979 1 0 4096
801 1 638976 643072
702 1 36864 40960
212 1 188416 192512
215 1 585728 589824
780 1 401408 405504
528 1 139264 147456
466 1 81920 86016
429 1 577536 581632
429 1 368640 372736
435 1 548864 552960
431 1 131072 135168
435 2 192512 196608 196608 221184
812 1 516096 520192
978 1 651264 655360
632 1 393216 397824
524 1 241664 249856
524 1 249856 253952
246 1 155648 172032
211 1 589824 593920
246 1 172032 192512
212 1 0 4096
796 1 143360 147456
706 1 331776 335872
706 1 323584 327680
694 1 638976 640000
814 1 172032 174592
449 1 131072 151552
555 2 585728 589824 589824 602112
274 1 155648 159744
450 1 262144 307200
0 1 421888 438272
718 1 110592 114688
574 1 409600 413696
101 1 389120 393216
919 2 524800 589824 589824 655360
920 7 0 65536 65536 131072 131072 196608 196608 262144 262144 327680 327680 393216 393216 393728
922 1 630784 638976
465 1 196608 225280
642 1 487424 491520
642 1 466944 475136
812 1 65536 94208
670 1 499712 503808
708 7 65536 131072 131072 196608 196608 262144 262144 327680 327680 393216 393216 458752 458752 524288
478 1 397312 409600
505 1 397312 401408
495 1 135168 163840
356 1 540672 544768
954 1 573440 581632
870 1 622592 626688
492 2 491520 524288 524288 544768
546 1 647168 655360
547 8 0 65536 65536 131072 131072 196608 196608 262144 262144 327680 327680 393216 393216 458752 458752 487424
954 1 598016 606208
770 1 606208 655360
771 1 0 16384
434 1 368640 385024
573 1 405504 409600
657 1 8192 16384
825 1 270336 274432
478 1 393216 397312
188 1 389120 393216
777 1 290816 294912
707 1 122880 126976
379 1 249856 253952
379 1 221184 225280
379 1 184320 192512
979 1 4096 8192
592 1 527872 531968
155 1 8192 8704
188 1 389120 393216
979 1 0 4096
707 1 57344 61440
707 1 16384 20480
650 1 471040 475136
650 1 471040 475136
324 1 577536 581632
511 1 401408 409600
171 1 631296 655360
172 7 0 65536 65536 131072 131072 196608 196608 262144 262144 327680 327680 393216 393216 434688
30 1 229376 233472
19 1 618496 622592
457 1 139264 155648
103 1 638976 643072
30 1 217088 229376
541 1 630784 634880
580 1 536576 557056
283 1 471040 475136
276 1 569344 573440
281 1 212992 217088
691 1 208896 212992
279 1 90112 94208
259 1 237568 241664
996 1 520192 524288
313 1 475136 479232
566 1 430080 438272
28 1 548864 561152
622 1 278528 282624
566 1 442368 446464
643 1 266240 270336
696 1 598016 602112
138 1 466944 467968
650 1 495616 499712
188 1 274432 282624
188 1 282624 286720
254 1 45056 49152
397 1 598016 602112
390 1 499712 503808
394 1 339968 344064
802 1 135168 151552
642 1 532480 536576
408 1 36864 40960
288 1 507904 516096
408 1 0 4096
288 1 516096 520192
477 1 106496 114688
477 1 114688 118784
583 1 278528 290816
482 1 49152 57344
37 1 565248 566272
650 1 532480 544768
482 1 57344 61440
718 1 266240 269824
471 1 487424 488448
684 1 294912 299008
482 2 61440 65536 65536 69632
482 1 69632 73728
399 1 569344 573440
949 1 131072 135168
220 1 196608 200704
0 1 401408 405504
86 1 229376 233472
