#StripeID,rangenumber,BlockOffsetStart,BlockOffsetEnd
147 2 344064 393216 393216 409600
358 8 32768 65536 65536 131072 131072 196608 196608 262144 262144 327680 327680 393216 393216 458752 458752 524288
359 1 0 32768
153 1 487424 495616
143 3 327680 393216 393216 458752 458752 475136
820 1 364544 372736
384 1 147456 155648
145 1 307200 323584
338 1 487424 491520
69 1 118784 126976
729 1 208896 212992
345 1 45056 61440
724 1 208896 212992
384 1 475136 495616
765 1 270336 274432
490 1 245760 253952
97 1 475136 479232
521 1 299008 303104
460 1 323584 327680

