#StripeID,rangenumber,BlockOffsetStart,BlockOffsetEnd
18 2 81920 131072 131072 147456
86 6 294912 327680 327680 393216 393216 458752 458752 524288 524288 589824 589824 655360
87 3 0 65536 65536 131072 131072 163840
23 1 94208 102400
14 1 589824 655360
15 2 0 65536 65536 81920
56 1 364544 372736
7 1 278528 286720
70 1 110592 114688
16 1 307200 323584
71 1 94208 98304
55 1 249856 258048
83 1 339968 344064
76 1 45056 61440
79 1 339968 344064
7 1 606208 626688
12 1 270336 274432
92 1 245760 253952
78 1 212992 217088
17 1 167936 172032
68 1 323584 327680
38 1 413696 458752
51 2 262144 327680 327680 356352
44 1 217088 221184
46 1 507904 516096
46 1 516096 520192
46 1 491520 495616
62 1 217088 222208
17 1 622592 655360
18 1 0 32768
97 1 94208 102400
97 1 102400 106496
10 1 622592 625664
56 1 335872 336896
82 1 458752 462848
72 1 479232 512000
17 2 163840 196608 196608 229376
95 3 110592 131072 131072 196608 196608 208896
54 1 651264 655360
55 1 0 61440
56 3 245760 262144 262144 327680 327680 376832
31 3 258048 262144 262144 327680 327680 389120
87 2 69632 131072 131072 167936
65 1 622592 655360
66 1 0 49152
92 2 524288 589824 589824 655360
93 2 0 65536 65536 131072
6 2 167936 196608 196608 233472
65 5 372736 393216 393216 458752 458752 524288 524288 589824 589824 618496
21 2 548864 589824 589824 614400
7 1 425984 434176
45 2 544768 589824 589824 602112
41 1 163840 172032
7 2 360448 393216 393216 417792
76 2 155648 196608 196608 200704
55 5 372736 393216 393216 458752 458752 524288 524288 589824 589824 634880
25 2 528384 589824 589824 593920
29 1 405504 413696
41 2 94208 131072 131072 151552
59 1 192512 196608
42 1 364544 368640
65 1 196608 200704
59 1 196608 208896
67 1 81920 86016
65 1 249856 253952
68 1 143360 151552
89 1 147456 172032
31 1 94208 98304
31 1 249856 253952
89 1 172032 176128
88 1 81920 90112
22 1 638976 643072
22 1 573440 577536
84 1 638976 643072
55 6 324096 327680 327680 393216 393216 458752 458752 524288 524288 589824 589824 655360
56 3 0 65536 65536 131072 131072 193024
42 1 495616 503808
46 1 286720 294912
91 1 483328 503808
29 1 479232 503808
9 1 32768 36864
43 1 458752 471040
40 1 614400 618496
9 1 24576 28672
35 1 77824 86016
64 1 196608 200704
47 1 589824 598016
24 1 548864 552960
1 1 376832 385024
96 1 258048 262144
13 1 425984 430080
17 1 143360 147456
17 1 8192 10240
16 1 73728 77824
27 1 462848 463360
19 1 16384 28672
86 1 647168 651264
43 1 139264 147456
66 1 561152 569344
66 1 569344 573440
48 1 335872 344064
11 1 430080 434176
44 1 651264 655360
24 1 32768 36864
92 2 339968 393216 393216 397312
42 1 495616 499712
2 2 225280 262144 262144 286720
96 1 593920 630784
39 1 73728 77824
68 1 253952 262144
68 1 647168 651264
69 1 20480 24576
68 1 483328 487424
82 1 131072 135168
71 1 376832 380928
70 1 241664 245760
31 1 12288 16384
14 1 393216 397312
84 1 192512 196608
7 1 626688 630784
76 2 454656 458752 458752 462848
31 1 0 4096
95 1 462848 466944
18 1 610304 614400
79 1 598016 602112
57 1 430080 434176
19 1 32256 48640
34 2 433664 458752 458752 482816
34 1 482816 486912
21 1 589824 593920
24 1 397312 397824
24 1 397824 398336
24 1 398336 402432
24 1 402432 406528
92 1 372736 376832
21 1 593920 598016
5 1 147456 163840
78 1 536576 540672
73 1 335872 368640
84 1 593920 598016
53 1 417792 421888
86 1 274432 278528
6 1 634880 638976
35 1 45056 49152
79 1 0 4096
11 1 368640 372736
63 1 483328 487424
60 1 45056 49152
5 1 192512 196608
66 1 548864 552960
24 1 425984 430080
3 1 462848 466944
79 1 344064 348672
67 1 159744 163840
25 1 270336 274432
68 1 24576 27136
25 1 450560 454656
7 1 40960 45056
26 1 606208 610304
7 1 139264 143360
31 1 626688 634880
62 1 225280 229376
68 1 77824 81920
84 1 327680 331776
63 1 425984 446464
0 1 102400 106496
3 1 172032 176128
1 2 421888 458752 458752 483328
76 1 647168 651264
92 1 417792 421888
64 1 335872 339968
13 1 249856 253952
55 1 40960 45056
73 1 98304 110592
54 1 327680 393216
28 3 507904 524288 524288 589824 589824 655360
29 6 0 65536 65536 131072 131072 196608 196608 262144 262144 327680 327680 340480
82 7 217600 262144 262144 327680 327680 393216 393216 458752 458752 524288 524288 589824 589824 655360
83 2 0 65536 65536 86528
55 2 524288 589824 589824 647168
6 1 155648 163840
88 1 421888 434176
55 1 647168 655360
23 1 450560 454656
17 1 266240 270336
22 2 409600 458752 458752 475136
94 1 196608 262144
50 1 561152 573440
57 1 311296 315392
50 1 503808 507904
50 1 569344 573440
57 1 311296 315392
50 1 503808 507904
54 1 45056 49152
54 1 110592 114688
75 1 212992 217088
6 1 163840 167936
32 1 638976 643072
6 6 167936 196608 196608 262144 262144 327680 327680 393216 393216 458752 458752 466944
85 1 364544 368640
20 1 495616 499712
3 1 262144 266240
38 2 536576 589824 589824 655360
39 7 0 65536 65536 131072 131072 196608 196608 262144 262144 327680 327680 393216 393216 405504
73 1 466944 471040
37 1 331776 335872
39 4 405504 458752 458752 524288 524288 589824 589824 655360
40 5 0 65536 65536 131072 131072 196608 196608 262144 262144 274432
37 1 339968 344064
18 1 12288 16384
17 1 512000 516096
11 1 8192 12288
10 1 28672 32768
50 1 524288 532480
3 1 585728 589824
26 1 581632 585728
88 1 356352 360448
59 1 208896 212992
11 1 237568 243200
13 1 606208 610304
15 1 462848 466944
20 1 102400 110592
59 1 212992 225280
60 1 32768 36864
40 1 360448 364544
51 1 294912 295424
55 3 495616 524288 524288 589824 589824 655360
56 6 0 65536 65536 131072 131072 196608 196608 262144 262144 327680 327680 364544
8 6 299008 327680 327680 393216 393216 458752 458752 524288 524288 589824 589824 655360
9 1 0 4096
44 1 8192 12288
34 1 237568 241664
43 1 475136 477696
52 1 573440 577536
72 1 602112 603648
41 1 380928 385024
52 1 0 4096
23 1 163840 167936
15 2 143360 196608 196608 245760
60 1 491520 499712
31 1 155648 163840
54 1 299008 303104
7 1 32768 36864
18 2 229376 262144 262144 294912
48 1 613888 617984
18 2 557056 589824 589824 622592
59 2 245760 262144 262144 311296
3 1 589824 593920
4 1 57344 61440
96 1 225280 229376
87 1 319488 323584
46 1 389120 393216
13 1 401408 405504
14 1 253952 258048
78 1 278528 282624
52 1 102400 106496
87 1 241664 245760
78 1 405504 409600
2 1 73728 77824
77 1 303104 307200
66 1 307200 311296
71 1 528384 532480
69 1 32768 36864
77 2 126976 131072 131072 135168
85 1 155648 159744
68 1 114688 118784
15 1 589824 593920
84 1 16384 24576
84 1 24576 28672
72 1 376832 380928
34 1 475136 479232
37 1 36864 40960
79 1 638976 647168
86 2 569856 589824 589824 655360
87 1 0 32768
65 1 200704 204800
43 1 495616 499712
39 1 40960 45056
96 1 593920 598016
87 8 61440 65536 65536 131072 131072 196608 196608 262144 262144 327680 327680 393216 393216 458752 458752 467456
93 1 319488 324608
40 1 450560 454656
87 3 467456 524288 524288 589824 589824 655360
88 6 0 65536 65536 131072 131072 196608 196608 262144 262144 327680 327680 336384
44 1 24576 28672
73 2 110592 131072 131072 176128
89 1 610304 610816
6 1 610304 614400
83 1 294912 299008
88 1 405504 421888
87 1 618496 634880
89 1 77824 94208
88 1 602112 618496
6 1 544768 548864
89 1 614400 618496
89 1 622592 626688
74 2 49152 65536 65536 81920
83 1 299008 303104
73 2 110592 131072 131072 159744
6 1 610304 614400
89 1 610304 610816
90 2 192512 196608 196608 208896
37 1 405504 421888
83 1 294912 299008
17 1 135168 139264
78 1 237568 241664
78 1 618496 626688
39 1 430080 434176
16 1 49152 53248
55 1 565248 569344
15 1 212992 217088
46 1 552960 557056
17 1 303104 307200
94 1 348160 352256
29 1 106496 110592
90 1 327680 331776
28 1 315392 319488
88 1 507904 512000
97 1 618496 622592
8 1 307200 311296
67 1 307200 311296
45 1 16384 20480
0 1 380928 385024
45 3 500224 524288 524288 589824 589824 655360
46 6 0 65536 65536 131072 131072 196608 196608 262144 262144 327680 327680 369152
46 5 369152 393216 393216 458752 458752 524288 524288 589824 589824 655360
47 4 0 65536 65536 131072 131072 196608 196608 238080
75 1 335872 344064
75 1 344064 348160
47 1 618496 655360
48 2 0 65536 65536 74240
48 1 98304 131072
47 7 238080 262144 262144 327680 327680 393216 393216 458752 458752 524288 524288 589824 589824 618496
48 1 74240 98304
48 2 131072 196608 196608 225280
48 2 356352 393216 393216 421888
59 1 212992 225280
49 1 458752 471040
49 2 126976 131072 131072 192512
57 1 581632 589824
49 4 192512 196608 196608 262144 262144 327680 327680 380928
49 2 385024 393216 393216 446464
12 1 203264 204288
6 1 503808 512000
5 1 249856 253952
35 1 65536 131072
93 2 585728 589824 589824 651264
93 2 524288 589824 589824 655360
94 2 0 65536 65536 131072
35 2 524288 589824 589824 655360
3 1 446464 458752
17 1 106496 110592
58 7 196608 262144 262144 327680 327680 393216 393216 458752 458752 524288 524288 589824 589824 655360
59 1 0 65536
59 8 65536 131072 131072 196608 196608 262144 262144 327680 327680 393216 393216 458752 458752 524288 524288 589824
68 8 131072 196608 196608 262144 262144 327680 327680 393216 393216 458752 458752 524288 524288 589824 589824 655360
84 1 131072 196608
60 3 458752 524288 524288 589824 589824 655360
61 5 0 65536 65536 131072 131072 196608 196608 262144 262144 327680
59 1 589824 655360
60 7 0 65536 65536 131072 131072 196608 196608 262144 262144 327680 327680 393216 393216 458752
99 8 131072 196608 196608 262144 262144 327680 327680 393216 393216 458752 458752 524288 524288 589824 589824 638976
98 6 262144 327680 327680 393216 393216 458752 458752 524288 524288 589824 589824 655360
99 2 0 65536 65536 131072
74 1 217088 221184
50 1 405504 406528
6 1 466944 471040
70 1 524288 585728
76 1 16384 20480
26 1 372736 376832
47 1 225280 229376
66 1 401408 405504
42 1 532480 536576
74 1 217088 225280
79 1 380928 385024
42 1 561152 573440
28 1 308224 309248
64 1 413184 414208
36 1 188416 192512
96 1 634880 655360
97 8 0 65536 65536 131072 131072 196608 196608 262144 262144 327680 327680 393216 393216 458752 458752 466944
43 1 225792 227840
47 1 293376 294400
28 1 309248 312832
64 1 414208 415232
80 1 233472 237568
76 2 204800 262144 262144 286720
25 2 40960 65536 65536 131072
76 2 532480 589824 589824 655360
77 7 0 65536 65536 131072 131072 196608 196608 262144 262144 327680 327680 393216 393216 401408
86 1 290816 294400
85 2 167936 196608 196608 233472
11 1 208384 212480
78 3 204800 262144 262144 327680 327680 372736
4 3 114688 131072 131072 196608 196608 245760
55 1 393216 421888
24 2 40960 65536 65536 106496
57 1 610304 655360
58 1 0 20480
5 3 159744 196608 196608 262144 262144 290816
57 2 200704 262144 262144 266240
28 4 450560 458752 458752 524288 524288 589824 589824 655360
29 1 0 57344
6 1 249856 253952
12 2 520192 524288 524288 528384
77 5 335872 393216 393216 458752 458752 524288 524288 589824 589824 655360
78 4 0 65536 65536 131072 131072 196608 196608 204800
97 1 0 65536
4 2 299008 327680 327680 364544
74 1 356352 360448
74 1 356352 360448
70 1 614400 618496
65 1 286720 290816
70 1 614400 618496
8 1 569344 577536
86 2 560640 589824 589824 617984
86 1 617984 622080
26 1 135168 151552
79 1 0 4096
78 1 647168 651264
94 1 20480 24576
4 1 638976 643072
27 1 106496 114688
94 1 45056 65536
42 1 466944 471040
6 1 131072 135168
54 1 24576 32768
54 1 32768 36864
11 1 557056 561152
13 1 634880 638976
43 1 483328 487424
41 1 81920 86016
4 1 217088 237568
64 1 614400 655360
65 1 0 20480
65 1 20480 24576
97 1 176128 180224
46 1 303104 307200
59 1 487424 491520
0 1 159744 180224
0 1 180224 184320
28 1 20480 24576
81 1 180224 184320
27 1 573440 577536
84 1 159744 163840
76 1 159744 163840
22 1 405504 409600
11 1 188416 192512
10 1 606208 610304
0 1 266240 270336
18 1 94208 102400
37 1 45056 49152
66 1 315392 319488
59 1 622592 655360
60 8 0 65536 65536 131072 131072 196608 196608 262144 262144 327680 327680 393216 393216 458752 458752 491520
41 1 249856 253952
52 1 12288 24576
21 2 110592 131072 131072 163840
76 1 180224 188416
34 1 57344 60928
83 1 86528 98304
61 1 589824 655360
62 1 0 65536
29 5 340480 393216 393216 458752 458752 524288 524288 589824 589824 655360
30 4 0 65536 65536 131072 131072 196608 196608 209408
67 1 327680 393216
83 9 110592 131072 131072 196608 196608 262144 262144 327680 327680 393216 393216 458752 458752 524288 524288 589824 589824 623104
38 2 180224 196608 196608 245760
79 1 28672 40960
80 1 479232 483328
37 1 57344 61440
38 2 573440 589824 589824 638976
67 2 57344 65536 65536 81920
79 1 40960 45056
78 2 540672 589824 589824 606208
65 2 573440 589824 589824 655360
66 1 0 49152
0 1 192512 196608
6 2 315392 327680 327680 339968
14 1 196608 262144
60 2 565248 589824 589824 630784
6 2 557056 589824 589824 622592
40 2 159744 196608 196608 225280
17 1 598016 602112
24 2 147456 196608 196608 212992
50 2 561152 589824 589824 626688
6 2 360448 393216 393216 397312
23 2 491520 524288 524288 552960
13 3 8192 65536 65536 131072 131072 139264
33 2 544768 589824 589824 655360
34 3 0 65536 65536 131072 131072 151552
87 2 487424 524288 524288 552960
70 2 40960 65536 65536 106496
64 5 212992 262144 262144 327680 327680 393216 393216 458752 458752 512000
61 2 512000 524288 524288 577536
4 1 348160 380928
98 1 102400 106496
44 1 139264 140800
42 1 532480 536576
75 1 299008 303104
40 1 28672 32768
74 1 135168 143360
41 1 184320 188416
51 1 151552 163840
40 1 229376 237568
89 1 528384 589824
41 1 204800 208896
34 1 372736 376832
40 1 339968 344064
21 1 319488 323584
19 1 409600 410112
56 1 647168 651264
51 1 643072 647168
51 1 282624 286720
31 1 270336 274432
86 1 106496 110592
54 1 466944 471040
68 1 307200 311296
79 1 647168 651264
37 1 36864 40960
79 1 651264 655360
80 1 0 4096
80 1 4096 8192
24 1 430080 434176
24 1 425984 430080
63 1 348160 385024
73 1 593920 598016
29 2 172032 196608 196608 204800
27 1 634880 643072
7 1 69632 77824
28 1 0 8192
67 1 159744 163840
28 1 32768 49152
7 1 106496 110592
92 2 523776 524288 524288 527872
28 1 393216 421888
85 1 610304 618496
12 1 126976 131072
28 1 430080 434176
22 1 114688 116736
51 2 192512 196608 196608 217088
24 1 376832 380928
46 1 610304 614400
94 1 0 4096
60 1 294912 299008
15 1 557056 561152
24 1 434176 438272
24 1 417792 430080
22 1 462848 471040
28 1 434176 438272
23 2 57344 65536 65536 81920
23 1 81920 86016
78 1 303104 303616
25 1 569344 589824
42 1 532480 536576
42 1 462848 466944
81 1 262144 327680
73 1 626688 630784
77 1 409600 410112
13 1 159744 196608
7 1 4096 8192
6 1 651264 655360
17 1 528384 532480
79 1 0 4096
79 1 4096 8192
0 3 507904 524288 524288 589824 589824 655360
1 6 0 65536 65536 131072 131072 196608 196608 262144 262144 327680 327680 376832
99 1 638976 655360
0 8 0 65536 65536 131072 131072 196608 196608 262144 262144 327680 327680 393216 393216 458752 458752 507904
2 7 245760 262144 262144 327680 327680 393216 393216 458752 458752 524288 524288 589824 589824 655360
3 2 0 65536 65536 114688
34 2 262144 327680 327680 393216
66 1 323584 327680
99 2 188416 196608 196608 208896
98 2 282624 327680 327680 360448
17 2 253952 262144 262144 274432
42 1 458752 462848
65 1 245760 249856
19 2 81920 131072 131072 147456
42 1 544768 552960
20 1 81920 102912
59 1 81408 85504
32 1 258048 262144
84 1 356352 364544
78 1 172032 176128
84 1 364544 368640
48 1 339968 352256
46 1 499712 507904
98 2 61440 65536 65536 69632
20 2 102912 131072 131072 147456
52 1 606208 614400
42 1 483328 487424
98 1 69632 73728
52 1 614400 618496
20 1 606208 655360
21 1 0 16384
22 2 16384 65536 65536 81920
78 1 126976 131072
58 1 201728 208384
25 4 12800 65536 65536 131072 131072 196608 196608 229376
25 6 233472 262144 262144 327680 327680 393216 393216 458752 458752 524288 524288 541184
33 1 110592 114688
27 1 98304 106496
22 1 155648 159744
99 1 208896 212992
26 3 307200 327680 327680 393216 393216 401920
25 2 541184 589824 589824 655360
26 5 0 65536 65536 131072 131072 196608 196608 262144 262144 307200
22 1 208896 217088
99 1 229376 241664
27 1 90112 98304
81 1 49152 53248
5 1 495104 495616
5 1 499200 499712
0 1 466944 471040
5 1 503296 503808
0 1 458752 462848
9 1 335872 339968
42 2 122880 131072 131072 139264
7 1 397312 401408
7 1 200704 204800
7 1 266240 270336
85 1 454656 458752
42 1 32768 45056
40 1 557056 589824
6 1 274432 278528
66 1 536576 544768
59 1 225280 229376
23 1 372736 376832
66 1 544768 548864
74 1 356352 360448
59 1 229376 241664
71 1 654848 655360
72 1 0 3584
72 1 3584 48640
9 1 425472 429568
97 1 323584 327680
26 1 4096 12288
40 1 0 4096
26 1 12288 16384
55 1 491520 495616
44 1 446464 450560
39 1 200704 204800
88 5 336384 393216 393216 458752 458752 524288 524288 589824 589824 655360
89 4 0 65536 65536 131072 131072 196608 196608 205312
67 1 602112 606208
94 1 90112 94208
44 1 24576 28672
90 1 12288 28672
6 1 544768 548864
89 1 491520 495616
6 1 610304 614400
49 1 319488 327680
21 1 294912 299008
31 1 544768 548864
97 1 569344 577536
49 1 147456 192512
42 1 540672 548864
53 1 24576 28672
83 1 618496 620544
41 1 458752 462848
56 1 565248 569344
80 1 397312 438272
57 1 106496 110592
56 1 647168 651264
25 1 544768 548864
43 1 237568 241664
57 1 143360 147456
6 1 229376 237568
80 1 438272 442368
49 1 192512 196608
6 1 237568 241664
98 1 274432 294912
53 1 589824 606208
43 1 227840 230400
36 1 434176 437248
64 1 415232 418816
28 1 312832 313856
47 1 294400 296960
42 1 503808 507904
43 1 230400 231424
79 1 4096 8192
86 1 126976 131072
86 1 118784 122880
79 1 0 4096
86 1 114688 115200
79 1 4096 8192
28 1 98304 102400
69 1 229376 233472
56 8 193024 196608 196608 262144 262144 327680 327680 393216 393216 458752 458752 524288 524288 589824 589824 655360
57 1 0 61952
42 1 565248 569344
42 1 499712 507904
57 9 61952 65536 65536 131072 131072 196608 196608 262144 262144 327680 327680 393216 393216 458752 458752 524288 524288 586240
50 1 212992 217088
62 1 57344 65536
42 1 569344 577536
28 1 61440 65536
61 1 229376 233472
52 2 327680 393216 393216 442368
36 1 57344 57856
51 1 49152 53248
0 1 327680 331776
26 1 86016 90112
62 1 618496 622592
77 1 602112 622592
34 2 442368 458752 458752 520192
99 1 393216 397312
10 1 20480 24576
66 1 73728 77824
79 1 135168 139264
55 1 106496 110592
36 1 53248 57344
11 1 94208 98304
77 1 622592 626688
86 1 364544 368640
35 2 28672 65536 65536 94208
1 1 483328 487424
18 1 450560 454656
67 1 626688 630784
4 1 106496 107008
57 2 389120 393216 393216 393728
68 2 126976 131072 131072 135168
68 1 0 57344
70 2 303104 327680 327680 368640
30 2 552960 589824 589824 655360
31 1 0 28672
5 2 475136 524288 524288 532480
50 1 557056 561152
91 4 393216 458752 458752 524288 524288 589824 589824 655360
92 4 0 65536 65536 131072 131072 196608 196608 262144
19 1 557056 581632
22 2 557056 589824 589824 598016
50 2 471040 524288 524288 532480
36 2 409600 458752 458752 475136
59 1 630784 655360
60 1 0 40960
4 2 122880 131072 131072 188416
28 2 45056 65536 65536 110592
29 2 221184 262144 262144 286720
27 8 126976 131072 131072 196608 196608 262144 262144 327680 327680 393216 393216 458752 458752 524288 524288 585728
56 2 49152 65536 65536 114688
38 2 36864 65536 65536 102400
77 2 274432 327680 327680 339968
85 2 315392 327680 327680 344064
25 2 245760 262144 262144 311296
27 1 73728 77824
15 1 593920 606208
48 1 413696 417792
42 1 454656 458752
45 1 155648 163840
67 1 159744 163840
60 1 307200 315392
49 1 225280 229376
52 1 569344 573440
30 1 438272 446464
7 1 8192 12288
24 1 49152 53248
94 1 479232 483328
31 1 634880 638976
45 1 225280 229376
76 1 372736 373760
7 1 40960 49152
83 1 581632 585728
30 1 446464 450560
51 1 217088 221184
5 1 245760 249856
39 1 561152 569344
13 1 167936 196608
58 1 479232 483328
71 1 466944 471040
20 1 499712 503808
63 4 65536 131072 131072 196608 196608 262144 262144 307200
71 1 487424 491520
71 1 507904 516096
41 2 143360 196608 196608 208896
90 1 385024 389120
39 1 569344 581632
40 6 274432 327680 327680 393216 393216 458752 458752 524288 524288 589824 589824 655360
41 3 0 65536 65536 131072 131072 143360
34 1 643072 655360
79 3 442368 458752 458752 524288 524288 528384
66 1 28672 32768
55 1 241664 245760
79 1 528384 532480
68 1 339968 348160
55 1 253952 262144
39 2 507904 524288 524288 573440
40 2 311296 327680 327680 376832
40 2 573440 589824 589824 638976
99 1 131072 134144
69 1 544768 565248
51 1 295424 297984
51 1 297984 299008
51 1 315392 318464
51 1 318464 322560
51 1 322560 326656
51 2 326656 327680 327680 330752
58 1 417792 458752
51 1 330752 334848
51 1 334848 338944
77 1 131072 196608
51 1 338944 343040
11 1 262144 286720
51 1 343040 347136
12 1 323584 327680
14 1 348160 352256
11 1 294912 299008
17 1 532480 540672
35 1 225280 229376
88 1 507904 512000
25 1 28672 36864
25 1 36864 40960
22 1 192512 196608
44 1 573440 577536
42 1 139264 196608
77 1 65536 131072
76 1 393216 405504
55 1 258048 262144
12 1 282624 294912
13 7 102400 131072 131072 196608 196608 262144 262144 327680 327680 393216 393216 458752 458752 479232
3 2 184320 196608 196608 208896
52 1 24576 28672
12 1 532480 557056
8 4 430080 458752 458752 524288 524288 589824 589824 655360
9 2 0 65536 65536 90112
22 3 131072 196608 196608 262144 262144 311296
76 1 471040 495616
54 1 634880 655360
55 1 0 12288
6 1 274432 278528
34 1 425984 430080
72 4 52736 65536 65536 131072 131072 196608 196608 212480
71 2 163328 196608 196608 212480
37 1 569344 573440
20 1 143360 167936
9 3 478720 524288 524288 589824 589824 650752
51 1 614400 618496
10 2 261632 262144 262144 310784
9 2 429568 458752 458752 474624
59 1 241664 245760
73 2 425472 458752 458752 474624
71 4 216576 262144 262144 327680 327680 393216 393216 458240
37 1 36864 49152
50 1 405504 409600
80 1 8192 16384
30 1 430080 434176
63 1 16384 20480
45 2 319488 327680 327680 335872
45 1 339968 389120
45 1 389120 393216
28 1 249856 250368
81 1 430080 434176
81 1 425984 430080
21 1 589824 593920
81 1 434176 438272
28 1 253952 258048
80 1 409600 425984
28 1 262144 266240
21 1 593920 598016
28 1 249856 250368
21 1 589824 593920
39 2 106496 131072 131072 139264
35 1 503808 520192
83 1 647168 651264
83 1 573440 577536
64 1 418816 419840
28 1 313856 317440
47 1 296960 297984
43 1 231424 234496
64 1 419840 422400
28 1 274432 282624
69 1 90112 91136
28 1 278528 282624
54 1 32768 36864
69 1 507904 516096
15 1 159744 180224
15 1 180224 184320
17 1 245760 249856
68 1 135168 139264
15 1 364544 368640
15 1 372736 376832
30 7 209408 262144 262144 327680 327680 393216 393216 458752 458752 524288 524288 589824 589824 655360
31 2 0 65536 65536 78336
68 2 57344 65536 65536 131072
93 2 389120 393216 393216 417792
51 1 347136 351232
26 1 40960 43008
80 1 499712 503808
51 1 351232 355328
48 1 45056 49152
93 1 417792 421888
14 1 135168 139264
51 1 355328 359424
54 1 442368 454656
50 1 638976 643072
20 1 0 8192
41 2 573440 589824 589824 638976
37 1 618496 622592
19 1 299008 303104
24 1 114688 122880
54 1 303104 307200
51 1 12288 16384
60 1 32768 40960
24 1 122880 126976
42 2 573440 589824 589824 598016
29 1 212992 214528
38 1 630784 634880
40 1 520192 522240
42 2 442368 458752 458752 507904
7 1 102400 106496
38 1 524288 577536
18 2 479232 524288 524288 544768
78 1 126976 131072
50 1 569344 573440
67 1 0 4096
39 1 159744 163840
85 1 90112 102400
85 1 102400 106496
50 1 503808 516096
57 1 389120 393216
34 1 622592 630784
50 1 577536 581632
41 1 32768 61440
75 1 270336 327680
73 1 94208 98304
17 1 495616 497152
51 1 512000 516096
73 1 155648 172032
10 1 430080 432640
50 1 495616 508416
34 2 24576 65536 65536 110592
50 1 557056 565248
50 2 508416 524288 524288 528384
60 1 131072 139264
50 1 532480 535552
50 4 274432 327680 327680 393216 393216 458752 458752 495616
84 2 413696 458752 458752 475136
84 2 540672 589824 589824 593920
97 2 585728 589824 589824 655360
98 1 0 61440
12 1 204288 205312
64 2 417792 458752 458752 479232
84 1 593920 598016
17 2 499712 524288 524288 578048
84 1 217088 229376
64 1 479232 483328
49 1 212992 217088
12 1 205312 206336
84 1 167936 172032
35 1 0 8192
73 4 110592 131072 131072 196608 196608 262144 262144 274432
6 1 544768 552960
35 1 8192 12288
85 1 552960 557056
79 1 77824 94208
78 1 77824 110592
78 2 110592 131072 131072 143360
78 1 143360 176128
78 1 176128 192512
78 2 454656 458752 458752 471040
79 1 28672 45056
53 2 228864 262144 262144 265728
48 1 610304 655360
49 1 0 36864
6 1 614400 618496
23 1 114688 118784
72 1 376832 380928
24 1 430080 434176
52 1 159744 188416
9 1 393216 397312
24 1 425984 430080
9 1 323584 327680
72 1 376832 380928
42 1 569344 573440
97 3 466944 524288 524288 589824 589824 655360
98 6 0 65536 65536 131072 131072 196608 196608 262144 262144 327680 327680 335872
45 1 221184 233472
28 1 317440 318464
56 1 630784 655360
57 1 0 40960
0 1 614400 619008
77 1 585728 589824
96 1 258048 262144
34 1 520192 524288
53 1 311296 315392
55 1 122880 131072
99 1 397312 401408
51 1 385024 389120
56 1 16384 20480
54 1 557056 561152
17 1 266240 278528
49 1 425984 434176
42 1 536576 540672
56 1 348160 352256
52 1 442368 458752
24 1 520192 524288
47 1 135168 139264
56 1 516096 520192
99 1 401408 425984
52 1 57344 61440
15 1 155648 159744
88 1 266240 315392
94 1 643072 651264
88 1 315392 319488
94 1 651264 655360
73 2 503808 524288 524288 532480
23 1 163840 167936
19 2 388608 393216 393216 396800
30 2 454144 458752 458752 474624
87 1 57344 61440
8 1 249856 253952
51 1 249856 262144
60 1 618496 622592
33 1 634880 638976
34 2 131072 196608 196608 200704
71 1 118784 122880
50 1 532480 536576
4 1 400896 413184
34 1 626688 634880
96 1 274432 278528
15 1 360448 364544
26 1 16384 24576
41 1 102400 110592
16 1 446464 450560
43 1 421888 425984
84 1 503808 507904
20 1 561152 565248
4 1 196608 199168
47 1 503808 507904
10 6 314880 327680 327680 393216 393216 458752 458752 524288 524288 589824 589824 605696
73 3 478720 524288 524288 589824 589824 655360
74 2 0 65536 65536 130560
32 1 266240 307200
97 1 81920 86016
90 1 425984 430080
72 1 599552 602112
80 1 16384 20480
50 1 405504 409600
37 1 40960 45056
5 1 114688 118784
95 1 65536 73728
42 1 561152 565248
23 1 299008 311296
23 1 327680 331776
27 1 188416 192512
27 1 155648 159744
34 1 528384 532480
27 1 204800 208896
34 1 643072 647168
46 1 622592 626688
47 1 4096 8192
47 1 40960 45056
47 1 53248 57344
47 1 643072 647168
