#StripeID,rangenumber,BlockOffsetStart,BlockOffsetEnd
0 5 1679 1036069 1120058 2091772 3764904 4118209 4210967 4915528 6291456 7340032
1 3 52124 902776 3173221 4186165 9437184 10485760
2 4 443143 872701 4339988 4958910 6517228 6942404 9437184 10485760
3 7 69342 964538 1530317 1838022 2129874 2954293 3187041 3846107 4271158 5112158 5323950 6245270 8620723 9414897
4 6 41833 607422 1154483 1660725 3291466 3952201 5434157 6171736 7728194 8160893 9437184 10485760
5 5 1219915 1738761 2296095 3042953 4679475 5224679 5333078 6266310 9437184 10485760
6 5 210325 803245 3180429 3723319 5572843 6056218 6814937 7300036 8388608 9437184
7 5 1053174 2096495 2166028 2993330 4196698 5242142 6597395 7308784 7340032 8388608
8 5 160265 537384 2118121 3038189 3201061 4176741 6308109 7195633 7340032 8388608
9 5 15014 990486 4264685 5241654 7742999 8284929 8433195 9367436 9437184 10485760
10 4 28699 1048011 2105782 3122565 6491199 7278245 7340032 8388608
11 4 1133274 1787495 3349840 4177563 4194453 5012713 9437184 10485760
12 5 60738 573965 1131158 1645874 2606749 2958707 6850038 7184756 7340032 8388608
13 6 2208195 2914031 4392292 5219928 5249471 6277003 7360460 8370185 8740765 9421282 9479774 10471408
14 5 1403084 1732364 6908342 7192542 7400355 8243327 8446336 9325504 9437184 10485760
15 3 346479 641561 1587707 1924150 3145728 4194304
16 4 2248202 3109128 3273128 4030903 5456296 6214388 7340032 8388608
17 4 1293431 1986646 3147503 4174138 5255779 6223996 6291456 7340032
18 4 1610912 2072504 3219223 3951772 5339080 6043598 8388608 9437184
19 5 1101621 1466429 3216583 4162550 4292097 4569715 6465845 6975850 7340032 8388608
20 5 1130 660656 1187618 1859148 3295280 4034534 6582838 7288537 7340032 8388608
21 5 1655890 1979358 2106035 3139655 3474566 3800628 7392610 7714696 8388608 9437184
22 5 194851 540997 2721091 3055084 4902315 5235721 8811997 9320770 9437184 10485760
23 4 439589 787698 3222231 4173680 4331348 5186175 9437184 10485760
24 5 1117193 1794348 2136473 3102935 3311495 4053073 4204071 4542281 5242880 6291456
25 5 1118096 1910698 4560266 4961300 7596182 7930458 8538023 9187644 9437184 10485760
26 4 78480 922166 4207881 5165638 5520192 5923150 8388608 9437184
27 4 1365681 1923267 2456688 2939693 7616839 8092470 8388608 9437184
28 5 23114 575378 1398335 1664196 3420408 3819726 4657602 5089176 5242880 6291456
29 5 59239 1045969 6863548 7281986 7727183 8027105 8533449 9406398 9437184 10485760
30 4 375190 679166 2358802 2841227 4207777 5169251 9437184 10485760
31 5 1480898 1928694 2285225 2573359 6296898 7331385 8739832 9433688 9437184 10485760
32 6 20302 683570 2213771 2969469 3628390 4099801 4354311 4983098 5476632 5977427 6291456 7340032
33 3 3598897 4153177 5535563 5870499 6291456 7340032
34 5 93620 629667 5312470 6183406 6405124 6707383 8502526 9390220 9437184 10485760
35 5 1315671 1777127 3602967 3911653 4739479 5003396 5422935 6249686 6291456 7340032
36 5 326712 935095 3493534 4084842 5557790 5950613 6372533 7166433 8388608 9437184
37 5 1489445 1952747 4243999 5203372 5265690 6238053 6370348 7277906 7340032 8388608
38 5 159032 1029334 1090813 2039465 3377351 4127070 4306345 5032127 8388608 9437184
39 5 1129743 2055573 2146113 2759727 4519802 5028223 5451682 5949378 7340032 8388608
40 4 477538 816047 3475906 4172622 4245274 5111052 7340032 8388608
41 5 1138704 2088774 6403220 6671178 7454767 8162709 8931726 9378300 9437184 10485760
42 5 1327042 2076399 3301822 4150041 7736000 8330855 8709814 9436029 9437184 10485760
43 6 1184467 1918543 3436510 3957903 5369914 6178680 6322814 7242151 7570651 8120731 8388608 9437184
44 4 2380347 2977730 3290823 3637458 4436799 4857100 9437184 10485760
45 5 1333060 1942158 2315137 3065838 3362609 3690043 6495654 7198350 8388608 9437184
46 6 395037 970299 2316839 2987913 3341684 4168193 6300403 7332866 8446420 9341120 9437184 10485760
47 5 350682 965283 3198722 4172997 4199712 5221215 6358369 7110607 7340032 8388608
48 7 56179 992294 4678429 5082864 5295607 5748307 6490215 7025152 7451002 8056400 8559969 9298899 9437184 10485760
49 5 10162 765458 2097258 3144810 4311860 4940964 6300449 7244318 9437184 10485760
50 6 250132 672060 1545140 1939636 3160721 4124843 4251442 5104950 8522953 9272720 9437184 10485760
51 6 327110 616179 1226138 2092048 2305113 2960794 4207301 5219192 7960891 8302723 9437184 10485760
52 5 1080309 1972030 3156494 4012061 4473615 5099828 5437165 6148495 6291456 7340032
53 4 55332 831489 5432770 6149496 6408316 7336919 7340032 8388608
54 6 2223897 3131871 4422670 5172269 5262294 6290974 6460436 7004013 7430904 7950468 9437184 10485760
55 5 3195402 4158192 4209351 4824232 6461857 7242318 7851265 8304081 9437184 10485760
56 4 4212409 5209797 5245541 6090474 7390116 8193982 9437184 10485760
57 4 3403059 4164422 5251920 5984009 6599984 6959701 7340032 8388608
58 4 3284905 4127407 4417390 5039989 5245589 6289902 9437184 10485760
59 5 1250515 1639175 2159833 2752853 4198693 5239804 7352165 8337997 8388608 9437184
60 4 310636 776327 4572715 5073392 7656982 8107284 8388608 9437184
61 3 2154326 2464196 4270885 5113267 8388608 9437184
62 5 74537 938630 1299560 2053902 2275780 2999789 6345328 6800791 7340032 8388608
63 5 1653626 1993450 3235702 4157867 6450553 6768910 7930212 8348801 8388608 9437184
64 6 1107738 1994966 3245441 4055542 4426417 5160959 6742431 7316372 8501023 9380280 9437184 10485760
65 5 27659 945703 1394830 1934475 6456142 6803417 7522288 8035948 9437184 10485760
66 5 123184 1007984 2114264 2681815 3447827 3952691 5261408 6264848 6291456 7340032
67 5 1100433 1981016 2157327 2865261 3204660 4037819 5262408 6203646 7340032 8388608
68 6 591 1048074 1113773 1836402 2256583 3010192 4220682 5216549 8650999 9198613 9437184 10485760
69 5 316519 916641 1062136 1586809 3385772 3743679 5318272 6287469 7340032 8388608
70 5 272086 1027585 1106539 2051840 4289456 4843268 6405720 7281626 9437184 10485760
71 5 1216902 1828545 2110862 3075691 3491552 3922333 7599800 8293585 9437184 10485760
72 5 132329 724268 3206504 3807625 6561252 7247204 8029638 8292988 8388608 9437184
73 6 130676 1045698 1106515 2024447 2310598 2626860 4482253 5024425 6593476 6992997 7340032 8388608
74 5 166071 679136 1337374 1925363 4773381 5049863 5291748 5981701 7340032 8388608
75 4 1571160 1994754 5262007 6275564 7524951 8320685 9437184 10485760
76 5 3547947 3961759 4727233 5189246 7343633 8388321 8461809 8867092 9437184 10485760
77 5 380659 939381 4633382 5208584 5394903 6272495 6355634 7309776 9437184 10485760
78 6 2196035 3028006 4363008 5102615 6541861 7001821 7440425 8302142 8819336 9326387 9437184 10485760
79 3 6376917 7334989 7859421 8281058 8388608 9437184
80 7 119780 933423 2854689 3132926 3575621 3988922 5263112 6211843 6783752 7124359 7517535 8057575 8388608 9437184
81 5 1148193 1969880 5571503 6165690 6323434 7339207 7349442 8178882 9437184 10485760
82 5 51612 768808 3237988 4164664 4659534 5027067 5556892 5993482 9437184 10485760
83 6 76320 790071 2529219 3047422 5421609 6277171 6469696 6920643 8471412 8917129 9437184 10485760
84 5 1532126 2037737 3179017 4110052 4328168 5072206 6292687 7254064 7340032 8388608
85 6 78421 956678 2152767 3084886 3162118 4148108 4352702 5093873 7743412 8214450 9437184 10485760
86 6 1415199 1987587 2108654 2680369 3197607 4149954 4198549 4748506 6471234 7326797 7340032 8388608
87 6 114821 746400 1073496 2003182 4260004 5173199 6309383 7282214 7352767 8273676 8553092 9427772
88 5 4306 1034384 2406597 2763252 4586199 5190932 7432117 8129947 9437184 10485760
89 4 4463756 4898437 5397619 6165017 6295021 7339989 8388608 9437184
90 5 1100665 2071985 6387341 7233869 7753773 8110606 8665912 8942650 9437184 10485760
91 5 3194417 4126128 4439484 4815237 5256000 6012523 7426016 8337801 9437184 10485760
92 6 1195142 1579629 2136171 2445864 3404005 3985298 5344793 5728698 7482286 7990635 9437184 10485760
93 5 4199367 5223405 5586247 6283428 6804573 7170548 8495593 9403295 9437184 10485760
94 6 380303 890029 1433754 1800078 3314765 4147822 4226049 4864289 5387521 6067144 7340032 8388608
95 4 1070970 1555523 5592589 5907768 7472072 7989616 9437184 10485760
96 6 1454568 2061231 3770660 4187525 4485047 4750164 5379186 5793046 8454315 9282915 9437184 10485760
97 6 84874 964475 1231286 1509977 2124624 2665026 7781441 8176500 8418400 9232184 9437184 10485760
98 5 4668266 5044761 5300957 6091414 6302823 7209953 7361622 8386335 9437184 10485760
99 5 56603 765727 3378282 4154510 6376170 6715374 7658955 8258857 8388608 9437184
100 4 2236234 3124788 3383605 3954971 4353013 5145265 5242880 6291456
101 5 1482490 1984226 3383492 4001031 6509554 7189796 7343147 8370345 8388608 9437184
102 5 1083773 1843222 4283815 4641615 5695735 6055637 7730780 8094179 9437184 10485760
103 6 348830 981748 3172700 3878325 5557667 6121412 7524395 8114165 8994599 9365376 9437184 10485760
104 5 291643 920908 2157384 2804943 3446721 4000964 6741412 7240700 7340032 8388608
105 6 189179 481682 2465568 3014256 4372469 4958606 5246081 5876299 8538818 8991179 9437184 10485760
106 5 1144790 1439080 2099324 3143822 5637348 6125075 6529297 7231667 9437184 10485760
107 5 4216574 5103903 5406017 5723325 6343635 6770835 8399301 9368152 9437184 10485760
108 5 2634386 3122570 3507667 3889157 6349594 7062535 7695613 8254762 8388608 9437184
109 5 314218 990825 1056636 1376223 4510365 4986862 7483933 7967571 8388608 9437184
110 6 135461 581834 1327802 1988622 3160808 4160804 4340770 5127477 5289301 6251944 8388608 9437184
111 4 328267 672055 3258262 4124133 6397473 7260870 9437184 10485760
112 5 90111 692799 1169187 2079482 3206006 4191258 4240509 4882083 6291456 7340032
113 5 1069192 1880750 3308401 3985536 4197085 5241262 6640703 7135182 8388608 9437184
114 6 1232653 1861143 4215453 5240309 6539201 6956209 7493589 7863531 8492035 9022581 9437184 10485760
115 4 1113340 2033936 2392711 3141345 6409133 7278893 9437184 10485760
116 5 1540275 1874022 3304493 4030325 5552954 6103114 8757646 9078690 9437184 10485760
117 5 150511 799304 4870285 5212887 6936339 7293165 7472956 8358037 8388608 9437184
118 5 24672 970317 3462925 4062214 4457164 5218041 8453487 8873820 9437184 10485760
119 5 28688 1032827 1323338 2046249 2257008 3067293 5624454 6053055 8388608 9437184
120 5 2104015 3078034 4279147 5202823 6326012 6939061 7389580 7997429 8388608 9437184
121 5 4233723 5127844 5285610 5897309 6465417 7338607 8755421 9165863 9437184 10485760
122 5 1385951 2043071 2523495 3130071 4746267 5142412 6968862 7328998 8388608 9437184
123 5 224597 675760 2498838 3119314 5343546 6115582 6435703 6935394 8388608 9437184
124 4 401765 1017032 1082929 1993125 4293058 5181460 5242880 6291456
125 4 190997 883957 2128285 3099646 7660159 8388079 9437184 10485760
126 5 2482861 2948445 3220494 4193894 7582085 8306228 8796569 9354172 9437184 10485760
127 5 1084856 1981035 2124509 2648800 6354447 7288915 8679347 9330735 9437184 10485760
128 6 269144 1002433 1507299 1923949 2329975 2688287 4377587 5112772 8823658 9113767 9437184 10485760
129 4 3538852 3886565 5272436 5770025 7391980 7988289 8388608 9437184
130 6 54467 1046495 2589049 2996727 3148481 3881017 5262807 5608025 7453097 7983596 8388608 9437184
131 6 63883 641806 1298597 1610809 2432146 3134508 6411285 7326493 8504850 8832852 9437184 10485760
132 6 150551 666385 4419348 4986912 5887554 6151338 6417580 7049678 7449232 8309760 8388608 9437184
133 4 142627 956384 1254729 2048844 5388147 6182571 8388608 9437184
134 3 132985 786564 6291522 7337284 7340032 8388608
135 5 1062163 1983082 3232895 4105208 5289369 5691403 6577724 7209280 8388608 9437184
136 5 1114741 1518288 2127146 3140117 5550576 5851500 7385966 7859493 8388608 9437184
137 6 132809 891348 3824052 4124595 4494313 4956843 5652265 6288723 6979040 7291310 7340032 8388608
138 5 1251289 1974530 3243674 3861323 5503725 6286175 6563706 7211041 8388608 9437184
139 5 1620547 2071913 3314135 3884315 4278262 4647987 6637968 7243960 9437184 10485760
140 5 2331576 2962343 3515413 3821969 5356897 6263759 6626722 7176758 7340032 8388608
141 7 459457 871316 1180937 1479570 2344611 2677254 4242319 5180965 6492181 7134067 8397097 9254040 9437184 10485760
142 5 36095 900039 3241921 4059243 5407708 6087220 7376560 8319817 8388608 9437184
143 4 101446 906485 1079446 1930546 2503456 3040092 3145728 4194304
144 5 3274322 3746368 4271953 4676418 5333401 6069546 7369202 8379368 8388608 9437184
145 7 1231123 1658423 2363886 3005082 4321561 4818839 5388502 5861389 6809475 7319854 8767035 9056739 9437184 10485760
146 5 324314 655399 2348110 3027754 4301991 5115366 5544293 6235759 7340032 8388608
147 4 1116387 2091676 3213012 3836405 5410598 6250825 7340032 8388608
148 5 40112 845525 2183479 2764520 6629790 7061768 7354808 8360740 8388608 9437184
149 5 1120775 2048824 2162777 2712703 4233995 5151522 7479880 8386298 8388608 9437184
150 4 2185656 3102613 5253678 6106818 8473776 8765671 9437184 10485760
151 3 3254933 4117006 4202243 5112520 9437184 10485760
152 5 1101803 2082211 3383515 3957541 4257127 4595788 8849567 9277470 9437184 10485760
153 5 1500242 2090152 3166654 4182056 4205621 5237629 5311439 5991667 7340032 8388608
154 6 1329040 1719657 2227132 2960711 3247242 3657106 7644341 7959548 8711243 9376197 9437184 10485760
155 5 1293321 2077934 2258916 3044047 5255031 6038705 6703800 7060367 8388608 9437184
156 5 259467 816634 3269089 4157776 5524260 6086032 6404174 6674892 9437184 10485760
157 5 26821 709005 2244428 3104555 4574437 5040691 5318535 6160775 6291456 7340032
158 4 4225449 5141109 6392833 6789890 7535695 8210876 8388608 9437184
159 6 1182039 2075911 5505064 6188092 6338960 6643314 7483725 7786673 8410434 9420833 9437184 10485760
160 6 1370000 1976041 2182349 2778495 4517527 5191713 6296358 7333734 7428210 8312919 8388608 9437184
161 5 4443284 5019781 5629131 5908720 7693300 8302773 8825382 9202454 9437184 10485760
162 5 59649 927486 4195986 5214572 5368826 6242838 7889729 8330667 8388608 9437184
163 5 2130256 2646361 5426517 6289044 6491507 6868884 8851070 9133071 9437184 10485760
164 5 2220780 3124105 3157645 4191370 4339093 4666543 6345809 7151831 7340032 8388608
165 5 1328088 2072224 2383556 3004655 6645805 7279445 7362338 8380426 8388608 9437184
166 5 1126825 1974165 2409223 2907157 3515299 4080485 4707060 5186550 7340032 8388608
167 5 177372 1040850 2196686 3028406 4375253 5051094 5547441 5963176 8388608 9437184
168 3 1082188 2032168 5244842 6290627 7340032 8388608
169 4 1694160 2070836 4198224 5237248 8441839 8958218 9437184 10485760
170 5 173168 868689 3176687 4191035 6435600 6803172 8965694 9233271 9437184 10485760
171 7 1198215 1797127 2104906 3044323 3829712 4185662 5303755 6167921 6485098 7308389 7367895 8388282 9456739 10097496
172 6 303528 761033 2106869 2408299 3443503 4018533 5271008 6165215 6440648 7054109 9437184 10485760
173 5 1191621 1944520 4312422 4776743 7425225 8034116 8403645 9432423 9437184 10485760
174 5 176790 1034295 2281171 2745859 5349176 6251952 6561611 7272234 9437184 10485760
175 5 1178624 1780088 2370605 2639910 3269208 3933558 6431437 7162017 8388608 9437184
176 7 15495 977863 1209430 1959576 2522262 2951881 4260170 5241714 5263260 6263137 8697977 9083240 9629882 10363945
177 5 1050106 2096306 2385109 3083298 3427542 4183385 7368659 8327156 9437184 10485760
178 6 1640149 1984189 2161910 2541713 4326814 5163209 5805608 6279728 7512561 7931836 9437184 10485760
179 5 1080611 2094497 5778047 6135550 7369201 8098467 8457784 9195386 9437184 10485760
180 5 713 1021271 2230560 2907886 6024912 6290217 7416609 7907239 9437184 10485760
181 3 495002 829517 1349612 1645032 5242880 6291456
182 5 2294098 2952075 3839667 4185959 5277742 6105383 6337038 7284462 8388608 9437184
183 4 2100794 2596445 5555736 5841719 6576902 7324540 8388608 9437184
184 5 2386191 2810991 3264054 3723834 6983723 7279649 7662428 8364177 8388608 9437184
185 6 468127 765478 3158488 4047454 4240689 4759455 6521598 7205547 8616431 9124297 9437184 10485760
186 6 302763 899301 1132636 2021742 2413574 2924129 4740875 5153238 5676529 6170453 7340032 8388608
187 5 291425 1001521 2121732 2903572 5580162 6203451 6341414 7307511 8388608 9437184
188 6 1612634 2067589 2223488 2982152 3461072 3959506 5252340 6256432 6321667 7069328 8388608 9437184
189 5 1155183 1684709 2436212 3044661 3617363 3962418 6339933 6991179 8388608 9437184
190 5 10367 906867 3343031 3681494 4340803 5219073 5745561 6235263 9437184 10485760
191 4 123014 584412 1051665 2096968 4321492 5085820 5242880 6291456
192 5 2296728 2855681 3425514 4176557 4241392 5183769 6428589 7014137 9437184 10485760
193 5 1216470 1970910 5631592 6106730 6508474 7098740 7929881 8239961 9437184 10485760
194 6 13683 1030814 2177059 2748734 4540192 5008057 5641170 6144506 6355872 7215483 7340032 8388608
195 5 4202341 5240005 5331082 6076440 6302996 7333507 7486789 7926420 9437184 10485760
196 5 700674 1040759 2103845 2416860 4266389 4960957 7370366 8293848 9437184 10485760
197 4 195664 935968 2744999 3070529 3233120 4163970 4194304 5242880
198 6 6213 699676 4749438 5029120 5251882 6271299 7415185 8239091 8915219 9195338 9437184 10485760
199 6 201255 716073 1114745 2026776 2237307 2871109 4235732 4914052 6504331 7157647 7340032 8388608
200 5 85182 1032817 3243770 3539137 4393147 5080256 5532654 6190288 9437184 10485760
201 5 102809 1041187 1345247 1954753 2650967 3013105 3386655 3693417 6291456 7340032
202 4 293992 634095 4342024 5173576 7344344 8296565 9437184 10485760
203 4 417643 830982 3459542 3802360 4785657 5218142 5242880 6291456
204 4 3148020 4185843 5290338 6275276 6816575 7160956 8388608 9437184
205 5 357137 698991 1152569 2049278 3161260 3765634 5278705 6205775 7340032 8388608
206 6 2194532 2909501 3195544 4170399 4842969 5194969 7758442 8330313 8465685 8986250 9437184 10485760
207 4 2263182 2933874 5298743 5939108 6296903 6655013 9437184 10485760
208 6 451914 910552 1340596 2073386 4328637 5172468 5297035 5987044 6385428 6675109 7340032 8388608
209 5 203318 899373 1635292 1986249 2274972 2791649 5292783 6273532 6291456 7340032
210 4 3212068 3627235 4650095 5087568 8609386 9160896 9437184 10485760
211 5 1113561 2031100 4355960 5240755 5722982 6190173 8530679 8904991 9437184 10485760
212 5 2272650 2996401 5554513 6268190 6606485 7011365 7656288 8254673 9437184 10485760
213 6 1433861 2001610 2138629 3129489 3272828 4049830 5440041 6043901 7768110 8324170 9437184 10485760
214 6 1052103 2029074 3160854 4185536 4208043 5212963 5395621 6117518 6295988 7284622 8817981 9343757
215 6 1393905 1921004 2540833 2964607 5281659 5939106 6604945 7337969 7550169 8314827 8388608 9437184
216 5 35186 1033046 2119429 3004238 6551745 6928571 8475730 9427419 9437184 10485760
217 5 55545 769054 2200548 2473752 6407848 6941298 7535815 8333441 9437184 10485760
218 5 2359540 3107240 3507452 3927663 7846254 8134153 8698391 9070162 9437184 10485760
219 5 1287301 1909176 2643580 3122640 6474065 7242593 7391214 8152650 9437184 10485760
220 5 7542 1014991 1408319 1694145 2111486 3053075 5264422 6236598 7340032 8388608
221 6 1160346 2009534 2218711 2965353 3475903 4162770 4389744 4845299 7426186 8359920 8388608 9437184
222 5 2333 672200 3159804 4160916 4486169 4964093 7344132 8344221 8388608 9437184
223 5 1108321 1850241 2448792 2986033 5407194 6182599 8490487 9378600 9437184 10485760
224 5 1093803 2003298 2136138 3104591 3167945 4074422 5260436 6227338 9437184 10485760
225 5 1057840 2047104 2198985 2996767 3458426 4159125 4797031 5203739 7340032 8388608
226 5 1200008 1975578 2293339 2702594 4635746 5227751 7368139 8103191 9437184 10485760
227 6 171198 963332 1263080 2044237 2161603 3141703 3378434 4076398 4281992 5056574 7340032 8388608
228 4 117882 668230 3221401 4047268 4673840 5112363 9437184 10485760
229 5 406382 949427 1264394 2096026 4478490 5125316 7802838 8108613 8388608 9437184
230 5 137790 871512 1094180 1721833 2158696 2881238 3365801 3876400 6291456 7340032
231 6 1265571 1744371 4792070 5116455 5521948 6151948 6604381 7161264 7384171 8211254 9437184 10485760
232 5 4206785 5181225 6723045 7127364 7630826 7955135 8405239 9355140 9437184 10485760
233 5 2508928 3030651 3220266 3995644 5408660 6276278 7669186 8213100 9437184 10485760
234 5 1048647 2097015 3203223 4193816 4432695 5081838 7511625 8285520 8388608 9437184
235 5 104258 926786 1499089 1989644 5761626 6245912 6460730 7004455 7340032 8388608
236 6 2103497 3081348 3250139 3560457 4297049 5215789 5251416 5995466 7505689 7898105 8388608 9437184
237 5 39566 983281 1335906 1764749 3832113 4192131 5374156 6014243 6291456 7340032
238 4 380626 963119 2146646 3142207 5692961 6200622 6291456 7340032
239 5 622518 1023807 1593252 2092574 3204063 4179220 7348486 7620368 8388608 9437184
240 5 401677 903889 1155978 1511792 2425724 2796082 3302623 3950183 6291456 7340032
241 4 1050797 1903594 2140174 3042284 4378427 5102048 9437184 10485760
242 5 1153921 1506963 2226291 2635249 6392127 7272484 7565155 8195910 8388608 9437184
243 5 298761 821126 2098909 3085069 3185265 4137797 4737203 5214772 5242880 6291456
244 5 518927 1032038 3204838 3871612 4718154 5233090 5320727 6251948 6291456 7340032
245 4 297995 965768 1240157 1943608 5421909 6256949 8388608 9437184
246 4 14463 347420 1161687 1698752 4257710 4561615 7340032 8388608
247 6 4416379 5114135 5269243 6267288 6963108 7311683 7480975 8305747 8428632 9336748 9437184 10485760
248 5 1134231 1958820 3453189 4125044 4294341 5221590 6380723 7324273 8388608 9437184
249 5 455589 808133 1523970 1907734 3160153 4064336 4543521 5129979 6291456 7340032
250 5 743 998462 1569102 2003036 2371357 2997047 5448135 6252626 8388608 9437184
251 6 1052444 2083126 2448436 2741362 4336900 5049223 5259623 6071067 7713494 8251360 8388608 9437184
252 7 43746 900313 1131051 1778743 2502599 3032251 3747518 4117565 4209421 5178431 7873573 8375216 8388608 9437184
253 3 190828 947653 3224415 3888142 9437184 10485760
254 4 130161 729738 1216314 1914934 6724516 7271094 8388608 9437184
255 4 540828 1036998 1468976 1779279 5730566 6064984 8388608 9437184
256 6 105209 754192 1344173 1912076 3533478 4114294 4257895 5173005 5435961 6184567 9437184 10485760
257 5 12535 704633 1411827 1918286 3255772 4184749 7397520 8386810 8388608 9437184
258 3 11914 1047993 5297379 5881971 6291456 7340032
259 4 293418 704851 3191760 3551449 6724577 7229437 7340032 8388608
260 5 34999 827122 1156050 2086363 4233536 4909187 5391730 6274521 7340032 8388608
261 4 2517010 3109464 3513110 4187294 4199649 5232866 9437184 10485760
262 5 1077142 1952396 3256518 3681621 4665708 5100211 6456099 7206937 7340032 8388608
263 5 2236092 2984090 3240541 3628423 5561872 5989287 7385702 8386782 8388608 9437184
264 5 373023 895443 2366352 3043988 3855806 4169278 5379282 5954783 8388608 9437184
265 6 1126 1047687 2196478 2720611 3199156 3945787 4321656 4730383 6356120 6630801 7340032 8388608
266 6 2108167 3089933 3299375 4172129 6772452 7305989 7362891 7703664 8595964 8925711 9437184 10485760
267 6 483388 790302 1224725 1539966 2210701 3074606 6304399 7326163 7355489 8137859 8388608 9437184
268 5 1195300 1745783 2175077 2904897 5886817 6185293 6355887 7267284 9437184 10485760
269 5 200810 756320 6731055 7137101 7891388 8362678 8409086 8932480 9437184 10485760
270 7 2238938 2908329 4221633 4672327 5555940 6152451 6322182 6813985 7370750 7927473 8666182 9422922 9437184 10485760
271 5 31608 982524 1328383 1870000 2098068 3133075 3553018 4045231 9437184 10485760
272 5 2108581 3144684 3455877 4094232 4931927 5223647 8411655 9408390 9437184 10485760
273 6 2189194 2775403 3165631 3942034 4253200 4609985 6520893 7026960 7892053 8175093 9437184 10485760
274 5 2436459 2884683 3168705 3493297 5857984 6275015 7349315 8350386 9437184 10485760
275 6 1075060 1951687 2255363 2870416 3217267 3817684 5700969 6128267 8452466 9384928 9437184 10485760
276 5 1094543 1974245 2258015 2916923 5252530 6284323 7526372 7922050 8388608 9437184
277 5 424047 1019865 1106482 2009705 4268431 5201293 6811743 7183054 9437184 10485760
278 4 1141611 1579797 2139036 3144584 3156729 4183584 5242880 6291456
279 5 134562 764212 3147071 3522497 4598988 4911618 5462899 6184550 8388608 9437184
280 7 118270 883194 2570361 3003062 3180763 3520196 4204830 4776208 6428362 7024704 7417836 7789792 9437184 10485760
281 5 311443 927953 1175122 2080719 2099183 3100053 4280810 4995229 6291456 7340032
282 5 199212 676891 2387666 3078971 6315375 7334630 7409569 8238075 8388608 9437184
283 5 144090 1005778 1129101 1906041 3524084 3843380 4642681 4908825 8388608 9437184
284 4 217005 506134 3451714 3892988 7836606 8184666 9437184 10485760
285 6 2770197 3127904 3247315 4080016 4583347 5039353 5436552 6098670 6758885 7216675 7340032 8388608
286 3 4475911 4975287 7356190 8209989 9437184 10485760
287 4 1157100 1986994 5302521 6183037 6307442 7150079 9437184 10485760
288 6 1089971 1665484 3163935 3840061 4344045 5132680 6501289 7305355 7517643 8379032 8388608 9437184
289 7 1093324 1487783 2138239 2844323 4251371 5229823 5397941 5871812 6359059 7245155 7721243 8318668 8388608 9437184
290 6 1193384 1797496 3265831 4072907 4928739 5203847 6401450 7316917 7774606 8154734 9437184 10485760
291 4 1348566 1716606 4284447 5108243 8527091 9220084 9437184 10485760
292 5 75420 760112 1153884 2064304 2512170 2814980 7702060 8311800 9437184 10485760
293 4 428545 1044967 4357330 4937250 5684774 6240882 7340032 8388608
294 5 1216803 1943582 2479252 3023903 3462911 4162072 5254583 6193640 7340032 8388608
295 4 3373056 4176790 6320924 6975141 7547516 8349959 8388608 9437184
296 4 1279087 2090984 4201892 5060332 6493583 6937903 8388608 9437184
297 6 369431 1009455 3433014 3903939 6534840 7183228 7444088 8235895 8404844 9333263 9437184 10485760
298 5 3643363 4091716 4338832 5216364 5423365 6052258 7611256 8044856 9437184 10485760
299 5 600056 1033020 1280679 1767552 3175233 4116204 4221400 5194158 7340032 8388608
300 5 497126 768600 5424494 5825379 6293674 7186161 8653258 9150041 9437184 10485760
301 5 2229271 2972709 3635096 4126048 4549349 5128315 6507544 7315616 9437184 10485760
302 5 294365 948917 1126402 2067333 4268406 5169185 5601709 6176827 9437184 10485760
303 4 1193743 1796817 4538299 5074275 5262461 6270240 8388608 9437184
304 4 105931 997255 3187616 4142376 6309796 7285764 8388608 9437184
305 5 3164245 3833524 4344261 5217749 6651292 7112576 7363407 8387393 8388608 9437184
306 4 4637547 5214468 5828245 6268632 7648086 8100164 8388608 9437184
307 4 2440264 3054344 4427353 4783134 5359968 5994653 9437184 10485760
308 5 2174235 3050394 4256055 5004487 5271022 6026559 6367946 7295303 8388608 9437184
309 5 1448785 1836565 4272516 5090235 7368376 8063694 8532645 8952891 9437184 10485760
310 7 174393 947802 1071752 1995581 2429812 3020594 5247822 5570797 6434863 7171019 7516827 7998524 8388608 9437184
311 5 1273710 1990633 2322084 3007216 4395272 5158006 7379589 7646628 8388608 9437184
312 5 18786 480764 4194844 5166609 5339034 6258306 6528712 7051765 9437184 10485760
313 5 154316 944246 2184718 2767846 3193667 3524269 4346781 4921612 5242880 6291456
314 5 3505109 3907541 5431230 6207363 7512924 7972647 8398634 9083764 9437184 10485760
315 4 44298 835588 2481550 2872838 3148176 4155972 4194304 5242880
316 5 14170 970439 4196891 5144350 8063287 8376009 8825628 9209186 9437184 10485760
317 5 1264053 1686762 3190668 4181773 4195523 5118596 5463537 6041424 8388608 9437184
318 5 188420 986999 2128015 3037862 3205503 3764086 4716221 5089790 8388608 9437184
319 4 2124005 3123755 3229809 3801651 4769069 5072532 9437184 10485760
320 5 704258 979770 1164371 1519841 3321108 4185294 5321074 6101323 7340032 8388608
321 6 1203776 1944858 2340567 2879666 5347537 5662193 7381392 7826724 8577464 9144289 9437184 10485760
322 6 178795 586056 1236023 1842792 5568885 6290005 6752030 7295516 8391653 9422474 9437184 10485760
323 5 1191094 1931953 2458859 3125455 3366841 4130461 5347332 6289840 6291456 7340032
324 4 309723 1008103 2326875 3095140 8786805 9239014 9437184 10485760
325 6 231047 924453 2163564 2473913 3489122 4025586 6297936 6889582 8433036 9433973 9437184 10485760
326 5 3191641 4175458 4219271 5129685 5373205 6089222 6472728 7240211 9437184 10485760
327 5 530126 956820 2357112 3111341 5321381 5756963 6459560 7237234 7340032 8388608
328 4 49628 986339 3268935 3953945 4675699 5020502 9437184 10485760
329 5 1214283 1945211 3667261 4053878 6291601 7335184 7763069 8132842 9437184 10485760
330 5 79848 975545 6438868 7234042 7818400 8297443 8579104 9198659 9437184 10485760
331 6 3336198 4094458 4223961 5236794 5345050 5726756 6320520 7273581 7697970 7962417 8388608 9437184
332 5 172129 482274 4267939 5046425 5269698 6283520 7606673 7980974 8388608 9437184
333 5 1402925 1864905 3580331 3955475 6955456 7266359 8465784 9432719 9437184 10485760
334 4 2653279 2919971 3146523 4180643 7453490 8295733 9437184 10485760
335 6 1052782 2080905 2503376 2874104 4273018 5224623 5327249 6224998 7571083 8361824 8388608 9437184
336 5 2334573 2905180 3290620 3692614 4510200 5205138 8437656 9433818 9437184 10485760
337 5 1124749 2041380 3190986 4173094 5260269 6227447 6303109 7310157 8388608 9437184
338 5 1198165 2071425 3200447 4162156 4264283 5233422 5702930 6264891 9437184 10485760
339 6 702812 1020598 1258188 1579686 3539041 4081132 7640570 8071466 8421449 9400179 9437184 10485760
340 4 8468 838072 3383017 4021266 4840340 5209942 6291456 7340032
341 6 1092124 2080864 2497270 2808675 3364128 4032652 4235284 5215858 6305559 7146647 8388608 9437184
342 3 3531332 4029980 4337595 5216705 7340032 8388608
343 5 1058336 2036299 3327965 3786168 4202722 5235652 8784129 9171424 9437184 10485760
344 3 4363050 4761578 8455458 9329955 9437184 10485760
345 3 338302 761615 2110483 2998501 7340032 8388608
346 6 4232514 4870137 5263711 6267912 6349117 7162177 7885927 8340871 8918286 9251918 9437184 10485760
347 4 115971 744490 6639461 7125322 8577769 9187061 9437184 10485760
348 5 4314598 4585973 5288231 6251807 7466043 8195502 8469047 9404653 9437184 10485760
349 6 283239 814437 3154995 4176282 5784855 6072904 6561102 7216418 8505408 9300999 9437184 10485760
350 5 175526 538287 3285504 4111755 4851690 5121520 5463900 5794696 9437184 10485760
351 5 1097162 2096185 3183539 3902062 4197114 5242429 6316362 6739729 7340032 8388608
352 5 264144 712926 1067041 1914378 5302555 6167590 6505172 7038528 8388608 9437184
353 5 15506 983654 3147274 3970232 5337289 6272013 6308033 7218563 9437184 10485760
354 6 412557 978616 1088074 2069413 2119828 3018002 4595528 5152864 8588578 9309658 9437184 10485760
355 5 409985 815135 1125902 1960279 2116036 3043025 4549398 5124076 7340032 8388608
356 6 156409 1019091 2378774 3054142 5265195 6101461 6401584 6983219 8390126 9436915 9437184 10485760
357 6 1241506 1672422 3410746 3904402 4314494 4780403 5837729 6290040 6866968 7186142 9437184 10485760
358 5 51486 576495 1559432 2028583 4381547 4990613 5488805 5885392 8388608 9437184
359 4 1284844 2056450 2420292 3026731 3185793 4139391 9437184 10485760
360 5 1377005 1644215 2329438 2849715 3174309 4183247 5683339 6235602 8388608 9437184
361 5 2352465 2934919 3174257 4014870 5328835 5775287 7790245 8346636 8388608 9437184
362 6 2470 1027374 3677543 3959222 4198392 5122844 5394635 6266935 6600804 7287762 8388608 9437184
363 4 123759 951795 4213785 5161601 7545814 8191546 8388608 9437184
364 4 2230953 3018562 3561787 3918883 4457584 5101268 9437184 10485760
365 3 2180630 2910670 3739596 4189587 8388608 9437184
366 6 65914 571065 1242266 1781608 2142039 2649569 3172830 4136036 5480834 6286020 7340032 8388608
367 6 546699 917082 2205895 3132382 6729169 7278093 7344346 8384438 8531306 9400189 9437184 10485760
368 5 4736064 5079826 5440184 5966135 6832911 7328781 7525052 8212752 9437184 10485760
369 6 461267 869129 4435466 4871260 5782415 6125391 6328262 7265140 7497570 7981505 8388608 9437184
370 4 1426197 2034606 3650634 4031622 5305639 6275812 7340032 8388608
371 5 134097 441481 1203856 2067344 2238420 2669520 6358649 7280913 9437184 10485760
372 3 270804 707369 2638889 3089816 9437184 10485760
373 7 89426 856635 1479296 1971459 3183139 4075308 4241983 5115075 7409374 8325002 8747924 9185936 9556058 10420665
374 5 1065943 1441931 3693830 4168151 6470858 7261861 8467021 9169351 9437184 10485760
375 5 197232 987154 2194868 2580236 4262633 5030443 6432826 7327759 7340032 8388608
376 6 120316 832253 2297029 3064716 4503134 5132822 6293056 7332607 8458801 9167102 9437184 10485760
377 5 1183740 1874381 3151463 3611809 4194770 5200510 6428436 7296643 7340032 8388608
378 4 214352 807742 3201608 3843619 5689648 6114089 6291456 7340032
379 5 2169388 3073135 4246399 5222209 6724757 7200489 8594073 9435140 9437184 10485760
380 5 2187422 3055277 5268971 6270879 6293718 7327385 7355640 8309092 9437184 10485760
381 5 1226014 1908176 2258115 3097580 4239167 5232228 7343443 8346709 9437184 10485760
382 4 114131 1005677 1115769 1470335 2213423 2751438 3145728 4194304
383 5 68289 1018482 3518814 4081342 4209367 5098006 6809838 7255767 9437184 10485760
384 5 133837 1024617 1231670 2034683 3323443 3828511 4199030 5167939 8388608 9437184
385 5 351095 983520 1261149 1937630 2149662 3026355 3149756 3954792 8388608 9437184
386 5 1139827 2013219 4339273 4965771 5446854 5946286 7551821 8290814 9437184 10485760
387 5 18975 866885 2174288 2964043 4255650 4874274 6359008 7159372 9437184 10485760
388 6 3501888 4019122 4435854 5179135 6298625 7176101 7400990 8168516 8424025 8956512 9437184 10485760
389 5 2237569 3041306 3880589 4152928 5373038 5911324 8437371 9000759 9437184 10485760
390 5 1163167 1796022 2167688 3031413 3345133 3798940 5347562 6132944 7340032 8388608
391 4 1310400 1785160 3239058 4149847 4306175 4731892 9437184 10485760
392 4 11079 840999 1243189 2011052 6374140 7287101 7340032 8388608
393 5 1257179 1813203 4328779 4823804 7891305 8210227 8639385 9345261 9437184 10485760
394 6 63107 804655 1082537 2076843 3311220 4055782 5243431 6228264 8046880 8321418 8388608 9437184
395 4 1116654 2021342 2672362 3130749 5367209 5904970 9437184 10485760
396 5 1158955 1865635 3340925 4042519 5452905 6097861 8624919 9180275 9437184 10485760
397 4 1470149 2015355 2550366 3059769 3248521 3910050 5242880 6291456
398 4 261933 966073 1590697 1993844 2286042 3108107 7340032 8388608
399 5 4612058 4924228 6462732 6828658 7565965 7891061 8638451 9167237 9437184 10485760
400 6 1194719 2044432 2277580 2809957 5674642 5957584 6659601 7048871 7366109 8340850 8388608 9437184
401 5 2164056 3132093 4428624 5201942 6691037 7035397 8463718 9369335 9437184 10485760
402 5 2203260 3107457 3228682 3565635 5603197 6035209 7668741 8170188 9437184 10485760
403 5 2489264 3132213 3282288 4159861 4411353 5145658 6484274 6921863 9437184 10485760
404 6 175018 657962 2151158 2829634 3212619 3574958 4481841 5240156 5270525 5589109 6291456 7340032
405 6 1735217 2085767 2259351 2930278 4453718 4956359 7344687 8380253 8454884 9181715 9437184 10485760
406 4 170499 806818 2342095 3103523 5314291 6143278 8388608 9437184
407 5 2392842 3133706 4468747 5186997 6375280 7308288 8469783 9291640 9437184 10485760
408 6 191775 776742 3281941 3976312 6609775 7035200 7340128 7613340 8602354 9413234 9437184 10485760
409 6 60429 1043752 2347272 3125243 3150516 3726824 4347879 5061367 5303491 6191638 7340032 8388608
410 6 3276745 3952816 4602958 5036302 5358533 6017414 6332984 6870882 7667881 8372775 8388608 9437184
411 4 4198661 5239820 5459360 6003384 8460397 8919673 9437184 10485760
412 4 1191252 1928156 4235116 5231758 7438487 8216526 9437184 10485760
413 5 141135 699097 1508289 1901546 2097420 3121991 7434610 7940873 8388608 9437184
414 4 3557674 4146529 5437599 6222348 7356671 8105023 8388608 9437184
415 5 569578 906574 2192364 2947492 3407955 3871627 4200918 4863174 6291456 7340032
416 4 1049125 2084718 3628948 4099947 6304087 7337272 7340032 8388608
417 4 3315106 3904520 5287115 5715575 6295958 7339002 7340032 8388608
418 5 1747656 2064417 2215566 2706077 4649555 5159127 7347931 7950352 9437184 10485760
419 4 1057939 1574980 4803607 5109784 6322603 7309052 7340032 8388608
420 5 1096496 1882843 2141509 3122918 5250751 6168393 6664243 6989065 7340032 8388608
421 5 1341312 1935581 2196333 3134437 3375743 4002076 8394931 9425879 9437184 10485760
422 3 2568310 3093328 5751756 6055306 6291456 7340032
423 5 1618603 2076439 4364005 4990701 7355380 8385503 8843512 9394354 9437184 10485760
424 6 1478187 2050366 2381109 2919394 3383796 4030885 4863322 5126220 7439395 8232074 8388608 9437184
425 5 690266 1018828 2311860 3139140 3245274 3913731 5421983 6233653 8388608 9437184
426 5 2139360 3073540 3246660 3624634 4367028 5177787 8434511 8766573 9437184 10485760
427 6 103550 566618 1647325 1942831 2206767 3141836 3490668 4160287 7474217 8250068 9437184 10485760
428 3 515276 996297 1539371 1885355 3145728 4194304
429 6 69681 978726 2107808 2924670 5245186 6277299 6332316 6913127 7884751 8373282 9437184 10485760
430 4 1600328 2064972 3178333 4129261 6455381 7315242 8388608 9437184
431 6 353628 991123 4418214 5161361 5417792 5789095 6868136 7319439 8653212 9336419 9437184 10485760
432 5 2182258 3021204 6507642 7159562 7396470 8322615 8399206 9422477 9437184 10485760
433 5 3147809 4190699 4431493 5071133 7548221 8279602 9150202 9412551 9437184 10485760
434 3 3443 582090 2213484 2790550 4194304 5242880
435 4 145836 944087 4344148 5204680 5341747 5766121 7340032 8388608
436 3 2289609 2829613 5308378 6180956 8388608 9437184
437 4 1129527 1619670 4204943 5225816 6382106 7150222 9437184 10485760
438 5 100020 966441 1107215 1451648 4376719 4989495 5461257 6178802 9437184 10485760
439 6 319588 638489 1059371 1871370 3428806 4025777 5282091 6136589 6554859 7159710 8388608 9437184
440 5 132311 997653 2330025 2686627 3297657 4012718 4271905 4947526 6291456 7340032
441 4 137655 818381 1466461 1817816 4308203 5096546 7340032 8388608
442 6 1390542 2067207 2148558 3009785 3307207 4157777 4202893 5236440 7594117 8114468 9437184 10485760
443 4 54209 1020731 1240081 1946339 5342751 5970122 6291456 7340032
444 5 115922 1024220 1086801 2002398 2120680 2844683 4403689 4910664 9437184 10485760
445 5 154850 671848 1055776 1619579 2460900 3082990 5562819 5941646 8388608 9437184
446 5 213701 698012 3282899 4118010 4482033 5015399 5316986 6085619 8388608 9437184
447 5 297809 622982 1333035 1805624 2584698 2902505 6292548 7241255 9437184 10485760
448 4 454772 1023619 1099238 2042338 4593498 5098039 5242880 6291456
449 5 1071650 1891175 4402839 4860455 5496318 6283432 6585417 7327794 7340032 8388608
450 6 206254 982129 2098438 3141132 3509353 3790761 4240429 5220125 5570681 6205465 9437184 10485760
451 5 15448 683569 2170603 3014643 4353381 4852065 5448844 6069376 8388608 9437184
452 5 1088618 1951489 3309506 4018830 6377776 7274695 7624318 8357450 9437184 10485760
453 4 2421160 2828122 3191939 4176061 6326911 7138304 8388608 9437184
454 5 188597 1009591 2290231 2676513 4634455 5229624 5273795 5688530 9437184 10485760
455 6 2294214 2715696 3283663 3657764 4221774 4677638 5312836 6216689 6440102 7337268 9437184 10485760
456 5 41668 680524 3196834 4180546 5313180 6075077 8610418 9399287 9437184 10485760
457 5 2268894 2675230 3382992 3847783 5671316 5967255 6574423 6852310 7340032 8388608
458 7 21292 1004712 1177961 1919875 3357994 4068462 4831764 5137766 7353537 8386732 8766200 9427195 9519208 10326094
459 5 239547 975237 4451961 4758581 7481031 8287074 8409187 9086159 9437184 10485760
460 5 159674 839193 2339030 2900977 3588711 4025428 7661490 8232355 8388608 9437184
461 6 2622129 2979107 3334231 3715044 5386117 6262147 6703616 7107639 7509618 8205410 8388608 9437184
462 5 169908 694282 2139657 3127119 3156475 4164649 7348128 8363542 8388608 9437184
463 4 1073747 2077526 4211070 5235396 5284796 6188744 7340032 8388608
464 5 19672 973383 2248783 2680926 4248106 4697805 6452969 7155076 7340032 8388608
465 5 3704 478553 1114927 2029872 2578073 2853017 4455736 5239680 7340032 8388608
466 5 62352 1016001 1263613 2001536 3187359 3912842 4196027 5088592 7340032 8388608
467 4 155457 611419 3830738 4150620 4213556 4841673 8388608 9437184
468 4 114176 427733 4287757 4987112 5541074 5972390 9437184 10485760
469 5 2191573 3060807 3243377 3543102 5412131 5988108 8587281 9235898 9437184 10485760
470 6 1336324 1726418 2373479 2980823 3420793 4116793 6510661 6992843 7355284 8259212 8388608 9437184
471 4 1088210 2072460 5261701 6264984 7659241 8369183 8388608 9437184
472 6 1309535 2092188 4288627 5067199 5303886 6205038 7359069 8364220 8390265 8855366 9437184 10485760
473 4 1157269 2064610 3169579 3865876 6474773 7086923 7340032 8388608
474 5 414290 943210 2419874 2753149 3411379 3988393 5327794 6166648 9437184 10485760
475 6 1056208 1964267 3349168 3795472 4631468 5240181 5595449 6211945 7588806 8353331 8388608 9437184
476 6 2339619 2953150 3175099 3871304 4272775 5081303 5432925 6287454 7381385 8354670 9437184 10485760
477 5 156557 488130 2537941 3094168 3501355 3796186 5571352 6226964 6291456 7340032
478 5 369762 955162 2469312 3061232 4478989 4774297 6336963 7033080 9437184 10485760
479 5 2647759 3136542 3237485 3816632 5635273 6015100 6503371 6804726 7340032 8388608
480 6 199451 623157 3399206 4017987 4211462 5241626 6698058 7285636 7415159 8020541 8388608 9437184
481 6 203207 947033 1082808 2093296 2101461 2485067 5265964 5854195 8400021 9382591 9437184 10485760
482 5 334941 924390 1385043 1867226 4396202 4868643 7485076 8047707 9437184 10485760
483 5 1108586 1657659 4847509 5125650 6426213 7275167 7556644 7926136 8388608 9437184
484 5 1349560 1908731 4373898 4892759 5569383 5906230 8477406 9382602 9437184 10485760
485 5 111072 426122 2125358 2789735 3592909 3945355 5336718 6009816 9437184 10485760
486 5 2656551 3126467 5731196 6075701 6326005 7183519 7831054 8190627 9437184 10485760
487 4 1199279 1696088 4261950 5171004 7545593 8188841 8388608 9437184
488 4 3214268 3508146 5302065 6062633 7590983 8221639 9437184 10485760
489 5 2629775 3025501 4619696 4989772 5249891 6261004 6583038 7186881 8388608 9437184
490 5 3270810 3966479 4258186 5171364 7381718 8218428 8589838 9357788 9437184 10485760
491 4 3431216 4052183 4209780 5199775 6373134 6816771 8388608 9437184
492 5 1219167 1966705 4219903 5064098 6383821 7112808 7552784 8137926 9437184 10485760
493 4 1135105 2073569 3240658 3567270 5388544 5878870 6291456 7340032
494 6 322737 993807 2214372 3082521 3361379 3828694 4235801 5212567 7639021 8215460 8388608 9437184
495 6 133804 1037142 4261179 4947154 5275601 5846219 6579229 7228531 8389492 8707344 9437184 10485760
496 5 452686 961498 1087252 2085729 4522096 5197660 5616054 6211778 6291456 7340032
497 5 1121488 1881570 3728129 4187643 5431774 6097195 6372336 7071983 9437184 10485760
498 5 150990 429604 2126148 3144671 5471854 6244341 7428808 7833323 9437184 10485760
499 4 4670771 5121446 6402637 7198941 7458008 8299018 9437184 10485760
500 5 130588 998744 2104909 3133471 3178609 4187475 4409701 4954174 6291456 7340032
501 6 24155 1025421 3754183 4134988 4236280 5003347 5794858 6205991 7583792 8138929 9437184 10485760
502 5 1049855 2089713 3186687 4166134 5256714 6161676 7620543 8242921 8388608 9437184
503 6 2282180 2985791 4345932 4917005 5279922 5717711 7379198 8370155 8388919 9436892 9437184 10485760
504 5 44323 912691 3159259 4022090 4232544 5182889 5253108 6288451 9437184 10485760
505 3 1068724 1861023 2229299 2782788 7340032 8388608
506 4 1827 1041415 4240077 5135373 8428227 9310886 9437184 10485760
507 5 2605625 3115438 4747311 5199047 5602382 5899223 6443573 6794218 9437184 10485760
508 5 2558719 3070368 3166620 4190029 6512555 6950108 7430491 8298457 8388608 9437184
509 4 209057 957755 1206579 1968088 4473498 5235043 8388608 9437184
510 4 1276714 2095066 4200523 4918518 6709475 7274439 7340032 8388608
511 5 46376 976907 4514374 5229278 5278608 6224492 7481760 8095142 8388608 9437184
512 5 1048823 2096445 3152115 4184242 4282753 5090106 5266462 6239244 6291456 7340032
513 5 550779 915367 1516180 1887278 3260765 3891500 8397891 9420515 9437184 10485760
514 5 28419 979063 1080502 1971146 4202166 5206780 9022667 9375393 9437184 10485760
515 4 1314217 1769574 2341971 2912992 5252804 6207509 9437184 10485760
516 5 1339332 1679067 2498545 2826106 4368710 5038320 5513662 5838782 6291456 7340032
517 7 515959 965213 1199437 1575278 2298664 3127701 3260225 3974571 4222156 5128090 5378668 6103843 7340032 8388608
518 4 1058414 1788099 4272346 5056367 6375386 7322108 9437184 10485760
519 3 345852 766967 4495580 5168063 6291456 7340032
520 3 6328208 7013885 7399236 8227746 9437184 10485760
521 3 1406054 2017834 5452917 6032599 7340032 8388608
522 4 152021 896131 1075199 2016602 5824289 6271630 8388608 9437184
523 3 3171293 4163122 4855553 5229651 6291456 7340032
524 5 1086008 1494892 5269476 5734092 7359461 8376306 8901605 9413818 9437184 10485760
525 5 3184570 3463929 4223692 4841602 7753054 8369321 8390010 9408189 9437184 10485760
526 5 3753216 4171549 4269836 4776283 5391348 5692161 7350026 8124813 8388608 9437184
527 5 15063 414085 3198112 3640872 5673183 6257593 6769800 7133962 9437184 10485760
528 5 161383 1047406 1114751 1608182 3592643 4067271 8814078 9429951 9437184 10485760
529 6 1385787 1791931 4242104 4727837 5288348 6172386 6324602 6938547 8675806 9064560 9437184 10485760
530 4 2557121 2992286 4236979 4754602 5347703 5749696 6291456 7340032
531 6 7574 276376 2190623 2640895 3188441 4191656 6365834 7250549 8638175 9336759 9437184 10485760
532 5 2222589 2916779 3185176 3630347 4241490 5128870 7372792 8386973 9437184 10485760
533 5 61771 908716 1171791 1635159 3170810 3988907 4289174 5200303 5242880 6291456
534 6 1076399 1628397 3263880 3729153 5740337 6158946 7432476 8216302 8433817 8863481 9437184 10485760
535 4 3320994 3846730 4313093 5222018 5352373 5659938 7340032 8388608
536 5 269957 1040724 2171453 2555300 6757884 7266757 8540589 9424230 9437184 10485760
537 5 119423 723541 3394364 3759335 5249639 6285367 6685230 7157042 9437184 10485760
538 6 477092 965901 1454721 1903575 3217243 3871014 7441825 8183944 8435609 9360475 9437184 10485760
539 7 71566 627944 2585300 2963950 3364997 4107995 4554569 4996230 5552379 6045056 6332557 7227659 8388608 9437184
540 6 113478 888599 2221274 3103735 3292093 4039479 4959783 5237135 7469349 8180399 9437184 10485760
541 4 2535217 2802685 3187732 3496248 4458658 5214317 6291456 7340032
542 3 6345280 7337918 7814451 8179354 8388608 9437184
543 5 114298 802811 1424391 1825693 5368217 5940519 6303348 7244591 8388608 9437184
544 3 2250154 3110385 4671239 4958982 7340032 8388608
545 5 2158008 3077410 6332966 7333204 7997808 8261381 8792183 9128459 9437184 10485760
546 6 40140 1034247 2247944 3078872 3230619 3709971 5330880 6243618 6292354 7325999 8422341 9414451
547 6 10714 922066 1240692 1886165 2683086 3129011 3150119 4151376 5428828 6278969 6291456 7340032
548 6 12325 1047668 2152148 3022591 3147574 4190924 4379226 4977400 5506893 6049382 7340032 8388608
549 5 254922 991452 1186642 1974594 2590154 2980968 4229162 5235611 6291456 7340032
550 5 2105753 3073910 4674419 5134066 7424096 7777789 8482356 9154160 9437184 10485760
551 5 9696 1002783 1127480 1910062 2643132 3119454 7343006 8262896 9437184 10485760
552 5 2108414 2835978 3244850 3812671 7363139 7691290 8740800 9246557 9437184 10485760
553 5 4229048 5221906 5359601 6196856 7499458 8241857 8423199 9280149 9437184 10485760
554 6 1452146 2016433 2252696 2564457 3294826 3927244 4281526 5021743 8430758 9341582 9437184 10485760
555 5 2156443 3145102 4214421 5175289 5492341 5923572 6334606 6719346 8388608 9437184
556 7 1233947 2085901 2795035 3093553 4374578 4969061 6682485 7099759 7623077 8355432 8948173 9380812 9437184 10485760
557 5 167886 910320 1053078 1478855 6300404 7336916 7426875 8221075 8388608 9437184
558 5 4213582 5175008 6482439 7337271 7517600 8243325 8395968 9380734 9437184 10485760
559 5 323759 1007042 1516212 2009425 2145638 2782536 8417461 9021825 9437184 10485760
560 5 2120795 2588161 3710294 4060087 6337266 7066506 8492003 9290795 9437184 10485760
561 4 208434 849181 5691293 6108569 8591042 9240771 9437184 10485760
562 5 2120115 2970544 3611526 4099842 4201113 5240805 5394207 6120350 8388608 9437184
563 4 2253897 3131743 6442072 6794475 8706568 9186589 9437184 10485760
564 5 1055516 1410404 3480646 4172140 4411628 4960378 5825693 6271225 8388608 9437184
565 5 1338961 1904629 2119294 2895854 3583291 4162097 7419701 8295480 9437184 10485760
566 5 275436 699085 3481563 4058457 6353392 7283018 7641695 8034047 9437184 10485760
567 5 34983 814127 2191985 3082112 3271684 4143119 7454344 8309535 9437184 10485760
568 6 1320720 1601261 4804212 5237113 5396115 5719611 6533175 7130528 7348911 8338014 9437184 10485760
569 5 25540 660960 3298643 3864723 4361799 5179281 5781708 6124410 7340032 8388608
570 4 1214361 1814782 2136614 3116998 4553673 5100462 9437184 10485760
571 5 1192177 1467845 5316651 6122136 6545682 7198959 8567030 9261181 9437184 10485760
572 6 1634368 2094081 2234948 3140318 3332517 4152603 4378398 5218425 6729075 7110721 8388608 9437184
573 5 163354 790622 1072337 2059100 2560557 2968467 3282861 4171685 9437184 10485760
574 6 134966 630269 2106481 3096592 4209152 5192765 5308596 5893101 6427999 6910177 9437184 10485760
575 7 113054 581086 1740414 2036943 3301225 4101790 5734748 6059036 6556758 6943600 8458073 8765600 9437184 10485760
576 5 52435 930725 1417185 1873086 4289493 4582317 7630881 8045652 8388608 9437184
577 6 2626587 3142300 4212218 5072297 5849097 6215160 6845983 7122790 8589460 9079142 9437184 10485760
578 7 366022 1012430 1097105 1977259 2153420 2876587 3517786 3969563 5465226 6125425 7879263 8366089 8388608 9437184
579 4 1593549 1971367 3665628 4070286 5612361 6253303 9437184 10485760
580 5 148694 814310 1212157 1953443 3203918 4186482 5669946 6168935 9437184 10485760
581 5 1096737 2071001 3159134 3609284 6355897 7324947 8402393 9369280 9437184 10485760
582 5 1412975 2095204 3172393 4053781 7342796 8382387 8769985 9099982 9437184 10485760
583 7 400984 955175 1086712 2097008 3217286 4101917 4246763 5184012 5492350 6127889 6397478 7292086 8896677 9223043
584 5 260714 1035969 1189723 1693901 2201593 2494904 7340897 8376678 9437184 10485760
585 6 317459 739758 2122405 3036728 3838921 4181299 4395518 5202867 7584361 8362601 9437184 10485760
586 4 4618705 5241156 7483325 8312254 8421741 8702413 9437184 10485760
587 7 1083031 1382903 2680859 3128463 3185448 4139034 4205061 5207561 5468680 6246177 6619093 7022258 7340032 8388608
588 5 1110156 2090966 4276255 5037427 5257491 6050932 7478124 8150664 9437184 10485760
589 5 619145 910803 2231577 2541031 4377215 5023567 5243320 6283567 6291456 7340032
590 6 1232742 1926825 2790512 3111847 3405370 3923606 5570140 6078303 6313722 7197180 9437184 10485760
591 6 85489 912203 1531874 1833211 2152526 3104389 4329245 5187031 7479817 8183592 9437184 10485760
592 3 299029 957259 5411921 6083325 7340032 8388608
593 5 1261294 2050629 2141656 3103606 3459798 3896663 7568616 8211743 9437184 10485760
594 4 1073496 1613675 2397842 2971748 3264157 3947857 8388608 9437184
595 5 139215 995302 1272502 2033001 2461339 2943410 5926065 6268594 9437184 10485760
596 6 2531591 3003530 4326039 5010026 5361691 6279157 6363226 7329551 8408114 8859631 9437184 10485760
597 5 1056260 2096665 2237627 2989765 5312704 6243762 7453730 8360142 8388608 9437184
598 6 157782 671976 1051383 2096219 2539715 3116720 3360822 4079504 7791017 8387293 8388608 9437184
599 6 1408685 1939732 2159052 3051633 3270761 3958486 6448702 6829920 7369081 7832463 9437184 10485760
600 4 4415563 5135025 7344882 8285372 8555707 9029653 9437184 10485760
601 5 44283 490960 4210224 5229936 5300894 5583913 7669185 8019335 8388608 9437184
602 5 1464750 1821587 5247485 6269043 6408825 6918476 7471169 8332021 8388608 9437184
603 6 32054 923156 1221216 1811994 3247951 4122805 4195827 5242698 8832018 9341561 9437184 10485760
604 4 1262682 1985649 2549560 3078363 3160388 4040647 8388608 9437184
605 5 1177732 1937796 3606804 4160172 4574935 4989029 5435681 6196131 9437184 10485760
606 6 289788 817203 1210721 1876241 5334711 6266841 6650723 7293348 8949502 9339628 9437184 10485760
607 6 246898 603676 2207455 2781469 3605891 4036045 5284453 6208618 6344709 7282586 7340032 8388608
608 6 1424692 2035720 3198364 3903390 4467950 4898226 5260277 6053351 6512113 7143205 7340032 8388608
609 5 672528 989301 5266963 6201865 7398149 8321059 8406445 9340829 9437184 10485760
610 3 3167284 4033207 4359792 4738147 5242880 6291456
611 4 2167149 2930895 3236680 3772166 5285816 6268821 6291456 7340032
612 6 1347624 2005416 2118893 2616428 3731389 4017618 6371672 7312356 8418585 9337795 9437184 10485760
613 6 324012 1006671 1363354 2075235 3223978 3758917 4580096 4935627 5837677 6278207 7340032 8388608
614 4 6356225 7324700 7575420 7961833 8401921 9412290 9437184 10485760
615 4 3597987 3996654 4420341 4899127 7721036 8279892 9437184 10485760
616 5 1352865 1645179 2220614 2757274 6409676 7319504 7727625 8250149 9437184 10485760
617 5 363343 964434 1408684 2087694 3547852 4032522 7367772 8372782 8388608 9437184
618 5 349031 665819 1542384 2050777 4512218 5145874 8467019 9432538 9437184 10485760
619 5 158600 820186 4546238 5222251 6360786 7011848 7350812 8199697 9437184 10485760
620 5 2191154 2591625 3518106 4112981 4307793 5126126 7613087 8023914 8388608 9437184
621 4 392074 948868 2322640 2962892 6764779 7323591 7340032 8388608
622 6 1056625 2091432 2679819 3100575 3229175 4180673 4222207 4945713 5398720 5858960 9437184 10485760
623 4 489824 923467 2157982 2877755 7361418 8142513 9437184 10485760
624 5 28405 1045276 3275388 3692777 7389093 8017823 8686525 9162299 9437184 10485760
625 4 2173917 3131411 4198630 4683487 7541056 8354767 8388608 9437184
626 5 1060936 2032870 3159339 3766105 6648659 7208893 7356021 8331867 9437184 10485760
627 5 482589 829733 1091799 2096027 5480935 6246243 8513808 9434831 9437184 10485760
628 5 170349 907604 4212954 5242178 5464514 5862260 9063517 9376708 9437184 10485760
629 5 93328 623030 1466871 1980757 3167236 3522900 6462311 6942792 9437184 10485760
630 5 226680 1003512 2110363 3144142 4553421 5140729 6325872 7220845 7340032 8388608
631 5 1298367 1967452 3440932 3984597 5353785 6245431 6734517 7091265 7340032 8388608
632 6 538277 842823 2340172 2960661 3175118 4146560 5332826 6274038 6301618 7312063 9437184 10485760
633 6 1549387 1894560 2175064 2752193 3460729 3856870 5691389 6214265 8686684 9258662 9437184 10485760
634 3 111388 908988 1098113 1793339 9437184 10485760
635 5 2625051 2972936 4313774 4592976 5250463 6289094 8579667 9030085 9437184 10485760
636 6 119275 997151 1107551 2072513 2166639 3082895 5667556 6287615 6512777 6971205 7340032 8388608
637 4 1053272 1875749 3559846 3828121 4208254 4592744 9437184 10485760
638 4 6370346 7322156 7355980 8379297 8712879 9292531 9437184 10485760
639 6 141677 534986 2297222 2573915 5259536 5639028 6303791 7295777 7559425 7849686 9437184 10485760
640 5 2147199 2974087 3461263 3813682 5320561 6068641 6512642 7271799 7340032 8388608
641 3 2344348 3115100 7811383 8094108 9437184 10485760
642 5 107650 378050 2208252 3131428 3174025 4183901 4454195 5152217 6291456 7340032
643 5 254856 936095 3300665 4101101 4214341 5236298 8452558 9426336 9437184 10485760
644 4 82798 949344 3162376 4004650 8856732 9399735 9437184 10485760
645 5 1283627 1909379 4222892 5216432 5412050 5696011 7720774 8284919 9437184 10485760
646 4 3501355 3993873 4317109 5210600 5550525 5950198 7340032 8388608
647 5 3363001 3795041 5605004 6163325 6291544 7339338 8451901 9413504 9437184 10485760
648 4 258854 957189 2220212 2800758 3195062 3676812 7340032 8388608
649 7 354140 683042 1108328 1822010 4253729 5163434 5832160 6220854 6801446 7298571 7518459 8050949 9437184 10485760
650 6 27300 923087 1051880 2054743 4433974 5155212 5353915 5732378 7366736 8269111 8388608 9437184
651 6 379205 856712 1354889 1781693 5271815 6276522 7470682 8263297 8391861 9422141 9437184 10485760
652 4 460438 934279 2100605 2798694 5739552 6258928 9437184 10485760
653 5 1075774 2087859 2427160 3067466 6323627 7283069 8943986 9365105 9437184 10485760
654 5 2367766 3110947 3193146 4170627 6755533 7048885 7350463 7765263 9437184 10485760
655 5 1134729 1818034 2129379 2846680 6310903 6985416 8472686 9427074 9437184 10485760
656 4 356972 1040646 3182009 4178984 4572604 5153853 9437184 10485760
657 5 423559 839698 4301853 5031860 5406552 6239567 6407361 7317721 7340032 8388608
658 5 87685 913368 3522628 4193709 4196368 5234512 6433220 7241116 9437184 10485760
659 5 1069551 1998259 2126398 2413101 4349625 5177929 7466563 7999963 8388608 9437184
660 6 328723 863241 1141499 1935794 2147203 2539174 4210655 5155382 5399097 6131775 6291456 7340032
661 5 148267 1020256 1083525 2095030 5304179 6190801 7496899 8126398 8388608 9437184
662 5 2207490 2729296 4465073 5070989 5293357 6166159 6529645 7170605 9437184 10485760
663 4 445526 772884 1547963 1946488 6759292 7246653 9437184 10485760
664 4 6597799 7136445 7562027 8347229 8645268 9368869 9437184 10485760
665 5 1288549 2059005 2635265 3033079 4225252 5042240 6305391 7295740 8388608 9437184
666 5 57847 748459 2484690 2873571 4270218 5131900 5791051 6095433 9437184 10485760
667 4 2351916 2922321 4344113 4635593 5861145 6272333 9437184 10485760
668 5 1049669 1824350 3719862 4110276 4229727 4857455 5680739 5989735 9437184 10485760
669 5 3215358 3975814 4723587 5130982 5303295 6232815 6526900 7260829 7340032 8388608
670 4 1463179 1969454 3429364 4046973 5945891 6256080 6291456 7340032
671 6 104354 1027215 1068816 2072721 2266276 3116717 4780827 5172765 5444654 5796086 9437184 10485760
672 7 557695 945965 3165623 3616241 4606791 5157254 6548657 7026603 7378013 8380050 8432987 9160939 9437184 10485760
673 6 356470 643007 3240366 3960755 4206916 4904152 5326079 6141768 6426291 7089002 9437184 10485760
674 4 1240118 1653292 2499964 3030076 7501751 7857877 8388608 9437184
675 5 28491 480907 2100985 3111078 4398744 4973389 6627043 6992727 8388608 9437184
676 4 4248702 4637688 5494142 5968684 6445080 7333228 7340032 8388608
677 4 31788 576300 6535157 7131100 8495320 9337453 9437184 10485760
678 4 290495 834873 3172338 4049128 6423127 6943552 9437184 10485760
679 5 1101911 1888796 5634318 6045744 6335545 7164381 7784368 8303582 9437184 10485760
680 7 21939 968864 2160250 2422963 3289017 4056769 4260073 5149126 7389859 8365032 8720066 9350698 9548728 10319360
681 5 147608 969785 1363818 1699294 4608811 4965028 5250939 6245439 8388608 9437184
682 6 1406193 2002102 4527315 5148738 5637508 6173708 6321125 7325402 8517545 9065964 9437184 10485760
683 5 3154050 3760606 4203067 5190663 5243148 6183136 7464951 8365454 9437184 10485760
684 3 182580 1027512 2129197 3128804 6291456 7340032
685 6 16176 983220 1245905 1878190 3239566 4132230 4287200 4954881 8389160 9382193 9437184 10485760
686 4 20742 515167 3502534 4059468 5266330 6272121 7340032 8388608
687 4 1238892 2018831 3440122 3740849 4303925 5082846 9437184 10485760
688 3 1179733 2038623 4283683 5063835 6291456 7340032
689 5 1049108 2093461 2369387 2765151 4254063 5113793 7531108 8341741 9437184 10485760
690 6 447861 712054 3233952 4168197 4201101 5144850 5469659 6070492 7483705 8172489 9437184 10485760
691 4 2296124 3100651 7575487 7883207 8680041 8991431 9437184 10485760
692 6 42891 655999 1055227 1916967 3149424 4184834 5270655 6255843 7602159 7942359 8388608 9437184
693 4 1061254 1979067 4697585 4988955 5255475 5970550 9437184 10485760
694 5 357356 869437 3495520 3814740 4402475 5209537 5319332 5829719 7340032 8388608
695 6 1138265 1531298 3180691 3506469 4358552 5016423 5247141 6236329 7405046 7800920 9437184 10485760
696 6 106773 437903 3153040 4125661 4207988 5056556 5688487 6259873 7550629 8212758 9437184 10485760
697 4 243379 908092 3470897 4181942 6318005 7229459 8388608 9437184
698 5 107677 483074 1672662 1947691 4198730 5208822 5293634 6177464 7340032 8388608
699 6 2117496 3139462 3243205 3971571 4338664 4855771 5306309 5614664 8715414 9111440 9437184 10485760
700 5 4348873 4763715 5404714 6159189 6381345 7276125 7533405 8100751 8388608 9437184
701 7 180258 884965 1258681 1725724 2123531 3057345 4552447 4886317 5741713 6202410 7385372 8376047 8388608 9437184
702 7 2207092 2639398 3167848 3906362 4309335 5091500 5912675 6178695 7581491 8077493 8500353 9251696 9437184 10485760
703 4 3152780 3608118 5248066 5890651 6666727 7006183 7340032 8388608
704 3 1150499 1874444 2173919 3098065 4194304 5242880
705 6 229580 674329 1425453 1962322 2453476 2898370 5307358 6150942 6496963 6946321 8388608 9437184
706 3 17988 990492 1391916 2051389 4194304 5242880
707 6 1243794 1893534 2119612 3074769 3355187 4169853 5356576 6272196 7344316 8351936 9468246 10368323
708 4 2461193 3119903 3312426 3967005 4306905 5197721 8388608 9437184
709 7 129589 735331 1708611 2026601 2554777 3110599 3678687 4073432 4322489 5197087 6376818 6858363 9437184 10485760
710 6 1309979 1964569 2218856 3025098 3483184 3933021 4218806 5228046 6473517 7286662 9437184 10485760
711 5 3249356 4180602 4364628 5239122 7557296 7857822 8601469 9093802 9437184 10485760
712 5 2396714 3054258 3538007 3964996 6580103 7109140 7480887 7831907 9437184 10485760
713 6 268572 1018569 1136754 2050195 4430837 5139781 5469637 6222043 7532714 8223676 9437184 10485760
714 6 278527 785818 1058522 1997369 3188939 3827619 4636070 5207038 5377305 6165587 6291456 7340032
715 5 377735 714693 1621125 1923409 3495698 3967878 4539538 5007880 6291456 7340032
716 5 2106050 3143952 3150202 3686166 4342072 4918237 5653464 6279078 6291456 7340032
717 7 237949 738726 1073123 2093739 3643212 4125425 4735186 5242406 5387744 6265405 6533363 7287014 7340032 8388608
718 5 1158458 1858579 3381642 4103776 5250771 6098488 7412881 8067926 8388608 9437184
719 5 178164 812198 2536659 3035247 3357209 4065752 4229536 5215741 5242880 6291456
720 5 297895 906331 1153321 2075899 6441894 7336332 8588528 9260545 9437184 10485760
721 4 1105533 1865517 6590045 7197004 8548329 9283942 9437184 10485760
722 4 39542 1024180 1062647 1837139 2305817 2763721 8388608 9437184
723 4 1394380 1961770 3164072 3976084 4224426 4963319 6291456 7340032
724 5 82331 754578 2232562 2610829 3255412 4080067 5278931 6042557 6291456 7340032
725 5 2128267 3134555 3748755 4177393 7648046 8235577 8915491 9390467 9437184 10485760
726 5 33538 763065 1365690 2046464 3490595 4011569 4323005 5182028 7340032 8388608
727 5 181813 922429 1095214 2091693 2302195 2876236 5288788 6193737 9437184 10485760
728 5 2197326 2651825 3512019 4186831 5494218 5802147 6578531 7006278 7340032 8388608
729 6 1264204 2043807 4226083 5067904 5283005 5931792 6820352 7192831 7555040 8159033 8388608 9437184
730 5 669900 1008795 3190005 4180370 4194540 5242839 7520207 8182021 8388608 9437184
731 5 143110 525507 2448579 3053723 3146678 4193865 6533339 7303789 7340032 8388608
732 4 1194926 1950726 3324603 3755952 7976505 8257592 8388608 9437184
733 4 1752581 2096079 4904591 5178490 6371932 6920601 8388608 9437184
734 5 463531 952342 2100281 3093012 3252094 4179863 4362341 5172758 5242880 6291456
735 5 1223 890630 1444303 1757475 3407557 3881238 4319367 4974354 6291456 7340032
736 4 430192 1045828 6357696 6821325 7441327 7934753 9437184 10485760
737 6 169177 774353 2261460 3112960 3362908 3823806 4297867 5128027 7403368 8114177 9437184 10485760
738 4 1470249 1748115 5284330 6232235 8796699 9071406 9437184 10485760
739 4 1145301 2061661 3216329 3524546 4625370 5116691 5242880 6291456
740 5 1093522 1952520 4697114 5223436 5871886 6233376 7670791 8273045 9437184 10485760
741 5 2543611 3139167 5306073 6266957 6642839 6975776 9026701 9307351 9437184 10485760
742 6 22243 528291 3178248 4086680 4318243 4904238 6298476 7334378 7423278 7940798 8388608 9437184
743 4 1442576 1863758 4234052 4710509 5708160 6219932 7340032 8388608
744 5 2643326 2947001 4534066 5231257 5636384 6200995 8628742 8915730 9437184 10485760
745 6 32550 992003 1077732 2060614 3245732 4145476 4278619 5087565 5706729 6161334 9437184 10485760
746 5 18550 945875 1180236 1656520 7522144 7880504 8532484 9416046 9437184 10485760
747 6 1134642 1723378 3152200 4171073 5687493 6206459 6552519 6999669 8538215 9118183 9437184 10485760
748 5 198032 877765 2590730 3028789 3367343 4092303 4354053 5146034 7340032 8388608
749 5 43637 753939 2409199 2986158 3185783 4011219 6481942 7323793 7340032 8388608
750 4 3342413 3901540 4353169 5204761 6329173 7095518 7340032 8388608
751 5 525021 800622 1060839 2088830 2309255 3086725 3352638 4050801 7340032 8388608
752 7 20356 711144 2500671 2893339 4236866 5092093 5700371 6166178 6695823 7225624 7351454 8370927 9437184 10485760
753 5 129389 836171 3646659 4162928 5621850 5920177 7432642 8356387 8388608 9437184
754 5 1178292 1707076 2248760 3142303 4215462 5172397 5365280 5640360 7340032 8388608
755 6 1496183 1932205 3508449 4035747 4456787 5035831 6464074 7285320 7647306 8310832 9437184 10485760
756 5 1123398 1746664 4586854 5131087 5660182 6142029 6311647 7306755 8388608 9437184
757 3 73234 436954 2124535 3116819 7340032 8388608
758 5 1189433 1647031 2607254 3077037 4721332 5174300 6764008 7141745 7340032 8388608
759 5 201205 654954 2570203 3104297 3376797 4067590 5362544 6281974 9437184 10485760
760 5 290206 683088 1407348 1736876 2711246 3004497 3646839 4155167 4194304 5242880
761 5 76342 1036126 1150122 1456158 2644859 3128324 7733946 8003704 8388608 9437184
762 5 2209730 3105603 4388702 5003744 6336423 7313549 7768295 8360975 8388608 9437184
763 4 4567627 4889793 5665597 6274038 6294690 6661877 8388608 9437184
764 5 73260 891809 2146398 3141774 4580630 5103384 6540597 7276611 7340032 8388608
765 5 23988 663834 3151061 4184760 5301116 6274120 7848104 8355151 8388608 9437184
766 5 1140260 2092722 3549281 3916760 5561213 6131494 6441571 6908268 9437184 10485760
767 6 436393 1014523 1120501 2088401 3233836 3985458 7400680 8130789 8514909 9282643 9437184 10485760
768 4 1050491 2063169 2439512 2869674 3292716 3956978 8388608 9437184
769 4 1609085 2013579 4289385 5215852 5290297 6068297 7340032 8388608
770 6 1073587 2088024 2181313 3129141 3260275 4111613 5477290 5984137 8449262 8983085 9437184 10485760
771 5 1170322 1629762 4290704 5153513 5571474 5967224 7642502 8303309 9437184 10485760
772 5 167584 874008 3501877 4146776 4739302 5133888 6370311 7328439 7340032 8388608
773 5 75864 669280 1487518 2060904 3669840 4161521 4254044 5229199 6291456 7340032
774 4 161948 759782 2356762 3145687 4202395 5186588 9437184 10485760
775 5 2121839 3122327 3495055 3818868 7560875 7983138 8395983 9426374 9437184 10485760
776 5 427301 1003075 2118017 3071435 3720287 4005044 5419780 6093265 7340032 8388608
777 5 190514 1006143 3293768 3852700 5255665 6248012 6327370 7324679 7340032 8388608
778 5 239878 820866 2118607 3067184 5278940 6146277 6544394 7269886 8388608 9437184
779 5 2106728 2574031 3526338 4168303 5269605 6135395 6310802 7284213 8388608 9437184
780 5 94179 853217 2220199 2537364 6461875 7264491 7651140 8268212 8388608 9437184
781 5 415912 930611 2255848 3030353 3184797 4168344 6685061 7128070 8388608 9437184
782 6 1054659 1701969 2219444 2607417 3273708 3622503 5510135 6285261 6315601 6813606 7340032 8388608
783 5 4815982 5177272 5645491 6097528 6518816 7288671 7639622 8214622 9437184 10485760
784 4 1049870 2046795 2388687 3063756 3351111 4175728 5242880 6291456
785 6 188678 640262 1630243 1897969 6456237 7187338 7381076 7772242 8991624 9388841 9437184 10485760
786 4 1137296 1436145 2627886 3020805 4384913 4960138 6291456 7340032
787 7 70005 1023325 1121900 1850576 2225718 3092965 5263388 6254398 6383761 7193960 7622208 8202160 9972576 10285052
788 4 148548 607901 1497411 2073822 3286455 3774266 8388608 9437184
789 5 1159204 2073890 3722286 4062401 4330972 4860468 5583546 6246017 8388608 9437184
790 6 1057963 2048359 2150567 2974647 3805878 4142007 5251707 6282116 6382787 7308805 7340032 8388608
791 5 1461601 2055472 2295826 3012661 3778656 4067968 5324170 5845834 8388608 9437184
792 5 11662 945080 1223435 1866022 2173870 2722540 6578395 7077271 8388608 9437184
793 3 3275230 3647477 6843505 7289916 9437184 10485760
794 5 1086072 2082696 2386318 2944156 4512791 5059155 7390325 7756347 9437184 10485760
795 4 2105863 3145313 5398755 6239368 6541468 7225822 9437184 10485760
796 5 397201 808945 1118665 1975939 2767394 3084970 4565239 5215514 5242880 6291456
797 6 1311888 2065463 2241762 2804658 3418669 4129357 6306448 7321959 7673287 8255443 9437184 10485760
798 6 251696 594258 4367437 4727762 5257930 6123337 6591192 6942029 7469229 8312451 8388608 9437184
799 6 16343 996889 2104439 2791750 3195583 4103950 4194363 5238657 6319307 7330302 8756968 9368335
800 5 548946 987808 3329033 3827178 4579184 4920099 5781517 6183455 8388608 9437184
801 5 59366 712926 1404600 2021119 3269318 3793359 6448311 7014609 7340032 8388608
802 5 103185 961803 3465354 3955524 4261875 5198225 5728430 6027724 6291456 7340032
803 6 156421 763076 3201912 3835139 4561013 4828561 5248980 6268650 7525909 8209651 8388608 9437184
804 3 3700525 4051529 6526994 7328440 7340032 8388608
805 4 32785 983459 1542139 2041361 7536277 8212984 9437184 10485760
806 5 57587 1007890 2243820 2675659 3537418 4170482 4197350 4914534 6291456 7340032
807 5 413711 816028 1222227 1925879 2265251 2560536 3171810 4132520 9437184 10485760
808 6 1065279 2042275 3539515 4142328 4457422 5138866 6315766 7339170 7408932 8078813 9437184 10485760
809 4 262144 885124 1766260 2042715 2151719 2661856 9437184 10485760
810 5 147966 713637 3189041 3960718 5372770 6084702 6331431 7241189 8388608 9437184
811 5 367502 905977 2547157 3068670 3642640 4112834 4201058 5203979 6291456 7340032
812 5 2180314 3101915 3386254 3804348 4333026 4721482 6311571 6994490 8388608 9437184
813 5 95352 566837 2495980 2811554 3420964 4110190 4561388 5144863 6291456 7340032
814 5 3680358 4006831 5580454 6290416 6610527 6926835 8670932 9048476 9437184 10485760
815 5 42875 495599 2151814 2414519 3187885 4142540 5542056 6026474 6291456 7340032
816 5 1239197 2016492 2256722 2869386 6393049 6772139 8390398 9353984 9437184 10485760
817 5 2103531 3144695 5381518 6261180 7437442 8333674 8677959 9189928 9437184 10485760
818 4 1145908 2068192 6323006 7216219 7955086 8260262 8388608 9437184
819 7 380292 958556 2203057 2962434 3334673 4156292 4240243 4663524 6492475 6888660 7628650 8329321 9437184 10485760
820 5 3153423 4167737 5278378 5997833 7559710 8328128 8520694 9332043 9437184 10485760
821 6 199429 525319 2103664 3142504 4233618 5014834 7799040 8234742 8489310 9285471 9437184 10485760
822 5 1216351 1482270 4251400 5113222 6293778 7176797 8507999 9307848 9437184 10485760
823 5 1419905 1992808 4483790 5027492 6470876 6857908 8436436 8933387 9437184 10485760
824 5 457904 1003619 1722194 2038360 2317324 2840571 4224761 5047468 7340032 8388608
825 3 5818836 6168269 8767185 9306193 9437184 10485760
826 4 106944 1025449 4567055 4840112 5536156 6028231 9437184 10485760
827 4 3129 1047269 1082306 2030034 5326019 6244812 8388608 9437184
828 5 2511825 2987793 3613451 4038796 6746436 7251559 7417801 8066492 9437184 10485760
829 6 1562921 2023098 2103063 3130122 3182696 4123860 5568106 5852319 7526399 7959375 9437184 10485760
830 6 477127 996438 1101333 2039933 3698095 4065341 7352393 7758497 8414751 9309494 9437184 10485760
831 5 138599 446607 1136232 1658782 5317662 5860464 6370051 7290055 9437184 10485760
832 3 5568 1009533 1194569 1668862 5242880 6291456
833 5 2178161 2942476 6350045 6867841 7521446 8353518 8717591 9260183 9437184 10485760
834 5 536391 906083 1122938 1820539 2332360 2595773 4431990 4719300 9437184 10485760
835 5 1408639 2074216 2104518 3116237 4283201 5061056 5478308 5855937 8388608 9437184
836 4 1110625 1722704 4238765 4878913 5876750 6184346 9437184 10485760
837 4 4640205 5092524 5559092 5978753 6366692 7283942 8388608 9437184
838 5 1473626 2014063 2102156 3110159 4350167 4614595 5262093 6211949 7340032 8388608
839 5 605912 986717 6437457 7147818 7434872 7848711 8455473 9056363 9437184 10485760
840 4 3398061 4104625 5270008 6259256 6378871 7271988 8388608 9437184
841 4 3403993 4187386 4334868 5155351 6694766 7198202 8388608 9437184
842 4 3392345 3745977 5244382 5885805 6309443 6784741 8388608 9437184
843 5 73059 713590 1289952 1861108 2675442 3088727 7467170 8170845 8388608 9437184
844 4 46134 1037856 2492948 2905118 3146591 4177426 8388608 9437184
845 5 76232 1033316 5742868 6082365 6332920 7217840 7494053 7787849 8388608 9437184
846 5 78494 777364 1541160 1994589 3146875 4188696 4195384 5241975 9437184 10485760
847 5 2104077 2831761 4252639 4815482 5305795 5731398 6295665 7231471 7340032 8388608
848 5 238182 944524 2283643 3126861 3627627 4160360 8520170 9382167 9437184 10485760
849 5 98975 907952 2319307 2712662 3470285 4152281 6520996 6841856 7340032 8388608
850 5 1132709 2079258 2296627 2983549 3203055 3638029 7679061 8330728 8388608 9437184
851 5 87941 982575 1299741 1591296 2182485 2740544 4222213 5052232 8388608 9437184
852 4 52881 893515 1052818 1984361 4476547 4990700 9437184 10485760
853 4 329861 642387 7663627 8023509 8762581 9033615 9437184 10485760
854 6 2199262 2597214 3359263 3968819 6299706 7339318 7866602 8234655 8413443 8833069 9437184 10485760
855 5 485602 906644 1704935 2049657 2339970 2699936 6439161 6927427 7340032 8388608
856 6 1237485 1804598 2210110 3126010 3861772 4165872 5368242 6036849 8467249 8948357 9437184 10485760
857 7 209029 1044886 1571723 1925268 2574052 2934881 6380436 6971537 7424690 7996801 8682332 9015948 9437184 10485760
858 5 1183812 1929078 5377111 6135505 7413666 8139328 8984968 9377100 9437184 10485760
859 5 3162634 4138422 4386577 5110962 5464348 6263865 6373676 7290794 8388608 9437184
860 5 2747912 3054804 5250358 6187645 6295467 7334650 7376784 8372664 8388608 9437184
861 3 1646404 2074438 4232565 4913384 6291456 7340032
862 4 1329130 2082520 3202937 3952514 5431910 5784045 7340032 8388608
863 5 2429849 2759596 3462591 4083792 6402938 7174999 7388612 8387161 9437184 10485760
864 5 76291 831231 1076555 2010014 4492207 5090091 7970307 8265295 9437184 10485760
865 6 24057 507967 1104009 2083034 3277885 3822985 5265962 6194672 6440078 6789873 9437184 10485760
866 4 1078160 2087106 4469438 5171692 6563506 7050155 9437184 10485760
867 4 86262 659733 1414818 1885214 2349662 3051265 6291456 7340032
868 5 2102358 2772542 4350837 5201136 5324468 5794817 6313343 7333317 7340032 8388608
869 5 77325 820407 1214464 2000314 2523279 2904548 5515872 6053584 8388608 9437184
870 5 2135410 2499733 4391076 4882462 5529186 6231916 7735928 8172241 9437184 10485760
871 4 8488 652098 2258090 2836845 3360437 4149055 9437184 10485760
872 6 2208785 3039746 3346289 4157016 5302323 5916606 6772567 7219065 7535655 8246991 9437184 10485760
873 4 2540223 3101240 3235977 4189767 6348799 7324270 9437184 10485760
874 5 681180 1037316 1694771 1974139 6345811 7039212 8440880 9223542 9437184 10485760
875 5 233705 718011 3434918 4173775 4254335 4916070 6783840 7251043 8388608 9437184
876 7 117407 772393 3220073 4014433 5704047 6246799 6326124 7278945 7779639 8364111 8515252 9212257 9437320 10453804
877 6 214967 1021283 1053777 2093173 2186496 2800007 6404183 7266309 7750405 8266127 8388608 9437184
878 4 51172 980497 1054268 2079893 6458245 7143089 9437184 10485760
879 5 1079606 1870501 3221347 4145604 5571775 6244973 6730462 7265477 7340032 8388608
880 5 6049 726862 1149505 2071092 3185848 4070099 5891004 6182317 6291456 7340032
881 5 475745 874778 1131348 2058774 5340688 5978349 6523983 7037493 8388608 9437184
882 5 2103934 3057359 3189224 3739689 6315720 6728617 7415969 8347509 8388608 9437184
883 6 469030 1005895 1145859 1597404 2615405 2958689 7449069 8090165 8441388 9113315 9437184 10485760
884 5 220511 562674 1103614 2086482 3310136 3965762 5361933 6288404 6291456 7340032
885 5 74356 1028210 1128091 2052110 2220052 2515174 4376118 4997724 9437184 10485760
886 5 4169 1044038 1250788 1640432 4202051 5099748 8394647 9218779 9437184 10485760
887 5 343450 636524 1279012 1686451 2229881 2579521 3289208 3831941 5242880 6291456
888 5 1277198 2059227 3393806 4193509 4295520 4977033 5333560 5857945 8388608 9437184
889 4 1130256 2008521 4410134 4845977 6307441 7326720 9437184 10485760
890 5 2125347 3040660 4294717 5193656 6396167 7108478 7432546 8289381 8388608 9437184
891 5 307688 835188 1202440 1894299 2236218 3131578 4403131 5034639 7340032 8388608
892 3 2472274 2929363 5319048 5838426 6291456 7340032
893 4 2161274 2753145 5576944 5849188 6292170 7276040 9437184 10485760
894 5 1452897 1784493 3461245 4020780 4747178 5231803 5350799 5840969 7340032 8388608
895 5 1475028 2070391 3249615 3847430 5294952 5763794 6552892 7332963 9437184 10485760
896 3 1523355 1915619 4537057 4978654 6291456 7340032
897 5 1218 867088 3294817 4041163 4616681 5016249 5802260 6103209 8388608 9437184
898 6 157809 855194 3312026 3862186 5452775 6077542 6874936 7220721 7598935 8189466 9437184 10485760
899 5 3537796 3927250 4221237 5131376 5477776 5770630 6302357 6614658 7340032 8388608
900 4 1249021 1603457 3172344 4193770 5524715 6173657 6291456 7340032
901 7 172663 711344 2137309 3120791 4335815 4995952 5254043 6248790 6903251 7309850 7402894 8148110 9470289 10384307
902 5 138304 947556 2598294 3112645 5307118 6262652 6460230 7016543 7340032 8388608
903 6 292822 925123 1264468 1780761 2102264 3093131 3664359 4005297 6514252 6839590 7340032 8388608
904 3 3657061 4116250 6648443 7020199 7340032 8388608
905 4 5614344 6203460 6372195 7110415 8416306 9207468 9437184 10485760
906 6 3565373 4040399 4266277 4725504 5464703 6018181 6613522 7047838 8558577 9426003 9437184 10485760
907 4 1531808 1811345 7619746 8078004 8887982 9180100 9437184 10485760
908 5 371643 721937 4305487 5020063 5659089 6079169 7452976 8241704 9437184 10485760
909 5 680129 993794 2480931 3144178 4295980 5001240 7439358 8009789 9437184 10485760
910 5 3198022 3574654 4226933 5166818 7570278 7948900 8444326 8827253 9437184 10485760
911 6 118732 669716 3251780 4164272 4400289 5073378 6522025 6890394 8397398 9429117 9437184 10485760
912 5 2136231 3138515 3530493 4094604 5341700 5607101 7867717 8323930 9437184 10485760
913 6 1378995 1819640 4203407 5180095 5439324 5876208 6530120 7140554 7353385 7764252 9437184 10485760
914 5 179018 521878 1049851 2024190 2189464 3074467 5243407 6002397 6291456 7340032
915 5 178270 1035236 1486544 2053465 3673315 4174835 6445159 6882734 7340032 8388608
916 6 1116036 1950403 2160917 3118695 3336720 3864716 4201413 4944592 5400760 6032659 6291456 7340032
917 5 1239473 2046151 2099868 3032891 5673130 6090358 7488545 7981643 8388608 9437184
918 5 731 1043398 1444705 1910107 2111298 3043202 3605604 4154978 6291456 7340032
919 5 2270793 2898727 5551763 6223927 7484865 8184573 8488522 9075014 9437184 10485760
920 3 1287141 2003800 5333843 6190175 8388608 9437184
921 5 548600 968269 2424200 2990202 3319875 4167272 5561275 5993924 7340032 8388608
922 5 296765 786791 1080933 1964957 3657817 3975738 4196972 4779793 7340032 8388608
923 5 411704 970873 1222987 2011509 2137794 2987926 4478120 4830445 9437184 10485760
924 4 1082273 1573906 2283081 3041387 3550730 4073684 6291456 7340032
925 5 1639875 2083739 2266224 2985354 4230788 5099184 7366181 8344839 8388608 9437184
926 5 2408929 2760828 3310438 4166773 6577628 7323327 8782836 9237259 9437184 10485760
927 6 1293649 2084081 2144017 3124606 3331427 4084701 4438911 5149498 6506549 7209625 7340032 8388608
928 5 79269 986505 1439811 1956387 6942506 7338107 8536869 9368672 9437184 10485760
929 6 271585 1019018 2125645 2870365 3203077 3553992 5677983 6223425 6305487 7249079 9437184 10485760
930 5 1175917 1501882 2106730 3145316 4261258 5230575 5243748 6281170 7340032 8388608
931 5 1068862 2039508 2426530 3004182 6668493 7256629 7848544 8117452 8388608 9437184
932 5 31728 926992 1073968 1881185 3359945 3881303 7836786 8207569 8388608 9437184
933 3 6419184 6739684 7552136 8128772 8388608 9437184
934 5 2154709 3131269 3226620 4178894 4647659 5038983 6314165 6729659 7340032 8388608
935 4 2249214 3015163 3495708 4061361 7957395 8324417 9437184 10485760
936 5 218573 967218 4271985 4979598 5540069 5831542 6354436 7095865 8388608 9437184
937 5 81248 1032507 4216655 4944869 5315915 5950017 6531763 7284543 9437184 10485760
938 5 2199551 3012255 3162181 3962291 5401637 5846754 8732506 9363609 9437184 10485760
939 5 2303684 2883473 5919352 6253019 7537438 8306825 8483176 9239988 9437184 10485760
940 5 1357304 1959266 4285555 5156633 5404747 6279776 8424034 9109565 9437184 10485760
941 3 1062498 2022218 2346929 3132767 3145728 4194304
942 5 1268806 1933690 3210662 3540302 5308542 6212313 7379267 7761445 9437184 10485760
943 6 336759 781425 1519921 1894955 4264147 4922263 5318086 6248587 7392391 8238034 8388608 9437184
944 4 1218539 1691648 4471405 5188697 7430228 7894008 9437184 10485760
945 5 377027 644661 1346526 2036517 3164593 3999868 6388608 7008013 9437184 10485760
946 5 1172762 2032982 3238030 4025353 6615717 7251662 7376174 8224154 8388608 9437184
947 6 133370 477453 4272482 5076998 6415111 6783069 7460918 8245999 9019315 9335438 9437184 10485760
948 5 368717 1040252 2132778 2770212 3447790 3875465 4754687 5095240 6291456 7340032
949 5 3718189 4039732 4201570 5195114 7463496 8336721 8731089 9269064 9437184 10485760
950 3 4545095 5017490 5388934 5713354 6291456 7340032
951 4 591246 929843 3154997 4056774 5279980 5904769 7340032 8388608
952 6 37329 408589 1166669 1949532 2143060 3087131 7590428 8305048 8798361 9378662 9437184 10485760
953 6 99454 999277 1050947 2028158 3272126 4113604 4600233 4917050 7704643 8362339 8388608 9437184
954 4 61862 783232 2193544 3101247 6392982 7024003 8388608 9437184
955 5 238158 510839 3426860 4122134 4206304 5064090 9143401 9421167 9437184 10485760
956 4 94682 816685 1071497 1629964 8571934 9163462 9437184 10485760
957 5 2161312 2925410 3155794 4106422 4456656 4798888 8442573 9274771 9437184 10485760
958 5 2386247 3033148 3601319 4170363 5274888 6222427 7410164 8224744 9437184 10485760
959 5 326039 1018973 1195263 1967232 2310594 2654994 8934910 9340846 9437184 10485760
960 4 1074395 2096663 2134761 2545762 3607392 4116061 8388608 9437184
961 5 145734 691306 1149285 2028243 3579407 4156556 7402653 7753394 9437184 10485760
962 5 232794 898286 3381079 3689796 6689209 7167076 7792057 8247586 9437184 10485760
963 5 137642 752336 4251069 5132878 5600386 5891203 8408974 9432160 9437184 10485760
964 5 22215 1040693 1498684 2062208 3267232 4090113 4494512 5201079 6291456 7340032
965 5 2099103 3143100 3161648 3562070 4613518 5169997 6327421 7305321 8388608 9437184
966 4 2200594 3061561 3791176 4093801 4383936 4933672 8388608 9437184
967 5 42072 997090 1492958 2032468 2562519 3012132 4203356 4950701 9437184 10485760
968 5 57106 902896 3176443 3867046 5263732 6133599 7810341 8362359 9437184 10485760
969 5 1184650 1736352 2163853 2944967 5425851 5926461 7392020 7808201 8388608 9437184
970 4 21996 616889 2285203 3127637 4258070 4759239 7340032 8388608
971 7 61524 953420 2154385 2783247 4725866 5069252 5302220 6029735 7360335 8158338 8602561 9113195 9437184 10485760
972 5 1123590 1682569 3488130 3776168 5337327 6235921 6505437 7118839 9437184 10485760
973 6 23388 671724 1127252 1694398 4200997 5083087 5881502 6255038 7668347 8152243 8388608 9437184
974 5 3834704 4131031 4199221 5222903 5583254 6244999 7421098 7765497 8388608 9437184
975 7 123818 1022554 3214468 4167830 4309914 5117669 5384009 5978488 6598757 7065398 7684682 8202708 8404538 9408419
976 6 15797 1004680 2312071 3040839 3187508 3829111 5536720 6167946 7360071 8152420 9437184 10485760
977 6 1081417 1940559 3209938 4035813 6644881 7334442 7376244 8251548 8456838 9353942 9437184 10485760
978 6 38901 830603 1178127 2044263 3261260 4186764 5431535 5901406 8396740 9135010 9437184 10485760
979 4 4326841 4694886 5695256 5993130 7015022 7302259 7340032 8388608
980 4 1115398 1749123 2389149 3073153 3453371 3968677 6291456 7340032
981 4 5815 1042592 1262944 1995788 5301830 6225449 7340032 8388608
982 5 1054587 2085801 4219402 5240408 5376409 6256749 6451108 6801111 7340032 8388608
983 6 2630528 3077978 3164998 4184772 5648157 6203167 6535001 6898750 7598659 8172595 9437184 10485760
984 5 2264178 2929046 6441608 6890834 7560946 7867061 8660784 9374379 9437184 10485760
985 5 1172885 1608665 2240727 2804696 5472998 6245416 6469001 6965641 9437184 10485760
986 5 1149214 1559210 2630560 3109594 3174406 3613604 4204722 5094325 5242880 6291456
987 7 295528 770680 2208957 3070011 3160304 4190099 6324532 7132872 7494666 8232705 8514374 8891457 9495433 10448850
988 6 1052392 2081709 2138605 2771652 4196126 5238701 6293892 7318729 7422202 8027351 9570106 10478061
989 5 1068686 1660932 5295538 6012111 6325619 7327117 7439855 8034950 8388608 9437184
990 6 205183 698233 1295051 1835367 3653770 4074703 4715159 5173496 7409128 7967599 9437184 10485760
991 4 35264 752824 1157914 1934584 3157400 4164023 8388608 9437184
992 3 3191433 4122269 4472418 5242317 6291456 7340032
993 5 2354169 3124935 3197135 4119910 4287922 5176948 5368960 6200914 9437184 10485760
994 5 1178282 1781629 3201415 4158154 4379057 4762646 6458654 7208108 9437184 10485760
995 5 2313160 3088240 3176511 4159259 5547942 5840455 6557525 7100607 8388608 9437184
996 4 41630 1011551 2302346 2995694 5465806 6191369 6291456 7340032
997 5 333586 952079 1372072 1682060 4409163 5140687 5417504 5911708 7340032 8388608
998 5 1805887 2088918 2494759 2779046 4543781 4900561 5644926 6276903 6291456 7340032
999 6 561720 988482 1168813 1845696 2517256 3083683 3537769 3969157 4411042 5020791 9437184 10485760
