#StripeID,rangenumber,BlockOffsetStart,BlockOffsetEnd
0 10 0 65536 65536 131072 131072 196608 196608 262144 262144 327680 327680 393216 393216 458752 458752 524288 524288 589824 589824 655360
1 10 0 65536 65536 131072 131072 196608 196608 262144 262144 327680 327680 393216 393216 458752 458752 524288 524288 589824 589824 655360
2 10 0 65536 65536 131072 131072 196608 196608 262144 262144 327680 327680 393216 393216 458752 458752 524288 524288 589824 589824 655360
3 10 0 65536 65536 131072 131072 196608 196608 262144 262144 327680 327680 393216 393216 458752 458752 524288 524288 589824 589824 655360
4 10 0 65536 65536 131072 131072 196608 196608 262144 262144 327680 327680 393216 393216 458752 458752 524288 524288 589824 589824 655360
5 10 0 65536 65536 131072 131072 196608 196608 262144 262144 327680 327680 393216 393216 458752 458752 524288 524288 589824 589824 655360
6 11 0 65536 65536 131072 131072 196608 196608 262144 262144 327680 327680 393216 393216 458752 458752 471040 503808 512000 544768 589824 589824 655360
7 13 0 65536 65536 131072 131072 176128 184320 196608 196608 204800 212992 221184 266240 270336 278528 327680 327680 393216 393216 458752 458752 524288 524288 589824 589824 655360
8 14 0 61440 65536 131072 155648 159744 176128 184320 192512 196608 241664 245760 249856 262144 262144 282624 299008 327680 327680 393216 393216 458752 458752 524288 524288 589824 589824 655360
9 13 0 65536 65536 131072 131072 196608 245760 249856 266240 327680 331776 380928 393216 397312 401408 405504 425472 458752 458752 474624 478720 524288 524288 589824 589824 655360
10 10 0 65536 65536 118784 131072 196608 196608 262144 262144 327680 327680 393216 393216 458752 458752 524288 524288 589824 589824 655360
11 10 0 65536 65536 131072 131072 196608 196608 262144 262144 327680 327680 393216 393216 458752 458752 524288 524288 589824 589824 655360
12 10 0 65536 65536 131072 131072 196608 196608 262144 262144 327680 327680 393216 393216 458752 458752 524288 524288 589824 589824 655360
13 10 0 65536 65536 131072 131072 196608 196608 262144 262144 327680 327680 393216 393216 458752 458752 524288 524288 589824 589824 655360
14 10 0 65536 65536 131072 131072 196608 196608 262144 262144 327680 327680 393216 393216 458752 458752 524288 524288 589824 589824 655360
15 10 0 65536 65536 81920 131072 196608 196608 262144 262144 327680 327680 393216 393216 458752 458752 524288 524288 589824 589824 655360
16 14 0 20480 45056 53248 73728 77824 94208 106496 122880 131072 131072 188416 217088 233472 307200 323584 356352 376832 393216 417792 421888 458752 458752 524288 524288 589824 598016 610304
17 15 8192 10240 12288 16384 106496 110592 114688 115712 135168 139264 143360 151552 163840 196608 196608 262144 262144 327680 327680 393216 393216 458752 458752 524288 524288 589824 589824 606208 622592 655360
18 10 0 65536 65536 131072 131072 196608 196608 262144 262144 327680 327680 393216 393216 458752 458752 524288 524288 589824 589824 655360
19 10 0 65536 65536 131072 131072 196608 196608 262144 262144 327680 327680 393216 393216 458752 458752 524288 524288 589824 589824 655360
20 10 0 65536 65536 131072 131072 196608 196608 262144 262144 327680 327680 393216 393216 458752 458752 524288 524288 589824 589824 655360
21 10 0 65536 65536 131072 131072 196608 196608 262144 262144 327680 327680 393216 393216 458752 458752 524288 524288 589824 589824 655360
22 12 0 65536 65536 131072 131072 196608 196608 262144 262144 327680 327680 393216 393216 458752 458752 524288 524288 589824 589824 598016 614400 618496 638976 655360
23 18 36864 65536 65536 86016 94208 131072 131072 135168 163840 180224 188416 192512 196608 262144 266240 327680 327680 385024 389120 393216 409600 458752 458752 475136 479232 483328 491520 524288 524288 552960 557056 573440 598016 599552 606208 618496
24 18 0 8192 20480 24576 32768 36864 40960 65536 65536 126976 131072 196608 196608 253952 258048 262144 262144 270336 274432 278528 282624 294912 299008 303104 307200 327680 327680 393216 393216 458752 458752 524288 524288 589824 589824 655360
25 10 0 65536 65536 131072 131072 196608 196608 262144 262144 327680 327680 393216 393216 458752 458752 524288 524288 589824 589824 655360
26 10 0 65536 65536 131072 131072 196608 196608 262144 262144 327680 327680 393216 393216 458752 458752 524288 524288 589824 589824 655360
27 10 0 65536 65536 131072 131072 196608 196608 262144 262144 327680 327680 393216 393216 458752 458752 524288 524288 589824 589824 655360
28 10 0 65536 65536 131072 131072 196608 196608 262144 262144 327680 327680 393216 393216 458752 458752 524288 524288 589824 589824 655360
29 10 0 65536 65536 131072 131072 196608 196608 262144 262144 327680 327680 393216 393216 458752 458752 524288 524288 589824 589824 655360
30 10 0 65536 65536 131072 131072 196608 196608 262144 262144 327680 327680 393216 393216 458752 458752 524288 524288 589824 589824 655360
31 10 0 65536 65536 131072 131072 196608 196608 262144 262144 327680 327680 393216 393216 458752 458752 524288 524288 589824 589824 655360
32 10 0 65536 65536 131072 131072 196608 196608 262144 262144 327680 327680 393216 393216 458752 458752 524288 524288 589824 589824 655360
33 10 0 65536 65536 131072 131072 196608 196608 262144 262144 327680 327680 393216 393216 458752 458752 524288 524288 589824 589824 655360
34 11 0 65536 65536 131072 131072 196608 196608 262144 262144 327680 327680 393216 393216 458752 458752 524288 524288 589824 589824 598016 602112 655360
35 10 0 65536 65536 131072 131072 196608 196608 262144 262144 327680 327680 393216 393216 458752 458752 524288 524288 589824 589824 655360
36 10 0 65536 65536 131072 131072 196608 196608 262144 262144 327680 327680 393216 393216 458752 458752 524288 524288 589824 589824 655360
37 10 0 65536 65536 131072 131072 196608 196608 262144 262144 327680 327680 393216 393216 458752 458752 524288 524288 589824 589824 655360
38 10 0 65536 65536 131072 131072 196608 196608 262144 262144 327680 327680 393216 393216 458752 458752 524288 524288 589824 589824 655360
39 10 0 65536 65536 131072 131072 196608 196608 262144 262144 327680 327680 393216 393216 458752 458752 524288 524288 589824 589824 655360
40 10 0 65536 65536 131072 131072 196608 196608 262144 262144 327680 327680 393216 393216 458752 458752 524288 524288 589824 589824 655360
41 11 0 65536 65536 131072 131072 196608 196608 208896 233472 262144 262144 327680 327680 393216 393216 458752 458752 524288 524288 589824 589824 647168
42 15 16384 20480 32768 45056 98304 110592 122880 131072 131072 196608 270336 274432 294912 299008 327680 393216 393216 458752 458752 512000 516096 524288 532480 557056 561152 589824 589824 606208 638976 643072
43 19 24576 28672 49152 53248 69632 77824 90112 94208 98304 110592 131072 196608 225792 262144 262144 316928 360448 364544 368640 372736 385024 389120 421888 438272 450560 454656 458752 479232 483328 491520 495616 499712 503808 524288 524288 589824 589824 622592
44 16 8192 12288 24576 32768 61440 65536 65536 94208 122880 126976 139264 140800 172032 184320 217088 221184 266240 290816 307200 311296 360448 393216 393216 458752 528384 536576 552960 561152 573440 577536 651264 655360
45 21 16384 28672 45056 49152 53248 65536 65536 81920 102400 106496 155648 184832 196096 196608 196608 200192 221184 233472 262144 269824 270336 274432 282624 290816 315392 327680 327680 335872 339968 393216 393216 413696 462848 466944 471040 483328 500224 524288 524288 589824 589824 655360
46 10 0 65536 65536 131072 131072 196608 196608 262144 262144 327680 327680 393216 393216 458752 458752 524288 524288 589824 589824 655360
47 10 0 65536 65536 131072 131072 196608 196608 262144 262144 327680 327680 393216 393216 458752 458752 524288 524288 589824 589824 655360
48 10 0 65536 65536 131072 131072 196608 196608 262144 262144 327680 327680 393216 393216 458752 458752 524288 524288 589824 589824 655360
49 10 0 65536 65536 131072 131072 196608 196608 262144 262144 327680 327680 393216 393216 458752 458752 524288 524288 589824 589824 655360
50 10 0 65536 65536 131072 131072 196608 196608 262144 262144 327680 327680 393216 393216 458752 458752 524288 524288 589824 589824 655360
51 11 0 65536 65536 131072 131072 196608 196608 262144 262144 327680 327680 393216 393216 458752 458752 524288 524288 589824 589824 630784 643072 647168
52 20 0 4096 12288 65536 65536 98304 102400 106496 126976 131072 131072 188416 192512 193536 204800 262144 262144 294912 327680 393216 393216 458752 458752 479232 487424 495616 499712 503808 528384 540672 569344 577536 589824 593920 598016 602112 606208 618496 647168 655360
53 11 0 65536 65536 131072 131072 196608 196608 262144 262144 327680 327680 393216 393216 458752 458752 524288 524288 544768 589824 606208 634880 638976
54 14 24576 36864 45056 65536 65536 86016 94208 131072 163840 196608 196608 208896 233472 237568 241664 262144 262144 327680 327680 393216 393216 458752 458752 524288 524288 589824 589824 655360
55 14 0 65536 65536 81920 106496 110592 122880 131072 135168 139264 163840 196608 196608 200704 233472 262144 262144 327680 327680 393216 393216 458752 458752 524288 524288 589824 589824 655360
56 10 0 65536 65536 131072 131072 196608 196608 262144 262144 327680 327680 393216 393216 458752 458752 524288 524288 589824 589824 655360
57 10 0 65536 65536 131072 131072 196608 196608 262144 262144 327680 327680 393216 393216 458752 458752 524288 524288 589824 589824 655360
58 11 0 65536 65536 94208 98304 131072 131072 196608 196608 262144 262144 327680 327680 393216 393216 458752 458752 524288 524288 589824 589824 655360
59 10 0 65536 65536 131072 131072 196608 196608 262144 262144 327680 327680 393216 393216 458752 458752 524288 524288 589824 589824 655360
60 10 0 65536 65536 131072 131072 196608 196608 262144 262144 327680 327680 393216 393216 458752 458752 524288 524288 589824 589824 655360
61 10 0 65536 65536 131072 131072 196608 196608 262144 262144 327680 327680 393216 393216 458752 458752 524288 524288 589824 589824 655360
62 10 0 65536 65536 131072 131072 196608 196608 262144 262144 327680 327680 393216 393216 458752 458752 524288 524288 589824 589824 655360
63 10 0 65536 65536 131072 131072 196608 196608 262144 262144 327680 327680 393216 393216 458752 458752 524288 524288 589824 589824 655360
64 10 0 65536 65536 131072 131072 196608 196608 262144 262144 327680 327680 393216 393216 458752 458752 524288 524288 589824 589824 655360
65 10 0 65536 65536 131072 131072 196608 196608 262144 262144 327680 327680 393216 393216 458752 458752 524288 524288 589824 589824 655360
66 11 0 65536 65536 131072 131072 196608 196608 233472 233984 262144 262144 327680 327680 393216 393216 458752 458752 524288 524288 589824 589824 655360
67 10 0 65536 65536 131072 131072 196608 196608 262144 262144 327680 327680 393216 393216 458752 458752 524288 524288 589824 589824 655360
68 10 0 65536 65536 131072 131072 196608 196608 262144 262144 327680 327680 393216 393216 458752 458752 524288 524288 589824 589824 655360
69 19 8192 12288 20480 24576 32768 36864 57344 61440 65536 73728 90112 91136 114688 122880 126976 131072 131072 155648 176128 180224 184320 196608 196608 258048 262144 327680 425984 434176 438272 442368 450560 454656 471040 524288 524288 589824 589824 655360
70 15 0 65536 65536 106496 110592 114688 188416 196608 196608 262144 262144 266240 274432 278528 294912 298496 303104 327680 327680 368640 372736 376832 380928 393216 393216 446464 524288 585728 589824 655360
71 15 0 65536 65536 126976 155648 196608 196608 212480 216576 262144 262144 327680 327680 393216 393216 458752 458752 524288 524288 527872 528384 532480 561152 569344 606208 610304 647168 651264 654848 655360
72 11 0 48640 52736 65536 65536 131072 131072 196608 196608 212480 249856 253952 327680 393216 393216 458752 479232 524288 524288 544768 599552 655360
73 12 8192 12288 57344 65536 65536 73728 81920 131072 131072 196608 196608 262144 262144 327680 327680 393216 393216 458752 458752 524288 524288 589824 589824 655360
74 10 0 65536 65536 130560 131072 196608 196608 262144 262144 327680 327680 393216 393216 458752 458752 524288 524288 589824 589824 655360
75 10 0 65536 65536 131072 131072 196608 196608 262144 262144 327680 327680 393216 393216 458752 458752 524288 524288 589824 589824 655360
76 10 0 65536 65536 131072 131072 196608 196608 262144 262144 327680 327680 393216 393216 458752 458752 524288 524288 589824 589824 655360
77 10 0 65536 65536 131072 131072 196608 196608 262144 262144 327680 327680 393216 393216 458752 458752 524288 524288 589824 589824 655360
78 15 0 65536 65536 131072 131072 196608 196608 262144 262144 327680 327680 393216 393216 409600 421888 430080 434176 438272 454656 458752 458752 471040 483328 507904 524288 589824 589824 610304 614400 655360
79 12 0 65536 65536 131072 135168 139264 163840 172032 212992 245760 339968 348672 380928 385536 442368 458752 458752 524288 524288 532480 540672 589824 589824 655360
80 10 0 65536 65536 131072 131072 196608 196608 262144 262144 327680 327680 393216 393216 458752 458752 524288 524288 589824 589824 655360
81 10 0 65536 65536 131072 131072 196608 196608 262144 262144 327680 327680 393216 393216 458752 458752 524288 524288 589824 589824 655360
82 14 0 8192 40960 53248 73728 110592 114688 131072 131072 139264 151552 167936 180224 196608 217600 262144 262144 327680 327680 393216 393216 458752 458752 524288 524288 589824 589824 655360
83 10 0 65536 65536 131072 131072 196608 196608 262144 262144 327680 327680 393216 393216 458752 458752 524288 524288 589824 589824 655360
84 10 0 65536 65536 131072 131072 196608 196608 262144 262144 327680 327680 393216 393216 458752 458752 524288 524288 589824 589824 655360
85 10 0 65536 65536 131072 131072 196608 196608 262144 262144 327680 327680 393216 393216 458752 458752 524288 524288 589824 589824 655360
86 10 0 65536 65536 131072 131072 196608 196608 262144 262144 327680 327680 393216 393216 458752 458752 524288 524288 589824 589824 655360
87 10 0 65536 65536 131072 131072 196608 196608 262144 262144 327680 327680 393216 393216 458752 458752 524288 524288 589824 589824 655360
88 10 0 65536 65536 131072 131072 196608 196608 262144 262144 327680 327680 393216 393216 458752 458752 524288 524288 589824 589824 655360
89 10 0 65536 65536 131072 131072 196608 196608 262144 262144 327680 327680 393216 393216 458752 458752 524288 524288 589824 589824 655360
90 10 0 65536 65536 131072 131072 196608 196608 262144 262144 327680 327680 393216 393216 458752 458752 524288 524288 589824 589824 655360
91 10 0 65536 65536 131072 131072 196608 196608 262144 262144 327680 327680 393216 393216 458752 458752 524288 524288 589824 589824 655360
92 10 0 65536 65536 131072 131072 196608 196608 262144 262144 327680 327680 393216 393216 458752 458752 524288 524288 589824 589824 655360
93 10 0 65536 65536 131072 131072 196608 196608 262144 262144 327680 327680 393216 393216 458752 458752 524288 524288 589824 589824 655360
94 10 0 65536 65536 131072 131072 196608 196608 262144 262144 327680 327680 393216 393216 458752 458752 524288 524288 589824 589824 655360
95 10 0 65536 65536 131072 131072 196608 196608 262144 262144 327680 327680 393216 393216 458752 458752 524288 524288 589824 589824 655360
96 10 0 65536 65536 131072 131072 196608 196608 262144 262144 327680 327680 393216 393216 458752 458752 524288 524288 589824 589824 655360
97 10 0 65536 65536 131072 131072 196608 196608 262144 262144 327680 327680 393216 393216 458752 458752 524288 524288 589824 589824 655360
98 10 0 65536 65536 131072 131072 196608 196608 262144 262144 327680 327680 393216 393216 458752 458752 524288 524288 589824 589824 655360
99 10 0 65536 65536 131072 131072 196608 196608 262144 262144 327680 327680 393216 393216 458752 458752 524288 524288 589824 589824 655360
