760 1 81920 98304
593 1 425984 442368
222 2 253952 262144 262144 270336
593 1 65536 81920
670 1 245760 249856
845 1 434176 438272
83 1 12288 16384
565 1 540672 552960
565 1 499712 507904
138 1 647168 651264
116 1 712704 716800
687 1 90112 98304
6 1 577536 585728
686 1 430080 438272
687 1 126976 131072
340 1 724992 786432
341 1 0 61440
664 1 552960 581632
902 1 602112 618496
902 2 258048 262144 262144 274432
902 1 307200 323584
862 1 442368 450560
359 1 81920 86016
207 1 434176 438272
60 1 393216 401408
59 1 634880 638976
93 1 770048 774144
89 1 90112 94208
83 1 409600 413696
201 1 32768 36864
222 1 118784 126976
862 1 450560 454656
666 1 389120 393216
666 1 655360 671744
519 1 700416 704512
546 1 335872 336896
848 1 524288 528384
493 1 12288 16384
493 1 4096 8192
211 1 774144 782336
319 1 147456 151552
522 1 184320 192512
212 1 28672 32768
990 1 421888 425984
577 1 581632 585728
756 1 716800 720896
390 1 176128 180224
782 1 773632 777728
782 1 773632 777728
992 1 20480 61440
212 1 28672 36864
217 1 45056 49152
18 1 315392 316416
171 1 327680 331776
108 6 36352 65536 65536 131072 131072 196608 196608 262144 262144 327680 327680 380416
565 1 614400 634880
728 1 155648 163840
269 1 294912 299008
120 1 679424 683520
858 1 757248 761344
935 1 405504 409600
728 1 163840 167936
352 1 434176 442368
6 1 417792 421888
126 1 577536 589824
795 2 548864 589824 589824 614400
131 1 671744 675840
455 1 364544 372736
796 1 659456 663552
132 1 147456 151552
486 1 135168 151552
18 1 233472 241664
687 1 172032 196608
20 2 319488 327680 327680 331776
20 1 499712 503808
922 1 430080 434176
598 1 53248 57344
694 1 53248 61440
486 1 110592 131072
628 1 53248 65536
18 1 589824 598016
18 1 339968 344064
690 1 229376 233472
152 1 667648 684032
102 1 32768 53760
344 1 561152 562176
535 1 532480 540672
531 1 503808 505856
1 1 409600 421888
850 1 561152 565248
579 4 327680 393216 393216 458752 458752 524288 524288 589824
521 1 282624 286720
578 8 65536 131072 131072 196608 196608 262144 262144 327680 327680 393216 393216 458752 458752 524288 524288 589824
608 1 262144 327680
578 3 589824 655360 655360 720896 720896 786432
579 5 0 65536 65536 131072 131072 196608 196608 262144 262144 327680
945 1 569344 577536
820 1 131072 196608
819 1 0 16896
706 2 290816 327680 327680 335872
574 1 131072 139776
521 1 217088 221184
820 1 589824 655360
706 1 335872 339968
821 1 262144 327680
138 1 327680 356352
55 1 528384 532480
33 1 311296 327680
33 2 258048 262144 262144 307200
34 1 131072 196608
562 1 131072 151552
307 1 569344 573440
513 1 81920 86016
450 1 590848 594432
887 1 166912 167936
343 1 294912 299008
54 1 512000 516096
107 1 61440 62464
473 1 442368 454656
990 2 61440 65536 65536 102400
353 1 114688 118784
716 1 184320 188416
922 1 389120 393216
118 1 749568 753664
374 2 523776 524288 524288 527872
321 2 261632 262144 262144 310784
374 1 527872 572928
937 1 167936 172032
46 1 462848 463360
33 1 622592 626688
41 1 729088 733184
42 1 36864 40960
654 1 536576 540672
806 1 262144 266240
180 1 700416 712704
783 1 678912 680448
922 1 458752 483328
542 1 262144 266240
813 2 462848 524288 524288 589824
45 1 45056 49152
627 1 622592 626688
764 1 663552 696320
45 1 110592 114688
737 2 548864 589824 589824 634880
966 1 721408 786432
967 8 0 65536 65536 131072 131072 196608 196608 262144 262144 327680 327680 393216 393216 458752 458752 459264
782 1 745472 749568
38 2 258048 262144 262144 274432
815 1 659456 663552
535 1 516096 520192
27 1 466944 475136
211 1 589824 610304
843 1 385024 393216
642 1 655360 663552
535 1 581632 585728
644 1 270336 282624
284 1 196608 212992
27 1 475136 479232
967 5 459264 524288 524288 589824 589824 655360 655360 720896 720896 786432
968 4 0 65536 65536 131072 131072 196608 196608 197120
782 1 745472 749568
815 1 655360 659456
955 1 0 4096
542 1 204800 208896
903 1 552960 557056
493 1 20480 28672
565 1 679936 700416
68 1 114688 122880
68 1 122880 126976
493 1 90112 106496
493 1 36864 45056
903 1 552960 565248
68 2 126976 131072 131072 135168
493 1 106496 110592
542 1 204800 212992
68 1 135168 139264
965 1 376320 376832
494 1 770048 786432
495 1 0 8192
801 1 475136 479232
452 1 684032 688128
219 2 221184 262144 262144 299008
219 1 299008 303104
709 2 581632 589824 589824 598016
958 1 733184 737280
941 1 290816 303104
287 1 495616 499712
959 1 139264 143360
121 1 724992 729088
474 1 401408 405504
121 1 737280 741376
815 1 655360 659456
121 1 331776 335872
491 1 425984 430080
941 1 380928 385024
958 1 724992 729088
535 1 544768 548864
35 1 327680 340480
32 1 544768 548864
523 4 524288 589824 589824 655360 655360 720896 720896 786432
524 3 0 65536 65536 131072 131072 196608
523 8 0 65536 65536 131072 131072 196608 196608 262144 262144 327680 327680 393216 393216 458752 458752 524288
570 2 696320 720896 720896 786432
571 7 0 65536 65536 131072 131072 196608 196608 262144 262144 327680 327680 393216 393216 434176
771 8 0 65536 65536 131072 131072 196608 196608 262144 262144 327680 327680 393216 393216 458752 458752 524288
535 1 532480 544768
771 4 524288 589824 589824 655360 655360 720896 720896 786432
772 4 0 65536 65536 131072 131072 196608 196608 262144
874 2 655360 720896 720896 786432
875 6 0 65536 65536 131072 131072 196608 196608 262144 262144 327680 327680 393216
912 1 491520 524288
875 4 393216 458752 458752 524288 524288 589824 589824 655360
772 8 262144 327680 327680 393216 393216 458752 458752 524288 524288 589824 589824 655360 655360 720896 720896 786432
773 7 0 65536 65536 131072 131072 196608 196608 262144 262144 327680 327680 393216 393216 458752
895 3 196608 262144 262144 327680 327680 393216
840 1 65536 131072
206 2 311296 327680 327680 376832
509 1 393216 458752
490 4 524288 589824 589824 655360 655360 720896 720896 786432
491 4 0 65536 65536 131072 131072 196608 196608 262144
560 2 327680 393216 393216 458752
491 5 262144 327680 327680 393216 393216 458752 458752 524288 524288 557056
535 1 466944 471040
233 1 229376 232448
824 1 626688 630784
490 1 167936 172032
89 1 315392 319488
120 1 679424 683520
179 1 376832 380928
85 1 675328 704000
252 1 602112 622592
156 1 491520 495616
846 9 20480 65536 65536 131072 131072 196608 196608 262144 262144 327680 327680 393216 393216 458752 458752 524288 524288 544768
363 1 720896 733184
795 2 483328 524288 524288 548864
126 1 589824 593920
1 5 143360 196608 196608 262144 262144 327680 327680 393216 393216 409600
471 1 73728 75776
268 1 520192 524288
446 1 249856 252928
188 1 114688 118784
151 1 36864 40960
188 1 106496 110592
535 1 471040 475136
152 1 585728 589824
188 1 110592 114688
472 1 774144 786432
473 1 0 13824
177 1 720896 786432
769 1 569344 589824
434 1 393216 397312
434 1 4096 32768
448 1 561152 565248
434 1 774144 782336
93 1 364544 368640
401 2 638976 655360 655360 663552
447 1 573440 577536
922 1 176128 180224
11 1 233472 237568
362 2 421888 458752 458752 487424
918 1 352256 360448
826 5 78336 131072 131072 196608 196608 262144 262144 327680 327680 336384
941 1 12288 20480
500 1 241664 245760
571 1 552960 561152
771 1 565248 589824
500 1 270336 274432
826 2 536576 589824 589824 606720
168 1 131072 135168
646 1 598016 599552
826 3 606720 655360 655360 720896 720896 786432
827 1 0 12800
826 4 336384 393216 393216 458752 458752 524288 524288 532480
286 1 552960 557056
356 1 454656 458752
743 1 385024 389120
592 1 393216 397312
743 1 466944 471040
20 1 409600 430080
641 2 454656 458752 458752 466944
139 1 212992 245760
628 1 565248 569344
598 2 57344 65536 65536 90112
116 1 712704 716800
639 1 606208 607232
639 1 602112 606208
896 1 552960 557056
896 1 552960 557056
568 1 122880 131072
725 1 401408 409600
568 1 589824 593920
896 1 552960 561152
417 1 503808 512000
955 1 237568 241664
757 1 733184 761856
192 1 139264 142336
373 1 782336 786432
374 1 0 49152
374 1 49152 53248
260 2 357376 393216 393216 422912
125 1 544768 548864
580 1 761856 770048
966 1 65536 69632
99 1 729088 741376
966 1 65536 69632
228 1 65536 81920
342 1 7680 48640
638 1 688128 692224
110 1 368640 372736
949 1 667648 671744
661 1 49152 57344
815 1 659456 663552
887 1 167936 168960
619 1 374784 376320
956 1 174080 174592
139 1 20480 65536
166 1 323584 327680
732 1 778240 778752
347 1 663552 671744
480 1 270336 274432
741 1 458752 475136
741 1 475136 479232
732 1 778240 778752
347 1 667648 671744
480 1 270336 274432
602 1 135168 139264
204 1 4096 8192
741 1 479232 503808
633 9 229888 262144 262144 327680 327680 393216 393216 458752 458752 524288 524288 589824 589824 655360 655360 720896 720896 754176
972 1 286720 299008
972 1 299008 303104
937 1 684032 688128
633 1 754176 786432
634 8 0 65536 65536 131072 131072 196608 196608 262144 262144 327680 327680 393216 393216 458752 458752 492032
694 1 491520 493568
260 1 225280 241664
21 1 679936 684032
620 2 708608 720896 720896 737280
561 1 491520 512000
965 1 339968 348160
143 1 167936 172032
459 1 495616 499712
367 1 110592 118784
367 1 118784 122880
143 1 172032 176128
965 1 348160 352256
535 1 532480 548864
561 1 557056 577536
330 1 73728 77824
535 1 479232 483328
535 1 544768 548864
330 1 73728 77824
535 1 479232 483328
405 1 479232 491520
535 1 544768 548864
96 1 749568 753664
330 1 73728 77824
135 1 253952 259072
372 1 331776 335872
321 6 314880 327680 327680 393216 393216 458752 458752 524288 524288 589824 589824 650752
950 1 16384 24576
342 5 52736 65536 65536 131072 131072 196608 196608 262144 262144 302592
374 4 577024 589824 589824 655360 655360 720896 720896 786432
375 3 0 65536 65536 131072 131072 171520
292 1 306688 310784
949 1 503808 512000
716 2 188416 196608 196608 200704
661 1 61440 65536
256 1 81920 90112
527 9 209408 262144 262144 327680 327680 393216 393216 458752 458752 524288 524288 589824 589824 655360 655360 720896 720896 733696
35 1 340480 393216
63 1 524800 525312
855 1 409600 413696
107 1 62464 63488
463 1 143360 147456
317 1 745472 749568
887 1 168960 169984
38 1 0 4096
542 1 282624 290816
929 1 696320 708608
574 1 524288 528384
737 1 634880 638976
813 3 585728 589824 589824 655360 655360 696320
784 1 389120 393216
653 1 491520 495616
100 9 254464 262144 262144 327680 327680 393216 393216 458752 458752 524288 524288 589824 589824 655360 655360 720896 720896 778752
169 1 438272 442368
653 1 434176 442368
925 1 737280 753664
100 1 778752 786432
101 5 0 65536 65536 131072 131072 196608 196608 262144 262144 307200
102 2 241664 262144 262144 307200
101 3 307200 327680 327680 393216 393216 451072
340 1 557056 569344
97 1 282624 286720
340 1 569344 573440
101 6 451072 458752 458752 524288 524288 589824 589824 655360 655360 720896 720896 786432
102 3 0 65536 65536 131072 131072 188928
53 1 679936 684032
794 1 143360 147456
398 1 294912 299008
794 1 176128 184320
141 1 430080 434176
61 2 258048 262144 262144 278528
592 1 446464 450560
447 1 585728 589824
612 1 356352 360448
592 1 643072 647168
743 1 188416 192512
592 1 323584 327680
612 1 380928 385024
908 1 86016 90112
452 1 634880 643072
575 1 618496 622080
504 1 36864 45056
89 1 585728 589824
669 1 737280 741376
669 1 692224 696320
972 1 778240 782336
378 1 454656 458752
922 1 495616 499712
832 1 73728 75264
911 1 577536 589824
598 1 90112 94208
242 1 450560 454144
245 1 770048 774144
529 1 32768 36864
705 1 749568 751104
641 1 466944 471040
437 1 753664 761856
838 1 131072 196608
815 1 655360 659456
843 1 131072 196608
815 1 651264 655360
384 1 536576 544768
843 1 589824 655360
384 1 544768 548864
700 1 778240 786432
329 1 196608 249856
206 7 376832 393216 393216 458752 458752 524288 524288 589824 589824 655360 655360 720896 720896 786432
207 2 0 65536 65536 114688
207 9 114688 131072 131072 196608 196608 262144 262144 327680 327680 393216 393216 458752 458752 524288 524288 589824 589824 638976
874 2 524288 589824 589824 655360
208 5 376832 393216 393216 458752 458752 524288 524288 589824 589824 638976
701 1 131072 143360
207 3 638976 655360 655360 720896 720896 786432
208 6 0 65536 65536 131072 131072 196608 196608 262144 262144 327680 327680 376832
565 1 65536 131072
894 3 262144 327680 327680 393216 393216 458752
983 1 81920 94208
130 7 352256 393216 393216 458752 458752 524288 524288 589824 589824 655360 655360 720896 720896 786432
131 2 0 65536 65536 90112
131 7 90112 131072 131072 196608 196608 262144 262144 327680 327680 393216 393216 458752 458752 524288
53 1 679936 684032
254 2 454656 458752 458752 475136
440 2 0 65536 65536 81920
53 1 671744 675840
74 1 331776 335872
671 1 692224 704512
322 1 159744 164352
212 1 761856 786432
213 1 0 4096
721 1 45056 53248
720 1 720896 724992
721 1 69632 73728
599 1 352256 356352
997 1 294912 299008
946 1 462848 466944
612 2 626688 655360 655360 700416
949 1 237568 241664
394 1 81408 88576
643 1 327680 331776
596 1 487424 491520
850 1 167936 172032
926 1 630784 638976
372 1 589824 593920
377 1 90112 94208
162 1 614400 618496
662 1 299008 303104
967 1 782336 786432
922 1 413696 438272
167 1 598016 618496
88 1 57344 61440
25 1 561152 565248
670 1 401408 405504
88 1 40960 45056
25 1 544768 548864
131 1 16384 24576
978 1 339968 340480
704 1 696320 700416
774 1 167936 172032
192 1 126976 131072
28 1 598016 602112
188 1 65536 77824
923 2 188416 196608 196608 225280
182 1 671744 673792
535 1 536576 540672
983 1 163840 167936
152 1 188416 192512
181 1 366592 368128
911 1 593920 602112
464 1 614400 615936
445 1 704512 706048
208 2 569344 589824 589824 634880
77 1 348160 352256
990 1 102400 106496
596 1 86016 102400
83 7 335872 393216 393216 458752 458752 524288 524288 589824 589824 655360 655360 720896 720896 786432
84 2 0 65536 65536 73728
619 1 376320 377344
800 1 491520 495616
473 1 454656 458752
318 1 20480 24576
956 1 174592 175616
912 1 282624 286720
107 1 63488 64512
561 1 69632 73728
908 1 595968 597504
887 1 169984 171008
493 1 77824 81920
794 2 229376 262144 262144 294912
931 1 163840 164352
795 2 565248 589824 589824 630784
796 2 237568 262144 262144 303104
350 1 688128 692224
797 1 589824 655360
374 1 319488 327680
906 1 565248 569344
161 1 557056 561152
467 1 512000 516096
351 1 479232 483328
798 1 393216 414208
326 2 102400 131072 131072 143360
798 1 414208 458752
412 1 106496 110592
326 1 143360 147456
21 1 679936 688128
909 1 16384 20480
909 1 0 12288
847 1 339968 344064
340 1 692224 696320
472 1 557056 561152
922 1 466944 471040
833 1 57344 65536
864 1 81920 94208
922 1 438272 446464
430 1 364544 372736
472 1 557056 561152
951 1 655360 659456
922 1 401408 405504
922 1 507904 512000
430 1 372736 376832
472 1 557056 561152
567 1 479232 499712
880 1 761856 774144
36 1 0 65536
617 1 225280 233472
861 1 335872 339968
861 1 417792 421888
861 1 319488 323584
527 1 733696 786432
528 8 0 65536 65536 131072 131072 196608 196608 262144 262144 327680 327680 393216 393216 458752 458752 471552
861 1 110592 118784
987 1 315392 319488
85 1 704000 708096
728 2 167936 196608 196608 204800
795 2 614400 655360 655360 675840
987 1 352256 356352
352 1 442368 454656
269 1 294912 303104
116 2 454144 458752 458752 470528
116 1 699904 716288
116 1 781824 786432
117 1 0 11776
565 1 557056 573440
115 1 421376 437760
818 1 385024 389120
423 1 716800 720896
197 1 454656 458752
715 1 24576 28672
274 1 65536 69632
896 1 557056 561152
192 1 135168 139264
956 1 331776 335872
240 1 192512 196608
757 1 761856 765952
951 1 622592 626688
968 1 528384 532480
896 1 557056 561152
968 1 585728 589824
25 1 40960 45056
896 1 557056 561152
646 1 65536 69632
716 1 200704 204800
962 1 585728 589824
940 1 663552 675840
110 1 372736 380928
394 1 88576 91136
32 1 421888 425984
821 1 765952 770048
817 1 380928 385024
496 1 782336 786432
497 1 0 8192
740 1 749568 782336
541 1 221184 237568
535 1 516096 524288
27 1 479232 487424
67 1 610304 618496
367 1 352256 356352
27 1 487424 491520
815 1 659456 663552
240 1 737280 741376
535 1 585728 589824
38 4 258048 262144 262144 327680 327680 393216 393216 438272
27 1 491520 499712
430 1 532480 589824
27 1 499712 503808
535 1 466944 471040
404 1 114688 115712
400 5 466944 524288 524288 589824 589824 655360 655360 720896 720896 786432
401 2 0 65536 65536 118784
401 1 704512 720896
401 1 196608 212992
737 1 638976 647168
535 1 475136 487424
883 1 442368 446464
542 1 204800 208896
542 1 262144 270336
442 1 471040 475136
743 1 401408 405504
452 1 643072 647168
821 1 663552 667648
95 1 32768 61440
68 2 708608 720896 720896 733184
68 1 733184 749568
139 1 180224 184320
978 1 340480 340992
767 1 368640 376832
99 1 282624 286720
4 1 737280 737792
978 1 340992 345088
922 1 499712 507904
314 1 450560 458752
314 1 487424 495616
207 1 524288 528384
720 1 122880 124928
232 1 139264 143360
699 1 188416 196608
877 1 225280 229376
699 1 327680 339968
987 1 180224 184320
136 2 323584 327680 327680 335872
136 1 335872 339968
649 1 200704 204800
574 1 233472 237568
694 2 184320 196608 196608 221184
694 1 221184 225280
718 1 286720 294912
635 1 512000 515072
509 1 135168 136704
718 2 344064 393216 393216 401408
941 1 16384 20480
827 1 688128 716800
168 1 135168 147456
827 8 78336 131072 131072 196608 196608 262144 262144 327680 327680 393216 393216 458752 458752 524288 524288 573952
168 1 147456 151552
286 1 552960 557056
168 1 151552 159744
827 3 573952 589824 589824 655360 655360 688128
616 2 253952 262144 262144 266240
616 1 622592 626688
622 2 294912 327680 327680 344064
79 1 720896 724992
628 1 561152 565248
163 2 581632 589824 589824 598016
385 1 581632 589824
139 1 212992 217088
18 1 294912 299008
489 1 385024 389120
598 1 94208 102400
75 1 229376 233472
82 1 221184 225280
895 1 196608 262144
169 1 393216 458752
99 1 241664 245760
186 1 466944 468480
190 1 397312 401408
895 1 720896 786432
99 1 344064 352256
912 1 65536 131072
106 2 642560 655360 655360 658944
124 1 200192 216576
116 2 716288 720896 720896 732672
106 1 675328 691712
124 1 757248 773632
123 1 232960 249344
114 1 241152 257536
123 1 429568 445952
126 1 593920 606208
111 1 364032 380416
728 1 204800 208896
122 1 163328 179712
111 1 282112 298496
113 1 142848 159232
119 1 605696 622080
94 1 335360 351744
125 1 101888 118272
125 2 118272 131072 131072 134656
908 7 356352 393216 393216 458752 458752 524288 524288 589824 589824 655360 655360 720896 720896 786432
909 2 0 65536 65536 94208
515 1 40960 45056
286 2 585728 589824 589824 614400
861 1 237568 241664
37 1 131072 196608
401 1 45056 65536
716 1 688128 708608
37 1 655360 663040
401 1 131072 147456
831 1 28672 32768
937 1 163840 167936
560 1 376832 380928
937 1 167936 172032
0 1 438272 458752
535 1 536576 540672
873 8 262144 327680 327680 393216 393216 458752 458752 524288 524288 589824 589824 655360 655360 720896 720896 786432
809 1 65536 131072
874 8 0 65536 65536 131072 131072 196608 196608 262144 262144 327680 327680 393216 393216 458752 458752 524288
535 1 475136 479232
565 1 524288 589824
206 3 180224 196608 196608 262144 262144 311296
542 1 569344 573440
245 1 581632 584704
956 1 175616 176640
619 1 377344 378368
513 1 81920 94208
990 1 106496 114688
535 1 466944 471040
165 1 135168 143360
85 1 327680 339968
764 1 491520 503808
220 1 208896 212992
595 1 577536 589824
737 1 647168 651264
844 1 32768 34304
883 1 491520 499712
844 1 69632 73728
729 1 401408 458752
770 1 167936 172032
214 1 585728 589824
972 3 122880 131072 131072 196608 196608 229376
923 1 225280 229376
652 1 491520 495616
983 1 307200 311296
905 1 655360 659456
652 1 507904 512000
922 1 458752 462848
984 1 299008 303104
905 1 659456 663552
378 4 569344 589824 589824 655360 655360 720896 720896 765952
701 7 102400 131072 131072 196608 196608 262144 262144 327680 327680 393216 393216 458752 458752 516096
742 5 155136 196608 196608 262144 262144 327680 327680 393216 393216 454144
741 6 417280 458752 458752 524288 524288 589824 589824 655360 655360 720896 720896 786432
742 3 0 65536 65536 131072 131072 155136
912 1 458752 524288
612 1 700416 704512
116 1 167936 172032
493 1 12288 16384
669 1 167936 188416
716 1 208896 221184
394 1 91136 93184
110 1 380928 385024
513 1 204800 262144
984 1 262144 327680
984 2 655360 720896 720896 786432
985 1 393216 458752
985 1 589824 655360
986 1 0 65536
987 1 0 65536
758 1 450560 454656
29 4 262144 327680 327680 393216 393216 458752 458752 524288
409 1 720896 786432
410 7 0 65536 65536 131072 131072 196608 196608 262144 262144 327680 327680 393216 393216 458752
410 5 458752 524288 524288 589824 589824 655360 655360 720896 720896 786432
411 3 0 65536 65536 131072 131072 196608
411 8 196608 262144 262144 327680 327680 393216 393216 458752 458752 524288 524288 589824 589824 655360 655360 720896
401 1 253952 262144
401 1 598016 634880
401 1 282624 307200
840 1 540672 541696
580 1 770048 774144
125 1 544768 557056
177 1 569344 573440
580 1 774144 782336
616 1 286720 291840
660 1 453632 454656
175 1 446464 450560
580 1 782336 786432
432 1 589824 598016
660 1 454656 455168
125 1 548864 552960
432 1 598016 602112
581 1 0 8192
581 1 258048 262144
978 1 345088 348160
639 1 290816 291840
639 1 291840 295936
806 1 262144 266240
939 1 401408 405504
340 2 253952 262144 262144 278528
535 1 479232 483328
535 1 544768 548864
330 1 73728 77824
535 1 479232 483328
665 1 733184 753664
535 1 544768 552960
673 1 208896 212992
330 1 73728 77824
272 1 626688 630784
82 1 679936 684032
641 1 471040 483328
598 1 102400 106496
341 1 61440 65536
628 1 565248 569344
372 1 233472 237568
773 1 589824 602112
889 1 290816 294912
814 1 385024 389120
889 1 364544 368640
234 4 434176 458752 458752 524288 524288 589824 589824 630784
831 1 720896 786432
246 2 0 65536 65536 131072
565 2 655360 720896 720896 786432
233 9 172032 196608 196608 262144 262144 327680 327680 393216 393216 458752 458752 524288 524288 589824 589824 655360 655360 696320
233 2 696320 720896 720896 786432
234 7 0 65536 65536 131072 131072 196608 196608 262144 262144 327680 327680 393216 393216 434176
245 8 262144 327680 327680 393216 393216 458752 458752 524288 524288 589824 589824 655360 655360 720896 720896 786432
250 2 458752 524288 524288 532480
935 1 405504 409600
156 1 495616 499712
252 1 602112 606208
552 1 610304 614400
120 1 679424 683520
316 6 409600 458752 458752 524288 524288 589824 589824 655360 655360 720896 720896 786432
317 3 0 65536 65536 131072 131072 147456
126 1 606208 610304
156 1 491520 495616
728 1 237568 241664
728 1 208896 212992
234 1 307200 311296
617 1 286720 294912
528 2 471552 524288 524288 565248
529 1 327680 344064
529 2 77824 131072 131072 131584
589 1 421888 430080
306 1 176128 184320
935 1 614400 618496
246 1 458752 487424
266 1 483328 487424
811 1 778240 786432
862 2 454656 458752 458752 466944
862 1 466944 471040
433 1 491520 499712
587 1 106496 110592
812 1 0 4096
433 1 499712 503808
846 1 413696 417792
884 1 483328 491520
846 1 409600 413696
561 1 708608 720896
562 1 327680 331776
535 1 471040 483328
239 1 90112 131072
212 1 28672 32768
944 1 208896 217088
944 1 217088 221184
878 2 630784 655360 655360 663552
782 1 773632 777728
942 1 720896 724992
782 1 773632 777728
925 1 659456 663552
925 1 651264 655360
992 1 61440 65536
220 1 57344 58368
782 1 773632 777728
782 1 773632 777728
107 1 64512 65536
473 1 458752 466944
54 1 516096 520192
956 1 176640 177664
619 1 378368 379392
905 1 655360 659456
84 8 73728 131072 131072 196608 196608 262144 262144 327680 327680 393216 393216 458752 458752 524288 524288 585728
815 1 655360 659456
417 1 315392 321024
827 2 716800 720896 720896 786432
828 6 0 65536 65536 131072 131072 196608 196608 262144 262144 327680 327680 340480
168 1 159744 163840
542 1 270336 274432
792 1 557056 561152
716 1 221184 225280
115 1 339968 344064
497 1 4096 8192
497 1 4096 8192
221 2 118784 131072 131072 151552
61 1 278528 290816
497 1 4096 8192
99 1 741376 753664
16 1 466944 479232
775 1 36864 57344
11 1 204800 217088
595 1 528384 532480
673 1 356352 360448
922 1 442368 446464
406 1 430080 438272
495 1 634880 643072
632 1 217088 221184
406 1 438272 442368
104 2 708608 720896 720896 724992
495 1 643072 647168
951 1 655360 659456
632 1 159744 167936
75 1 286720 294912
219 1 438272 441856
922 1 471040 475136
632 1 659456 675840
472 1 557056 561152
922 1 507904 512000
632 1 221184 225280
750 1 749568 757760
554 1 0 4096
144 1 589824 655360
542 1 270336 274432
842 2 57344 65536 65536 122880
949 1 299008 303104
935 2 86016 131072 131072 151552
937 2 602112 655360 655360 667648
25 1 90112 94208
63 1 683520 687616
25 1 258048 262144
869 1 221184 225280
24 1 638976 643072
896 1 557056 569344
896 1 561152 565248
967 1 0 65536
652 1 520192 524288
984 1 692224 696320
181 1 367616 368640
699 1 720896 737280
535 1 548864 557056
587 1 327680 331776
649 1 131072 135168
310 1 712704 716800
394 1 93184 95232
311 1 8192 12288
99 1 327680 331776
659 1 352256 356352
922 1 438272 454656
535 1 532480 536576
535 1 462848 466944
623 1 65536 66048
0 1 20480 24576
0 1 0 4096
249 1 720896 786432
250 7 0 65536 65536 131072 131072 196608 196608 262144 262144 327680 327680 393216 393216 458752
361 1 45056 53248
938 1 327680 393216
568 2 524288 589824 589824 655360
222 2 368640 393216 393216 434176
812 1 458752 524288
540 2 258048 262144 262144 270336
568 1 720896 786432
407 1 311296 315392
473 1 466944 471040
956 1 177664 178688
535 1 532480 536576
990 1 114688 118784
596 1 102400 114688
561 1 73728 86016
513 1 86016 90112
542 1 204800 208896
669 1 466944 483328
102 2 188928 196608 196608 241664
103 4 569344 589824 589824 655360 655360 720896 720896 786432
104 4 0 65536 65536 131072 131072 196608 196608 254464
925 1 753664 774144
485 1 724992 733184
653 1 503808 507904
104 2 254464 262144 262144 307200
669 1 483328 503808
105 2 45056 65536 65536 110592
542 1 270336 274432
105 2 307200 327680 327680 372736
82 1 262144 278528
485 1 733184 737280
111 1 421888 425984
126 1 180224 184320
372 1 372736 376832
372 1 4096 8192
135 1 266240 271360
598 1 106496 114688
664 1 659456 663552
598 1 114688 118784
641 1 483328 487424
896 1 561152 565248
967 1 458752 524288
903 1 557056 561152
493 1 40960 45056
68 1 139264 147456
493 1 106496 118784
68 1 147456 151552
968 1 221184 237568
667 1 552960 561152
903 1 557056 561152
68 1 151552 159744
68 1 159744 163840
903 1 557056 561152
68 1 163840 172032
68 1 172032 176128
903 1 557056 561152
721 2 73728 131072 131072 135168
463 1 376832 380928
198 1 28672 32768
926 2 696320 720896 720896 729088
599 1 610304 614400
805 1 131072 196608
926 1 729088 733184
666 1 53248 65536
535 1 536576 540672
390 1 782336 786432
391 1 0 20480
152 1 548864 552960
391 1 20480 24576
429 1 376832 385024
475 1 294912 298496
429 1 385024 389120
472 1 28672 32768
472 1 151552 155648
276 1 344064 356352
744 1 274432 278528
819 1 765952 770048
85 2 708096 720896 720896 740864
565 1 573440 589824
120 1 679424 683520
269 1 299008 311296
103 1 212992 225280
566 1 458752 462848
416 1 757760 786432
417 1 0 4096
728 1 241664 245760
85 1 740864 744960
139 1 487424 491520
741 1 503808 507904
347 1 667648 671744
204 1 8192 12288
480 1 270336 274432
542 1 299008 311296
680 3 425984 458752 458752 524288 524288 557056
741 2 507904 524288 524288 548864
138 1 274432 278528
741 1 548864 552960
542 1 241664 245760
542 1 307200 311296
347 1 667648 671744
480 1 270336 274432
138 1 274432 278528
741 1 552960 581632
401 1 147456 151552
528 4 565248 589824 589824 655360 655360 720896 720896 786432
529 2 0 65536 65536 73728
617 1 233472 237568
246 1 487424 491520
234 1 274432 278528
831 1 28672 32768
494 1 237568 245760
529 2 197120 262144 262144 327680
617 1 290816 294912
494 1 245760 249856
529 7 344064 393216 393216 458752 458752 524288 524288 589824 589824 655360 655360 720896 720896 737792
182 1 634880 635392
184 1 557056 585728
392 1 118784 122880
392 1 110592 114688
962 1 364544 372736
392 1 122880 126976
684 1 61440 65536
539 1 573440 581632
761 2 311296 327680 327680 360448
641 1 626688 630784
761 1 360448 364544
253 1 307200 311296
938 1 516096 520192
938 1 524288 585728
542 1 204800 208896
214 1 585728 589824
982 1 606208 638976
542 1 270336 274432
270 1 237568 241664
270 1 225280 229376
945 1 413696 417792
980 1 348160 352256
110 1 385024 393216
716 1 225280 237568
281 2 380416 393216 393216 396800
280 1 753152 769536
123 1 151552 155648
281 2 478720 524288 524288 527872
375 1 171520 175616
623 1 741376 745472
110 1 393216 397312
503 1 753664 770048
516 2 40960 65536 65536 90112
619 1 65536 81920
312 1 40960 57344
145 1 24576 40960
385 1 12288 28672
591 1 200704 249856
778 1 290816 294912
27 1 503808 512000
535 1 532480 540672
27 1 512000 516096
535 1 471040 475136
778 1 290816 294912
535 1 536576 540672
367 1 352256 356352
240 1 737280 741376
535 1 471040 475136
535 1 536576 548864
926 9 115200 131072 131072 196608 196608 262144 262144 327680 327680 393216 393216 458752 458752 524288 524288 589824 589824 639488
926 3 639488 655360 655360 720896 720896 786432
927 6 0 65536 65536 131072 131072 196608 196608 262144 262144 327680 327680 377344
927 3 377344 393216 393216 458752 458752 520192
927 4 524288 589824 589824 655360 655360 720896 720896 786432
928 1 0 16384
929 2 16384 65536 65536 81920
928 1 16384 53760
927 2 61440 65536 65536 69632
918 1 266240 270336
918 1 253952 258048
928 9 53760 65536 65536 131072 131072 196608 196608 262144 262144 327680 327680 393216 393216 458752 458752 524288 524288 578048
928 4 578048 589824 589824 655360 655360 720896 720896 786432
929 1 0 16384
42 2 557056 589824 589824 602624
423 1 438272 446464
42 3 335872 393216 393216 458752 458752 524288
583 1 266240 270336
440 1 618496 626688
985 1 331776 335872
188 1 73728 77824
404 3 438272 458752 458752 524288 524288 589824
432 1 720896 786432
433 6 0 65536 65536 131072 131072 196608 196608 262144 262144 327680 327680 385024
596 1 442368 450560
990 1 118784 122880
473 1 471040 479232
165 1 143360 155648
912 1 282624 286720
54 1 512000 516096
542 1 503808 507904
533 9 163840 196608 196608 262144 262144 327680 327680 393216 393216 458752 458752 524288 524288 589824 589824 655360 655360 688128
126 1 610304 618496
276 1 266240 282624
225 1 749568 753664
735 1 318976 323072
156 1 495616 499712
551 1 364544 368640
375 1 737280 786432
376 8 0 65536 65536 131072 131072 196608 196608 262144 262144 327680 327680 393216 393216 458752 458752 475136
550 1 765952 770048
882 1 688128 692224
550 1 401408 405504
882 1 679936 684032
551 1 733184 737280
56 1 450560 454656
411 1 720896 786432
412 7 0 65536 65536 131072 131072 196608 196608 262144 262144 327680 327680 393216 393216 458752
412 5 458752 524288 524288 589824 589824 655360 655360 720896 720896 786432
413 3 0 65536 65536 131072 131072 196608
413 1 720896 786432
414 3 0 65536 65536 131072 131072 192512
413 8 196608 262144 262144 327680 327680 393216 393216 458752 458752 524288 524288 589824 589824 655360 655360 720896
414 1 192512 196608
414 1 192512 196608
365 1 122880 126976
889 1 368640 372736
542 1 204800 212992
218 1 712704 715264
194 1 0 65536
889 1 618496 622592
50 1 167936 172032
351 1 393216 458752
705 1 4096 8192
267 1 204800 212992
286 1 614400 618496
430 1 770048 771072
843 1 122880 131072
565 1 266240 270336
621 1 593920 598016
191 1 434176 442368
625 1 659456 663552
801 2 258048 262144 262144 299008
801 1 299008 303104
597 1 335872 339968
344 1 446464 450560
917 1 233472 237568
24 2 307200 327680 327680 339968
589 1 421888 425984
24 1 405504 438272
24 1 356352 389120
579 1 589824 655360
440 1 626688 630784
366 2 126976 131072 131072 143360
337 1 782336 786432
338 1 0 12288
905 1 655360 659456
143 1 335872 344064
0 1 339968 344064
513 1 684032 688128
896 1 561152 565248
589 1 770048 774656
580 1 413696 417792
796 1 626688 630784
44 1 720896 729088
634 5 492032 524288 524288 589824 589824 655360 655360 720896 720896 786432
635 4 0 65536 65536 131072 131072 196608 196608 229888
650 1 606208 638976
83 1 208896 212992
635 9 229888 262144 262144 327680 327680 393216 393216 458752 458752 524288 524288 589824 589824 655360 655360 720896 720896 754176
354 1 40960 49152
354 1 49152 53248
635 1 754176 786432
636 8 0 65536 65536 131072 131072 196608 196608 262144 262144 327680 327680 393216 393216 458752 458752 492032
676 1 143360 147456
41 1 141312 141824
16 1 544768 552960
636 5 492032 524288 524288 589824 589824 655360 655360 720896 720896 786432
637 4 0 65536 65536 131072 131072 196608 196608 229888
41 1 141312 142336
637 2 229888 262144 262144 320000
16 1 483328 487424
784 1 262656 263168
939 1 405504 409600
623 1 274432 278528
623 1 69632 73728
80 1 237568 241664
565 1 565248 585728
542 1 270336 274432
968 1 131072 196608
868 1 634880 647168
842 1 122880 126976
45 1 45056 49152
184 1 311296 315392
189 1 708608 712704
103 1 282624 286720
189 1 581632 585728
332 1 311296 315392
266 1 720896 724992
189 1 606208 610304
814 1 57344 61440
814 1 65536 69632
237 2 684032 720896 720896 786432
238 1 0 24576
927 1 389120 390144
78 1 671744 675840
373 1 512000 516096
628 1 561152 565248
139 2 245760 262144 262144 278528
223 2 446464 458752 458752 466944
223 1 577536 581632
617 1 217088 221184
632 1 716800 720896
632 1 675840 688128
951 1 655360 659456
409 1 688128 692224
922 1 405504 409600
104 1 724992 745472
696 1 712704 715776
6 1 765952 770048
842 1 184320 192512
33 1 69632 73728
472 1 557056 561152
160 1 527872 531968
811 1 253952 258048
16 1 491520 499712
16 1 499712 503808
343 1 512000 516096
605 1 319488 323584
569 1 552960 557056
26 1 339968 352256
535 1 483328 487424
535 1 548864 552960
330 1 73728 77824
535 1 483328 487424
221 1 565248 566272
665 1 753664 765952
535 1 532480 536576
433 1 745472 765952
379 2 192512 196608 196608 212992
624 1 536576 539136
406 1 487424 490496
556 1 282624 284672
632 1 475136 479232
838 1 442368 445440
837 1 311296 313856
617 1 233472 237568
876 1 131072 143360
716 1 708608 720896
535 1 532480 540672
716 1 237568 241664
669 1 188416 196608
342 1 302592 306688
321 1 650752 654848
501 1 331776 335872
673 1 417792 421888
850 2 188416 196608 196608 208896
838 1 615424 616448
581 1 8192 12288
535 1 475136 483328
403 1 270336 278528
406 1 716800 720896
975 1 262144 266240
975 1 217088 225280
646 1 552960 557056
143 1 368640 380928
952 3 98304 131072 131072 196608 196608 221184
650 1 716800 720896
339 1 273920 275456
952 1 221184 225280
540 1 270336 274432
579 1 327680 393216
503 1 458752 524288
811 2 655360 720896 720896 786432
812 6 0 65536 65536 131072 131072 196608 196608 262144 262144 327680 327680 393216
36 1 319488 323584
813 8 131072 196608 196608 262144 262144 327680 327680 393216 393216 458752 458752 524288 524288 589824 589824 655360
812 6 393216 458752 458752 524288 524288 589824 589824 655360 655360 720896 720896 786432
813 2 0 65536 65536 131072
813 2 655360 720896 720896 786432
814 6 0 65536 65536 131072 131072 196608 196608 262144 262144 327680 327680 393216
692 1 307200 315392
498 1 126976 131072
17 1 94208 98304
369 1 499712 503808
304 1 135168 139264
0 1 196608 200704
949 1 552960 557056
148 1 458752 462848
136 1 180224 184320
947 1 479232 483328
110 1 348160 352256
989 1 151552 155648
583 1 274432 282624
922 1 393216 401408
925 1 409600 417792
60 1 507904 516096
699 1 532480 536576
152 1 720896 724992
598 2 118784 131072 131072 151552
276 1 512000 516096
215 1 516096 520192
347 1 557056 561152
485 1 561152 565248
84 4 585728 589824 589824 655360 655360 720896 720896 786432
85 4 0 65536 65536 131072 131072 196608 196608 258048
473 1 479232 483328
535 1 466944 475136
815 1 659456 663552
54 1 516096 520192
513 1 86016 90112
815 1 655360 659456
119 1 491520 495616
183 1 286720 290816
117 1 643072 647168
45 1 110592 114688
183 1 155648 159744
118 1 532480 536576
518 1 630784 655360
542 1 204800 208896
621 1 262144 274432
198 1 16384 32768
707 1 589824 598016
11 1 471040 475136
102 1 503808 507904
131 1 622592 626176
882 1 179712 183808
42 2 668160 720896 720896 786432
43 1 0 40960
102 1 499712 503808
594 1 744960 749056
714 1 581120 589312
409 1 441856 445952
787 2 589312 589824 589824 593408
769 1 507392 511488
893 1 630272 634368
47 2 704512 720896 720896 786432
48 1 0 49152
658 1 581120 589312
401 1 565248 577536
501 2 528384 589824 589824 655360
561 1 270336 274432
292 1 0 12288
561 1 204800 208896
969 1 65536 131072
375 1 319488 323584
641 1 487424 499712
222 1 417792 434176
788 2 589824 655360 655360 663552
291 1 671744 675840
338 1 286720 290816
598 1 151552 155648
461 1 151552 159744
296 1 53248 57344
716 1 241664 253952
669 1 655360 659456
134 1 73728 77824
501 1 339968 344064
577 1 593920 598016
664 1 221184 229376
296 1 65536 69632
461 1 159744 163840
110 1 397312 430080
989 1 737280 741376
695 1 471040 495616
583 1 286720 294912
65 1 421888 425984
181 1 368128 369664
126 1 618496 622592
108 2 36352 65536 65536 69120
352 2 454656 458752 458752 462848
728 1 245760 253952
156 1 491520 495616
719 1 699904 712192
122 1 491008 507392
719 1 597504 601600
371 1 442368 454656
377 6 413696 458752 458752 524288 524288 589824 589824 655360 655360 720896 720896 786432
378 3 0 65536 65536 131072 131072 151552
92 2 475136 524288 524288 577536
109 1 8192 57344
730 1 720896 724992
230 1 655360 659456
415 1 622592 630784
930 1 151552 155648
296 1 143360 147456
876 1 540672 557056
529 1 737792 786432
530 8 0 65536 65536 131072 131072 196608 196608 262144 262144 327680 327680 393216 393216 458752 458752 475648
475 1 274432 278528
617 1 290816 294912
941 1 102400 106496
806 1 306688 310784
806 1 306688 310784
133 1 446464 450560
460 1 192512 193536
239 1 643072 647168
183 1 421888 425984
46 1 221184 225280
99 1 323584 327680
172 1 385024 389120
97 1 536576 544768
653 1 638976 643072
226 1 475136 479232
693 1 638976 655360
694 1 0 4096
413 1 782336 786432
828 7 340480 393216 393216 458752 458752 524288 524288 589824 589824 655360 655360 720896 720896 786432
829 2 0 65536 65536 78336
670 1 434176 442368
594 1 16384 24576
24 1 536576 540672
952 1 626688 630784
207 1 139264 147456
357 1 393216 409600
829 9 78336 131072 131072 196608 196608 262144 262144 327680 327680 393216 393216 458752 458752 524288 524288 589824 589824 602624
814 1 81920 114688
597 1 294912 319488
597 1 221184 262144
170 1 262144 303104
609 2 536576 589824 589824 602112
438 2 184320 196608 196608 249856
951 1 655360 659456
567 1 499712 512000
922 1 442368 446464
842 1 188416 192512
922 1 471040 475136
542 1 270336 274432
627 2 176128 196608 196608 212992
627 1 212992 217088
472 1 557056 561152
922 1 507904 512000
951 1 655360 659456
529 2 258048 262144 262144 266240
701 2 258048 262144 262144 294912
153 2 114688 131072 131072 143360
263 1 192512 193024
939 1 401408 405504
806 1 262144 266240
556 1 49152 65536
977 2 712704 720896 720896 786432
978 1 0 4096
623 1 65536 66048
303 1 413696 430080
922 1 458752 462848
939 1 405504 409600
542 1 270336 274432
565 1 565248 585728
333 1 425984 458752
434 1 507904 516096
338 1 65536 114688
493 1 77824 81920
541 2 516096 524288 524288 536576
493 1 4096 8192
505 1 262144 266240
256 1 462848 466944
412 1 512000 520192
503 2 581632 589824 589824 598016
177 1 720896 786432
732 1 368640 385024
977 1 581632 585728
128 1 430080 442368
116 1 712704 716800
139 1 245760 249856
896 1 561152 565248
896 1 561152 569344
568 1 557056 577536
896 1 565248 569344
85 1 323584 327680
283 1 180224 184320
16 1 430080 458752
473 1 483328 495616
353 1 114688 118784
287 1 4096 28672
417 1 155648 163840
255 2 581120 589824 589824 597504
255 1 597504 601600
173 1 192000 196096
21 1 675840 679936
143 1 167936 172032
459 1 495616 499712
143 1 172032 176128
143 1 167936 172032
459 1 495616 499712
143 1 172032 176128
143 1 167936 172032
459 1 495616 499712
143 1 172032 176128
125 1 270336 274432
821 1 311296 315392
738 1 618496 630784
738 1 634880 638976
916 1 507904 512000
910 1 503808 507904
285 1 294912 299008
910 1 544768 548864
224 1 188416 192512
799 1 614400 618496
916 1 442368 446464
903 1 307200 319488
903 1 380928 385024
129 1 159744 163840
716 1 253952 258048
646 1 458752 462848
110 1 430080 434176
459 1 651264 655360
969 1 524288 589824
292 1 12288 16384
970 1 262144 327680
39 1 724992 728064
542 1 274432 278528
542 1 208896 212992
235 1 421888 425984
119 1 200704 208896
542 1 274432 278528
570 1 360448 368640
390 1 40960 49152
542 1 208896 212992
542 1 274432 278528
278 1 618496 622592
542 1 208896 212992
381 1 684032 692224
924 1 401408 405504
542 1 274432 282624
584 1 503808 507904
502 6 0 65536 65536 131072 131072 196608 196608 262144 262144 327680 327680 344064
400 2 454656 458752 458752 462848
502 1 471040 483328
502 2 520192 524288 524288 528384
252 1 339968 376832
252 1 376832 380928
819 1 569344 573440
817 1 524288 524800
817 1 524800 525312
817 1 525312 529408
817 1 529408 533504
815 1 655360 659456
676 1 323584 327680
640 1 257536 261632
819 1 573440 573952
815 1 659456 663552
819 1 577536 581632
819 1 585728 589824
815 1 655360 659456
819 1 573440 573952
815 1 659456 663552
818 1 360448 360960
922 1 405504 409600
482 1 372736 380928
744 1 421376 425472
637 1 3584 7680
407 1 360448 368640
769 1 511488 515584
276 1 188416 192512
409 1 445952 450048
694 1 716800 720384
759 1 593408 597504
365 1 122880 131072
365 1 131072 135168
271 1 16384 20480
412 1 774144 782336
416 1 245760 249856
561 1 208896 229376
968 1 237568 241664
68 1 176128 184320
968 1 458752 462848
969 1 65536 77824
68 1 184320 188416
667 1 499712 503808
903 1 557056 561152
790 1 536576 540672
68 1 188416 196608
68 1 196608 200704
903 1 557056 561152
68 1 200704 208896
68 1 208896 212992
809 1 540672 544768
441 1 98304 102400
560 1 737280 753664
535 1 471040 483328
246 1 430080 438272
535 1 540672 552960
535 1 532480 536576
246 1 573440 577536
728 1 253952 258048
565 1 671744 679936
120 1 679424 683520
565 1 634880 638976
118 1 225280 233472
92 4 581632 589824 589824 655360 655360 720896 720896 786432
93 4 0 65536 65536 131072 131072 196608 196608 212992
535 1 532480 540672
542 1 270336 274432
989 1 745472 749568
144 1 561152 562688
745 1 303104 311296
434 1 442368 450560
451 1 622592 630784
535 1 532480 552960
940 1 471040 473600
238 1 20480 24576
644 1 727040 786432
645 1 0 6144
218 1 691712 712192
652 1 573440 577536
718 1 323584 327680
766 1 606208 610304
765 1 86016 90112
894 1 229376 237568
434 1 516096 520192
853 1 446464 454656
896 1 565248 569344
164 1 438272 442368
683 1 86016 90112
484 1 593920 602112
472 1 557056 565248
434 1 135168 148480
485 1 397312 405504
428 1 741376 745472
103 1 737280 741376
485 1 405504 409600
493 1 118784 122880
389 1 675840 684032
170 1 303104 307200
821 1 405504 417792
680 1 557056 573440
195 1 385024 389120
160 1 643072 651264
339 1 139264 147456
3 1 688128 692224
199 1 364544 368640
782 2 290816 327680 327680 335872
829 3 602624 655360 655360 720896 720896 786432
830 2 0 65536 65536 82432
661 2 53248 65536 65536 69632
526 1 495616 524288
389 1 684032 688128
478 1 40960 45056
628 1 761856 786432
629 1 0 16384
235 1 782336 786432
236 1 0 20480
43 1 221184 225280
621 1 270336 282624
11 1 536576 540672
542 1 270336 274432
203 1 217088 221184
43 1 151552 155648
11 1 471040 475136
565 1 483328 503808
542 1 270336 282624
11 1 536576 540672
666 1 51200 51712
542 1 204800 217088
922 1 393216 401408
565 1 585728 589824
376 1 348160 356352
989 1 262144 266240
724 1 69632 77824
566 1 720896 729088
673 1 663552 696320
376 1 356352 360448
922 1 462848 466944
542 1 204800 208896
391 1 712704 720896
869 1 602112 610304
98 1 712704 716800
782 1 773632 781824
806 1 306688 314880
239 1 196608 217088
700 1 782336 786432
239 1 217088 221184
701 1 655360 667648
542 1 270336 278528
562 1 331776 352256
652 1 221184 225280
701 1 61440 65536
701 1 667648 671744
701 1 393216 405504
561 1 667648 688128
291 1 692224 696320
373 1 286720 290816
922 1 430080 438272
598 1 155648 163840
628 1 565248 569344
788 1 663552 667648
85 7 339968 393216 393216 458752 458752 524288 524288 589824 589824 655360 655360 720896 720896 786432
86 2 0 65536 65536 73728
461 1 577536 581632
561 1 86016 94208
619 1 438272 448000
219 1 503808 507904
473 1 495616 499712
677 9 33280 65536 65536 131072 131072 196608 196608 262144 262144 327680 327680 393216 393216 458752 458752 524288 524288 557568
673 1 540672 544768
684 1 221184 229376
477 1 479232 487424
716 2 258048 262144 262144 270336
638 1 0 12288
886 1 135168 139264
850 1 188416 192512
833 1 28672 36864
179 2 24576 65536 65536 73728
638 1 24576 28672
500 1 708608 712704
183 1 532480 536576
935 1 212992 217088
415 1 638976 651264
715 1 40960 45056
447 1 327680 331776
160 1 311296 315392
447 1 315392 319488
415 1 647168 651264
534 2 192512 196608 196608 229376
534 1 229376 233472
385 1 434176 442368
385 1 442368 446464
181 1 114688 118784
678 1 73728 75264
542 1 241664 245760
741 1 581632 585728
542 1 307200 311296
138 1 274432 278528
542 1 241664 245760
542 1 307200 311296
138 1 274432 278528
542 1 241664 249856
301 1 770048 774144
652 1 458752 475136
852 1 98304 131072
542 1 311296 315392
852 1 131072 135168
138 1 274432 278528
401 1 323584 327680
403 2 413696 458752 458752 479232
486 1 434176 450560
145 2 720384 720896 720896 724480
156 1 687616 691712
970 1 720896 786432
972 1 524288 589824
973 1 196608 262144
547 1 208896 212992
589 1 479232 487424
905 1 659456 663552
434 1 450560 454656
451 1 630784 634880
69 2 417792 458752 458752 466944
542 1 200704 204800
976 1 278016 282112
976 1 282112 318976
552 1 782336 786432
564 1 741376 743424
564 1 659456 663552
455 1 1536 2048
16 1 548864 552960
637 1 320000 327680
854 1 307200 308224
693 1 606208 622592
105 1 618496 621056
535 1 532480 536576
637 7 331776 393216 393216 458752 458752 524288 524288 589824 589824 655360 655360 720896 720896 758272
41 1 141824 142336
637 1 758272 786432
638 7 0 65536 65536 131072 131072 196608 196608 262144 262144 327680 327680 393216 393216 430592
120 1 679424 683520
542 1 204800 208896
661 1 98304 102400
85 1 744960 757248
256 1 155648 159744
363 1 733184 753664
309 1 294912 319488
226 1 229376 233472
190 1 4096 8192
280 1 753664 765952
53 1 745472 749568
819 2 241664 262144 262144 290816
819 2 294912 327680 327680 376832
820 3 245760 262144 262144 327680 327680 389632
820 2 586240 589824 589824 638976
7 4 184320 196608 196608 262144 262144 327680 327680 380928
242 1 28672 32768
8 3 249856 262144 262144 327680 327680 380928
61 1 196608 217088
8 2 708608 720896 720896 774144
10 2 118784 131072 131072 184320
10 2 512000 524288 524288 524800
10 1 524800 577536
11 2 380928 393216 393216 446464
12 2 188416 196608 196608 253952
75 1 491520 495616
860 1 729088 737280
533 1 131072 139264
489 1 745472 749568
46 1 729088 737280
714 1 503808 512000
717 1 569344 577536
80 1 151552 159744
864 1 512000 516096
591 1 307200 311296
75 1 565248 569344
866 1 389120 393216
152 2 651264 655360 655360 671744
903 1 557056 561152
866 1 389120 393216
68 1 212992 221184
467 1 315392 319488
467 2 319488 327680 327680 368640
68 1 221184 225280
696 1 303104 307200
39 1 733184 737280
417 1 163840 167936
0 1 196608 204800
217 1 540672 573440
101 1 339968 344064
108 1 524288 528384
108 1 655360 663552
101 1 270336 282624
967 1 688128 692224
733 1 81920 86016
965 1 516096 520192
967 1 434176 438272
530 5 475648 524288 524288 589824 589824 655360 655360 720896 720896 786432
531 4 0 65536 65536 131072 131072 196608 196608 213504
243 1 638976 655360
107 1 221184 225280
201 1 49152 65536
830 5 82432 131072 131072 196608 196608 262144 262144 327680 327680 340480
995 2 548864 589824 589824 614400
39 2 491520 524288 524288 585728
544 1 655360 659456
382 1 548864 552960
506 2 155648 196608 196608 204800
503 2 704512 720896 720896 745472
266 1 409600 413696
661 3 598016 655360 655360 720896 720896 786432
463 1 442368 446464
822 1 155648 167936
461 1 757760 761856
34 1 65536 69632
631 2 278528 327680 327680 344064
782 1 466944 475136
184 1 585728 589824
673 1 749568 765952
635 2 36864 65536 65536 102400
22 1 679936 692224
493 1 53248 57344
887 1 94208 106496
13 1 618496 622592
584 2 512000 524288 524288 552960
584 1 557056 581632
585 1 16384 28672
542 1 212992 217088
565 1 393216 397312
584 4 585728 589824 589824 655360 655360 720896 720896 786432
585 1 0 8192
565 1 397312 409600
585 4 32768 65536 65536 131072 131072 196608 196608 237568
542 1 278528 282624
337 1 45056 49152
841 1 180224 184320
29 1 352256 368640
984 1 749568 757760
985 1 638976 655360
412 1 270336 278528
605 1 577536 581632
110 1 434176 442368
716 1 270336 274432
706 1 102400 110592
738 1 143360 147456
623 1 761856 765952
677 1 557568 589824
770 1 757760 786432
771 1 0 36864
319 1 163840 167936
110 1 442368 446464
0 1 421888 438272
246 1 573440 581632
913 1 179200 179712
535 1 466944 479232
246 1 585728 589824
562 1 237568 238592
555 1 692224 696320
89 1 28672 32768
463 1 471040 479232
246 1 573440 577536
908 1 767488 768000
560 1 753664 774144
153 1 143360 147456
361 1 49152 53248
701 1 294912 299008
263 2 193024 196608 196608 208896
852 1 262144 327680
296 1 102400 105984
540 1 274432 286720
579 1 458752 524288
252 1 442368 446464
799 1 65536 131072
799 1 655360 720896
50 1 262144 278528
800 1 458752 524288
479 2 126976 131072 131072 135168
801 2 266240 327680 327680 331776
479 1 135168 139264
802 1 593920 604160
50 1 278528 299008
21 1 749568 753664
939 1 761856 770048
71 1 593920 598016
71 1 569344 573440
845 1 262144 266240
815 1 655360 659456
230 1 659456 667648
230 1 671744 688128
13 1 421888 425984
667 1 475136 479232
231 3 32768 65536 65536 131072 131072 147456
231 1 147456 151552
10 1 406016 406528
535 1 483328 503808
181 1 369152 369664
188 1 73728 77824
905 1 655360 659456
923 2 229376 262144 262144 315392
69 1 532480 536576
976 1 774144 778240
412 1 647168 651264
409 1 741376 765952
412 1 110592 114688
412 1 466944 475136
714 1 135168 139264
987 1 53248 65536
413 1 421888 438272
414 1 106496 110592
8 1 8192 12288
411 1 380928 389120
413 2 61440 65536 65536 73728
412 2 172032 196608 196608 208896
412 1 602112 610304
413 1 143360 159744
411 1 237568 262144
411 1 589824 593920
957 1 221184 225280
414 1 73728 77824
413 1 557056 565248
414 1 151552 155648
922 1 442368 450560
339 1 286720 294912
339 1 294912 299008
472 1 561152 565248
160 1 527872 531968
26 1 352256 356352
657 1 360448 393216
726 1 524288 540672
535 1 536576 540672
636 1 528384 530432
815 1 659456 663552
511 1 471040 475136
54 1 512000 516096
219 1 544768 552960
324 1 233472 237568
485 1 720896 733184
401 1 147456 180224
401 1 327680 352256
360 9 159744 196608 196608 262144 262144 327680 327680 393216 393216 458752 458752 524288 524288 589824 589824 655360 655360 679936
85 1 757248 761344
728 2 258048 262144 262144 274432
765 1 475136 479232
728 1 335872 356352
150 1 142848 146944
218 1 204800 208896
203 1 217088 221184
114 1 757760 765952
674 1 376832 380928
599 1 69632 73728
151 1 61440 65536
822 1 749568 765952
542 1 212992 217088
11 1 471040 479232
11 1 540672 544768
542 1 278528 282624
218 1 204800 208896
151 2 61440 65536 65536 86016
729 1 401408 458752
542 1 212992 217088
976 1 318976 323072
887 1 651264 655360
976 1 323072 327168
888 1 94208 110592
553 1 53248 65536
218 1 712192 716288
218 1 765440 781824
218 2 716288 720896 720896 761344
542 1 229376 233472
669 1 651264 655360
670 1 262144 274432
896 1 565248 569344
430 1 94208 102400
896 1 565248 569344
896 1 569344 577536
896 1 569344 573440
848 1 729088 749568
610 1 741376 745472
795 1 630784 631296
5 1 274432 278528
531 1 758272 758784
785 1 16384 20480
856 1 151552 155648
542 1 270336 274432
716 1 331776 344064
771 1 36864 40960
319 1 188416 192512
180 1 475136 479232
151 1 405504 409600
394 1 95232 97280
99 1 327680 331776
677 3 638976 655360 655360 720896 720896 786432
678 6 0 65536 65536 131072 131072 196608 196608 262144 262144 327680 327680 344576
562 1 618496 622592
660 1 397312 401408
401 1 516096 520192
598 1 163840 167936
86 1 73728 110592
411 1 466944 475136
411 1 765952 786432
412 1 0 12288
714 1 139264 143360
137 1 57344 61440
755 1 8192 12288
986 1 0 8192
265 1 98304 102400
964 1 12288 16384
957 1 221184 225280
137 1 61440 65536
137 1 65536 73728
985 1 618496 622592
411 1 69632 73728
413 1 114688 118784
411 1 364544 368640
412 1 327680 339968
413 1 184320 196608
412 1 393216 413696
413 1 487424 495616
410 1 81920 90112
973 1 589824 655360
455 1 712704 713728
107 1 155648 167936
531 9 213504 262144 262144 327680 327680 393216 393216 458752 458752 524288 524288 589824 589824 655360 655360 720896 720896 737792
938 1 778240 786432
939 1 0 32768
907 1 458752 462848
876 1 290816 294912
48 2 704512 720896 720896 786432
49 3 0 65536 65536 131072 131072 152064
355 2 155136 196608 196608 253440
356 1 404992 450048
407 1 368640 372736
34 1 487424 516096
705 1 389120 393216
49 9 152064 196608 196608 262144 262144 327680 327680 393216 393216 458752 458752 524288 524288 589824 589824 655360 655360 676352
108 1 671744 675840
41 1 778240 782336
216 1 307200 315392
217 1 233472 245760
623 1 0 512
510 1 602112 606208
623 1 512 1024
513 1 4096 8192
872 2 319488 327680 327680 339968
623 1 1024 4096
623 1 106496 107520
872 1 339968 344064
623 1 107520 110592
623 1 172032 173056
922 1 462848 466944
65 1 421888 425984
361 1 753664 757760
905 1 659456 663552
923 1 315392 319488
535 1 565248 569344
528 1 503808 507904
525 2 258048 262144 262144 303104
778 1 421888 425984
535 1 479232 483328
535 1 544768 548864
778 1 421888 425984
535 1 479232 483328
367 1 352256 356352
629 6 430592 458752 458752 524288 524288 589824 589824 655360 655360 720896 720896 786432
630 1 0 16384
924 1 667648 671744
535 1 544768 552960
632 3 495616 524288 524288 589824 589824 647680
908 1 593920 598016
220 1 405504 407040
632 3 647680 655360 655360 720896 720896 786432
633 5 0 65536 65536 131072 131072 196608 196608 262144 262144 299008
649 1 753664 786432
650 1 0 53760
189 1 782336 786432
541 1 536576 548864
894 1 233472 237568
383 1 667648 675840
309 1 319488 323584
383 1 675840 679936
105 1 94208 110592
16 1 483328 487424
379 1 647168 655360
16 1 548864 552960
379 1 655360 659456
638 5 496128 524288 524288 589824 589824 655360 655360 720896 720896 786432
639 4 0 65536 65536 131072 131072 196608 196608 233984
41 1 141824 142848
565 1 540672 548864
565 1 503808 507904
11 1 475136 483328
750 1 749568 757760
542 1 204800 208896
961 1 253952 258048
821 1 598016 655360
554 1 0 8192
253 1 307200 311296
949 1 299008 303104
938 1 516096 520192
842 2 126976 131072 131072 159744
938 1 524288 585728
45 1 45056 49152
935 2 86016 131072 131072 151552
896 1 569344 573440
669 1 782336 786432
670 1 274432 278528
849 1 540672 543744
670 1 524288 536576
430 1 102400 106496
372 1 479232 483328
135 1 278528 284160
116 1 712704 716800
434 1 782336 786432
401 1 188416 196608
369 1 749568 753664
401 1 524288 532480
595 1 720896 737280
410 1 667136 671232
595 1 299008 307200
310 1 716800 720896
709 1 249856 253952
404 1 647168 651264
311 1 4096 8192
424 1 135168 143360
884 1 516096 520192
424 1 225280 241664
542 1 196608 200704
110 1 446464 454656
39 1 729088 733184
573 1 483328 487424
12 2 581632 589824 589824 647168
61 1 217088 229376
13 2 385024 393216 393216 450560
644 1 77312 85504
514 1 597504 601600
514 1 601600 617984
14 2 319488 327680 327680 385024
644 1 81408 85504
782 1 753152 761344
613 1 265728 269824
794 1 560640 572928
613 1 269824 286208
17 2 192512 196608 196608 258048
18 2 61440 65536 65536 126976
412 2 61440 65536 65536 69632
985 1 417792 458752
411 1 208896 217088
411 1 548864 552960
412 1 446464 454656
413 1 0 4096
425 1 262144 266240
412 1 618496 626688
413 1 208896 217088
412 1 561152 569344
413 1 163840 172032
413 1 630784 647168
984 2 716800 720896 720896 745472
984 1 770048 782336
414 1 163840 167936
413 1 679936 684032
425 1 266240 319488
411 1 114688 118784
413 1 102400 110592
824 1 24576 61440
411 1 53248 57344
543 1 196608 217088
974 1 393216 458752
384 1 593920 602112
349 1 524288 589824
384 1 602112 606208
213 1 4096 8192
158 1 102400 103424
280 1 745472 765952
192 1 471040 475136
280 1 765952 778240
939 1 32768 36864
531 1 737792 786432
532 8 0 65536 65536 131072 131072 196608 196608 262144 262144 327680 327680 393216 393216 458752 458752 475648
243 1 655360 675840
731 1 143360 159744
542 1 245760 249856
542 1 311296 315392
72 1 376832 380928
138 1 274432 278528
236 1 73728 77824
802 1 765952 770048
236 1 237568 245760
236 1 253952 258048
242 1 675840 692224
242 2 716800 720896 720896 724992
243 1 98304 102400
243 1 147456 155648
579 1 573440 577536
243 1 598016 602112
243 1 421888 434176
243 1 692224 696320
708 1 163840 167936
244 1 49152 53248
806 1 262144 266240
922 1 397312 413696
565 1 585728 589824
566 1 655360 663552
487 1 229376 237568
4 1 737792 738304
487 1 237568 241664
566 1 663552 679936
913 1 229376 262144
806 1 262144 266240
427 1 208896 217088
567 1 434176 454656
567 1 454656 458752
568 1 131072 139264
986 1 344064 348160
955 1 65536 69632
955 1 57344 61440
714 1 651264 652800
716 1 561152 562688
139 1 647168 655360
180 1 393216 417792
165 1 155648 163840
43 1 753664 757760
86 9 114688 131072 131072 196608 196608 262144 262144 327680 327680 393216 393216 458752 458752 524288 524288 589824 589824 602112
535 1 471040 479232
725 1 348160 360448
815 1 655360 659456
725 1 344064 348160
465 1 233472 249856
717 1 475136 479232
413 1 466944 475136
413 1 540672 552960
410 1 425984 430080
29 1 294912 311296
413 1 290816 319488
413 1 745472 753664
411 1 274432 299008
411 1 331776 339968
425 1 319488 323584
411 1 425984 434176
411 1 536576 540672
411 1 524288 528384
411 1 565248 569344
412 1 229376 237568
412 1 364544 372736
412 1 28672 49152
976 2 327168 327680 327680 364032
976 1 364032 368128
218 2 712192 720896 720896 728576
218 1 781824 786432
219 1 0 28160
125 1 53248 57344
144 1 425984 434176
663 1 409600 411648
183 1 655360 659456
873 1 319488 323584
527 1 0 20480
26 1 206848 208384
873 1 331776 335872
727 1 598016 602112
528 1 561152 569344
188 1 73728 81920
650 1 397312 401408
924 1 397312 401408
16 1 483328 487424
792 1 753664 757760
643 1 425984 428032
41 1 142336 143360
45 1 94208 110592
639 9 233984 262144 262144 327680 327680 393216 393216 458752 458752 524288 524288 589824 589824 655360 655360 720896 720896 758272
525 1 782336 786432
526 2 0 65536 65536 114688
120 1 679424 683520
728 1 356352 360448
85 1 761344 777728
35 1 393216 458752
912 2 708608 720896 720896 733184
922 1 512000 516096
905 1 655360 659456
472 1 561152 565248
274 2 118784 131072 131072 151552
922 1 446464 450560
976 1 368128 392704
709 1 233472 237568
709 2 253952 262144 262144 266240
974 1 249856 253952
86 1 540672 544768
461 1 86016 94208
110 1 454656 458752
394 1 97280 104448
461 1 94208 98304
616 1 667648 675840
741 1 380928 385024
685 1 757248 761344
559 1 413184 417280
141 1 417792 450560
571 1 601600 605696
141 1 450560 454656
194 1 339968 356352
544 1 655360 659456
506 1 204800 208896
637 2 311296 327680 327680 376832
830 7 340480 393216 393216 458752 458752 524288 524288 589824 589824 655360 655360 720896 720896 786432
831 2 0 65536 65536 78336
641 2 53248 65536 65536 118784
368 1 110592 118784
623 2 180224 196608 196608 225280
351 2 385024 393216 393216 409600
760 1 233472 249856
25 1 86016 110592
301 1 65536 90112
972 1 77824 102400
662 2 0 65536 65536 131072
81 4 204800 262144 262144 327680 327680 393216 393216 425984
831 9 78336 131072 131072 196608 196608 262144 262144 327680 327680 393216 393216 458752 458752 524288 524288 589824 589824 602624
71 1 663552 684032
708 1 135168 139264
232 1 204800 208896
889 1 524288 528384
542 1 245760 249856
212 1 397312 401408
123 1 466944 471040
109 1 745472 749568
320 1 45056 49152
976 1 389120 393216
120 1 552960 561152
127 1 503808 507904
122 1 94208 98304
322 1 77824 81920
386 1 741376 745472
387 1 36864 40960
386 1 49152 53248
387 1 286720 290816
387 1 249856 253952
388 1 385024 389120
388 1 53248 57344
692 1 307200 311296
737 1 770048 786432
738 2 0 65536 65536 131072
747 9 73728 131072 131072 196608 196608 262144 262144 327680 327680 393216 393216 458752 458752 524288 524288 589824 589824 598016
222 1 614400 618496
747 3 598016 655360 655360 720896 720896 786432
748 6 0 65536 65536 131072 131072 196608 196608 262144 262144 327680 327680 335872
222 1 393216 396288
540 1 286720 290816
296 1 105984 110080
701 1 299008 307200
749 5 49152 65536 65536 131072 131072 196608 196608 262144 262144 327680
748 7 335872 393216 393216 458752 458752 524288 524288 589824 589824 655360 655360 720896 720896 786432
749 1 0 49152
773 5 458752 524288 524288 589824 589824 655360 655360 720896 720896 786432
774 2 0 65536 65536 118784
579 1 589824 655360
561 1 688128 700416
220 1 737280 786432
221 1 0 32768
201 1 688128 692224
679 1 696320 700416
754 1 245760 249856
566 1 589824 614400
782 1 777728 781824
806 1 310784 314880
942 2 487424 524288 524288 536576
811 2 483328 524288 524288 557056
390 1 589824 598016
82 1 327680 393216
290 1 606208 638976
87 3 528384 589824 589824 655360 655360 659456
390 1 598016 602112
413 8 65536 131072 131072 196608 196608 262144 262144 327680 327680 393216 393216 458752 458752 524288 524288 589824
782 1 777728 781824
782 1 777728 781824
955 1 65536 69632
937 2 602112 655360 655360 667648
826 1 131072 147456
282 1 659456 669184
45 1 258048 262144
535 1 466944 475136
842 1 159744 163840
955 1 57344 61440
815 3 163840 196608 196608 262144 262144 270336
941 1 606208 647168
813 2 688128 720896 720896 786432
814 7 0 65536 65536 131072 131072 196608 196608 262144 262144 327680 327680 393216 393216 425984
542 1 278528 286720
966 1 458752 459776
982 2 413696 458752 458752 479232
821 1 598016 602112
941 1 647168 655360
334 1 356352 360448
951 1 655360 663552
354 1 282624 286720
502 2 569344 589824 589824 643072
505 3 602112 655360 655360 720896 720896 786432
506 1 0 45056
401 1 675840 692224
412 1 483328 491520
413 1 94208 98304
413 1 40960 45056
412 1 499712 507904
413 1 507904 520192
413 1 614400 626688
413 1 266240 270336
782 1 204800 207360
772 1 663552 667648
413 1 528384 536576
772 1 667648 679936
957 1 221184 225280
412 1 16384 24576
411 1 344064 348160
410 1 630784 638976
412 1 700416 708608
29 1 458752 487424
413 1 380928 393216
411 1 614400 618496
411 1 487424 495616
543 1 217088 221184
975 1 196608 262144
896 1 569344 573440
896 1 569344 573440
323 1 778240 782336
323 1 729088 733184