#StripeID,rangenumber,BlockOffsetStart,BlockOffsetEnd
0 119 0 32768 49152 53248 163840 172032 442368 450560 524800 525824 528384 540672 626688 630784 1048576 1085440 1089536 1097728 1175552 1179648 1183744 1187840 1196032 1200128 1445888 1449984 1462272 1474560 1548288 1552384 1568768 1572864 1581056 1585152 1654784 1658880 1785856 1789952 1912832 1916928 1978368 1982464 2002944 2007040 2088960 2093056 2232320 2236416 2342912 2347008 2351104 2355200 2363392 2701824 2711552 2715648 2916352 2928640 3059712 3063808 3268608 3276800 3440640 3444736 3452928 3461120 3497984 3502080 3633152 3637248 3846144 3850240 3948544 3952640 3985408 3989504 4063232 4067328 4120576 4124672 4313088 4317184 4325376 4444160 4554752 4558848 4603904 4608000 4636672 4640768 4648960 4653056 4702208 4706304 4718592 5115904 5173248 5177344 5181440 5185536 5210112 5214208 5283840 5287936 5296128 5300224 5308416 5312512 5349376 5357568 5361664 5365760 5566464 5570560 5734400 5738496 5832704 5836800 5894144 5898240 6025216 6029312 6033408 6041600 6057984 6062080 6078464 6082560 6094848 6098944 6107136 6119424 6172672 6176768 6209536 6213632 6275072 6279168 6361088 6365184 6418432 6422528 6430720 6434816 6569984 6574080 6623232 6639616 6721536 6725632 6750208 6754304 6799360 6803456 6873088 6877184 6914048 6918144 7004160 7008256 7032832 7036928 7143424 7147520 7270400 7274496 7348224 7352320 7495680 7520256 7589888 7593984 7639040 7647232 7692288 7696384 7741440 7745536 7782400 7786496 7794688 7798784 7843840 7847936 7892992 7897088 7946240 7950336 7958528 7979008 7995392 7999488 8048640 8052736 8183808 8187904 8495104 8499200 8544256 8548352 8597504 8601600 8716288 8720384 8880128 8884224 9035776 9039872 9248768 9252864 9326592 9330688 10121216 10125312 10248192 10252288 10838016 10854400 11010048 11014144 12304384 12308480 12636160 12640256 13402112 13533184 14475264 14479360 15843328 15847424 16236544 16240640 16244736 16248832 16252928 16257024 16687104 16691200
1 46 16384 20480 430080 434176 1200128 1204224 1339392 1343488 1499136 2097152 2097152 4194304 4194304 5132288 5152768 5156864 5169152 5173248 5185536 5189632 6209536 6258688 6291456 6299648 7118848 7180288 7823360 7831552 8429568 8433664 8507392 8511488 9334784 9338880 9392128 9396224 10182656 10186752 10612736 10776576 10862592 10866688 11198464 11202560 11677696 11681792 12169216 12173312 12238848 12242944 13045760 13049856 13991936 13996032 14012416 14188544 14426112 14430208 15134720 15138816 15196160 15200256 15212544 15216640 15306752 15314944 15720448 15724544 15889408 15893504 16076800 16080896 16199680 16207872 16228352 16236544 16326656 16330752 16420864 16424960 16433152 16437248 16453632 16457728 16478208 16482304 16486400 16490496 16584704 16588800 16601088 16609280
2 55 561152 565248 909312 913408 942080 946176 970752 974848 1118208 1130496 2052096 2056192 2080768 2088960 2187264 2195456 2682880 2686976 2781184 2785280 2891776 2895872 3440640 3444736 4599808 4608000 4788224 4792320 5242880 5246976 5296128 5300224 5423104 5427200 5496832 5500928 5541888 5550080 6345216 6353408 6766592 7266304 7340032 7344128 7467008 7475200 8015872 8019968 8167424 8175616 8282112 8286208 8384512 8388608 8994816 9162752 9383936 9388032 9482240 9601024 9838592 9842688 9887744 9891840 10059776 10063872 10317824 10334208 10534912 10539008 10629120 10633216 10788864 10792960 10936320 10940416 11079680 11083776 11833344 11837440 12058624 12075008 12771328 12775424 13058048 13062144 13258752 13262848 13299712 13398016 14032896 14036992 15347712 15360000 15556608 15568896 15613952 15618048 15671296 15675392 15720448 15724544 15822848 15826944 15974400 15978496 16035840 16044032 16539648 16543744
3 43 630784 643072 974848 978944 1003520 1007616 1347584 1351680 1429504 1433600 1777664 1781760 3645440 3649536 4608000 4612096 5140480 5144576 5615616 5619712 5922816 5926912 6467584 6471680 6647808 6651904 7667712 7684096 8224768 8228864 8323072 8388608 8388608 8400896 8458240 8462336 8560640 8568832 8716288 8720384 8925184 8929280 9023488 9027584 9416704 9420800 9515008 9523200 9859072 9863168 9961472 9965568 10870784 10878976 11190272 11206656 11419648 11420672 11440128 11554816 11559424 11563520 11571200 11812864 12648960 12653056 13500416 13504512 13529088 13537280 13725696 13729792 13979648 13983744 15155200 15163392 15176192 15180288 15716352 15720448 16007168 16011264 16138240 16281600 16384000 16388096
4 145 0 4096 32768 49152 106496 114688 364544 380928 614400 622592 626688 2097152 2097152 4194304 4194304 5206528 5591040 5599232 5681152 5689344 5722112 5726208 5771264 5775360 5783552 5791744 6201344 6205440 6242304 6246400 6672384 6680576 6819840 6823936 6844416 6848512 7045120 7049216 7110656 7122944 7151616 7155712 7200768 7204864 7254016 7258112 7290880 7323648 7340032 7344128 7380992 7385088 7413760 7417856 7430144 7438336 7454720 7458816 7487488 7536640 7548928 7569408 7581696 7585792 7598080 7602176 7614464 7618560 7630848 7634944 7639040 7643136 7659520 7663616 7675904 7680000 7692288 7696384 7708672 7712768 7725056 7729152 7749632 7753728 7757824 7761920 7782400 7786496 7815168 7847936 7856128 7864320 8097792 8101888 8118272 8122368 8126464 8130560 8159232 8192000 8241152 8245248 8355840 8372224 8376320 8380416 8400896 8404992 8421376 8454144 8478720 8482816 8531968 8536064 8581120 8601600 8602112 8606208 8617984 8634368 8671232 8675328 8700416 8704512 8712704 8716800 8724992 8729088 8765440 8798720 8929280 8945664 8954368 8958464 8995328 8999424 9011712 9015808 9019392 9023488 9040384 9044480 9048064 9052160 9097728 9101824 9138688 9142784 9155072 9159168 9191424 9224192 9245184 9249280 9252864 9256960 9302528 9306624 9318912 9323008 9326592 9335296 9363456 9367552 9396736 9400832 9404416 9437184 9441280 9445376 9454080 9458176 9469952 9486336 9515520 9519616 9572352 9576448 9588736 9593344 9609728 9613824 9622016 9626112 9769472 9773568 9814016 9834496 9867776 10009600 10076160 10092544 10133504 10137600 10264576 10268672 10452992 10485760 10616832 10620928 10702848 10747904 10760192 10764288 10895360 10899456 10928128 10944512 11018240 11022336 11034624 11038720 11075584 11108352 11276288 11280384 11321344 11337728 11354112 11370496 11714560 11747328 11829248 11845632 11878400 11894784 12034048 12054528 12091392 12107776 12189696 12193792 12369920 12386304 12554240 12566528 12640256 12644352 12812288 12828672 12832768 12840960 12877824 12894208 13352960 13385728 13414400 13418496 13434880 13467648 13729792 13762560 13770752 13774848 13950976 13959168 14028800 14029824 14123008 14155776 14438400 14446592 14512128 14516224 14548992 14581760 14660096 14664192 14827520 14843904 14880768 14893056 14974976 15007744 15187968 15220736 15679488 15695872 15736832 15740928 16105472 16121856 16252928 16269312 16334848 16351232 16413184 16479232 16580608 16588800
5 82 0 4096 32768 36864 229376 294912 385024 389120 438272 442368 458752 475136 1052672 1056768 1212416 1245184 1294336 1327104 1425408 1458176 1617920 1622016 1654784 1687552 1802240 1835008 2031616 2064384 2080768 2097152 2113536 2129920 2150400 2154496 2386944 2387968 2404352 2408448 2433024 2437120 2445312 2446336 2523136 2555904 2768896 2801664 3063808 3080192 3190784 3211264 3555328 3588096 3719168 3723264 3751936 3768320 3981312 4194304 4194304 5771776 6115328 6119424 6144000 6176768 6225920 6258688 6324224 6340608 6610944 6615040 7061504 7094272 7110656 7143424 7290880 7323648 8007680 8011776 8617984 8687616 8880128 8912896 9060352 9093120 9175040 9207808 9355264 9388032 9535488 9551872 9715712 9748480 10108928 10141696 10240000 10272768 10403840 10436608 10526720 10534912 10600448 10616832 11030528 11034624 11075584 11091968 11206656 11239424 12099584 12103680 12304384 12337152 12369920 12402688 12918784 12922880 13045760 13058048 13254656 13287424 13582336 13615104 13631488 13664256 13807616 13811712 13852672 13864960 13938688 13963264 14110720 14114816 14192640 14217216 14262272 14266368 14303232 14319616 14413824 14422016 14426112 14434304 14491648 14495744 14663680 14667776 14696448 14712832 15462400 15466496 15695872 15728640 15896576 15912960 15925248 15941632 16056320 16072704 16183296 16187392 16424960 16429056 16625664 16633856
6 67 0 4096 102400 126976 131072 135168 172032 176128 405504 409600 557056 561152 737280 770048 876544 913408 1011712 1015808 1110016 1114112 1146880 1163264 1425408 1441792 1474560 1507328 1536000 1540096 1572864 1605632 1994752 1998848 2142208 2146304 2228224 2232320 2670592 2674688 2797568 2801664 2834432 2850816 2904064 2908160 3055616 3059712 3293184 3309568 3670016 3702784 3735552 3768320 4177920 4194304 5095424 5111808 5156864 5160960 5189632 5193728 5410816 5414912 6713344 6725632 7073792 7077888 7335936 7340032 8032256 8044544 8847360 8863744 8892416 8896512 8949760 8953856 9015296 9089024 9273344 9383936 9699328 9707520 9875456 9879552 9895936 9900032 10342400 10346496 10399744 10403840 10473472 10477568 10485760 10567680 10575872 10579968 10629120 10633216 10743808 10747904 10854400 10858496 10893312 11034624 11173888 11177984 11218944 11223040 11227136 11231232 11268096 11272192 11280384 11284480 11304960 11309056 11333632 11337728 11501568 11505664 11882496 11886592 12267520 12271616 12378112 12382208 12398592 12402688 12480512 12582912 12582912 14680064 14680064 15548416
7 95 118784 126976 1015808 1032192 1081344 1085440 1396736 1400832 1404928 1409024 1605632 1609728 1712128 1728512 2031616 2043904 2056192 2060288 2134016 2138112 2191360 2195456 2236416 2240512 2318336 2334720 2441216 2445312 2523136 2539520 2990080 2994176 3018752 3022848 3026944 3031040 3575808 3579904 3624960 3633152 3637248 3641344 3948544 3956736 4202496 4206592 4239360 4243456 4313088 4317184 4354048 4358144 4505600 4509696 4550656 4554752 4648960 4661248 4743168 4747264 4812800 4816896 4968448 4972544 5120000 5124096 5287936 5292032 5300224 5304320 5324800 5328896 5410816 5414912 5525504 5529600 5627904 5632000 5636096 5644288 5738496 5742592 5750784 5754880 5857280 5861376 5881856 5885952 6053888 6057984 6205440 6209536 6242304 6246400 6406144 6410240 6664192 6668288 6696960 6705152 6713344 6717440 7118848 7122944 7213056 7217152 7331840 7335936 7438336 7516160 7573504 7577600 7733248 7741440 7749632 7753728 7811072 7815168 7852032 7872512 8110080 8114176 8179712 8183808 8339456 8343552 8400896 8404992 8548352 8552448 8613888 8617984 8663040 8683520 8781824 8785920 9195520 9199616 9261056 9265152 9269248 9912320 10293248 10301440 10477568 10481664 10522624 10530816 10633216 10649600 12525568 12529664 12718080 12722176 12907520 12911616 13378560 13419520 13455360 13463552 13701120 13713408 14192640 14193664 14753792 14757888 14876672 14880768 15007744 15011840 15527936 15536128 15728640 15732736 15745024 15749120 15761408 15765504 15781888 15785984 15798272 15802368 15814656 15818752 15831040 15835136 15847424 15851520 16441344 16445440
8 79 0 4096 180224 184320 425984 430080 634880 638976 1052672 1089536 1093632 1105920 1114112 1118208 1122304 1126400 1179648 1183744 1196032 1200128 1204224 1216512 1220608 1228800 1236992 1241088 1290240 1294336 1540096 1544192 1552384 1556480 1753088 1757184 1814528 1818624 2007040 2011136 2052096 2056192 2117632 2121728 2170880 2174976 2424832 2428928 2473984 2475008 2646016 2650112 2662400 2666496 2670592 2682880 2699264 2703360 2854912 2859008 2990080 2994176 3026944 3035136 3088384 3104768 3170304 3178496 3186688 3198976 3203072 3211264 3223552 3227648 3235840 3239936 3244032 3272704 3407872 3411968 3477504 3497984 3616768 3629056 3747840 3751936 3756032 3760128 4337664 4341760 4407296 4423680 4685824 4702208 4775936 4784128 5521408 5603328 5767168 5832704 5910528 5914624 5955584 5959680 5971968 5980160 6029312 6033408 6037504 6041600 6148096 6156288 7000064 7004160 7061504 7065600 7073792 7077888 7913472 7914496 8474624 8478720 8622080 8623104 9035776 9036800 9056256 9076736 9572352 9576448 9621504 9633792 10043392 10063872 10940416 10944512 11472896 11476992 11489280 11490304 12632064 12636160 12746752 12747776 12902400 12906496 13103104 13107200 14622720 14623744 14966784 14970880 15065088 15069184 15314944 15335424 15390208 15409664 15925248 15933440
9 39 204800 212992 409600 507904 1208320 1212416 1974272 1980416 2170880 2179072 2719744 2752512 2932736 2936832 2961408 2965504 3260416 3276800 4419584 4423680 4931584 4947968 5021696 5025792 5201920 5206016 5423104 5427200 5996544 6012928 6041600 6049792 7073792 7077888 7094272 7110656 7159808 7163904 8617984 8622080 8937472 8949760 9015296 9019392 9445376 9449472 9461760 9465856 9478144 9482240 9494528 9498624 9568256 9572352 9961472 9965568 9977856 9981952 10313728 10317824 10518528 10522624 10711040 10712064 11816960 11821056 12206080 12222464 12627968 12632064 12734464 12735488 14082048 14086144 14368768 14369792 15024128 16777216
10 44 0 2097152 2097152 3461120 3833856 3837952 3936256 3940352 4124672 4128768 4395008 4399104 4505600 4517888 5182464 5223424 5230592 5234688 5787648 5791744 6242304 6246400 6418432 6426624 6676480 6680576 6860800 6877184 6909952 6914048 7036928 7037952 7294976 7311360 7598080 7602176 8507392 8511488 9170944 9175040 9318400 9326592 9441280 9449472 9584640 9601024 10665984 10682368 11173888 11206656 11374592 11378688 11767808 11771904 12042240 12058624 12435456 12451840 13225984 13230080 13393920 13398016 13455360 13463552 13504512 13512704 13611008 13615104 13627392 13635584 13676544 13713408 13795328 13799424 13950976 13955072 14352384 14356480 14516224 14532608 14573568 14577664 14942208 14958592 15687680 15691776 15712256 15716352
11 52 892928 897024 1015808 1019904 1048576 1052672 1056768 1060864 1167360 1171456 1261568 1265664 1298432 1413120 1429504 1544192 1560576 1675264 1691648 2097152 2097152 2207744 2768896 2772992 2834432 2835456 2932736 2953216 3141632 3145728 3244032 3260416 3452928 3457024 3825664 3826688 3907584 3911680 4345856 4346880 4358144 4370432 4640768 4641792 4665344 4666368 4755456 4756480 4849664 4853760 5685248 5686272 5980160 5981184 6144000 6145024 6623232 6624256 6660096 6661120 6692864 6693888 6754304 6795264 7032832 7036928 7073792 7077888 7880704 7897088 9179136 9183232 9240576 9256960 10104832 10113024 10121216 10125312 10637312 10641408 10915840 10956800 11075584 11091968 11911168 11915264 12804096 12820480 12926976 12967936 13266944 13271040 13565952 13582336 15171584 15175680 15224832 15228928 15421440 15425536 16150528 16158720 16580608 16584704
12 55 122880 126976 413696 417792 647680 651776 1056768 1064960 1069056 1077248 1081344 1089536 1097728 1114112 1171456 1175552 1204224 1208320 1318912 1335296 1425408 1429504 1753088 1761280 1765376 1773568 2125824 2129920 2183168 2228224 2306048 2310144 2654208 2658304 2842624 2846720 3092480 3096576 3117056 3121152 3129344 3133440 3493888 3497984 3878912 3883008 4542464 4546560 4939776 4952064 4997120 5001216 5300224 5304320 5455872 5459968 6008832 6025216 6184960 6193152 6418432 6430720 6774784 6778880 7008256 7016448 7122944 7127040 7294976 7299072 7340032 7356416 7761920 7766016 8216576 8220672 8568832 8585216 8650752 8654848 8671232 8675328 9125888 9129984 9437184 9519104 9523200 9527296 11030528 11034624 11493376 11493888 11534336 11538432 11595776 11603968 13266944 13271040 13635584 13636608 13803520 13807616 14295040 14315520 14516224 14671872 15405056 15409152 16228352 16232448
13 28 1454080 1458176 2129920 2146304 2572288 2576384 3620864 3637248 3895296 3899392 3919872 3923968 4251648 4255744 5140480 5156864 5242880 5246976 6979584 6983680 7073792 7077888 7335936 7340032 8060928 8077312 8454144 8470528 8593408 8598016 8773632 8781824 9437184 9441280 9641984 9646080 10702848 10706944 11485184 12582912 12582912 12681216 12771328 12775424 12980224 12992512 13549568 13553664 13838848 14680064 14680064 15389184 15515648 15519744 16191488 16199680
14 56 49152 53248 1126400 1142784 1822720 1826816 1912832 1925120 2326528 2330624 2486272 2494464 3366912 3375104 3391488 3399680 3575808 3579904 3702784 3706880 4292608 4313088 5320704 5328896 5857280 5861376 6410240 6422528 7069696 7077888 7417856 7430144 8159232 8175616 9752576 9785344 10539008 10543104 10559488 10563584 10764288 10780672 10797056 10801152 11034624 11038720 11096064 11100160 11329536 11333632 11395072 11415552 11534336 11538432 11927552 11935744 11988992 11993088 12189696 12193792 12783616 12787712 12853248 12857344 12955648 12959744 12980224 12984320 13348864 13357056 14356480 14368768 14929920 14938112 15298560 15306752 15327232 15331328 15421952 15430144 15482880 15491072 15699968 15704064 15753216 15757312 15802368 15806464 15855616 15859712 15904768 15908864 15958016 15962112 16023552 16027648 16064512 16068608 16121856 16125952 16191488 16195584 16515072 16519168 16576512 16580608 16625664 16629760 16674816 16683008 16728064 16732160
15 69 0 8192 53248 57344 65536 73728 102400 106496 151552 155648 499712 503808 819200 823296 1495040 1499136 1605632 1609728 1716224 1720320 1949696 1953792 2150400 2154496 2314240 2318336 2510848 2514944 2768896 2772992 3137536 3145728 3170304 3174400 3223552 3227648 3678208 3682304 3813376 3817472 4186112 4190208 4214784 4218880 4374528 4378624 4554752 4558848 4640768 4644864 4935680 4943872 5214208 5218304 5365760 5373952 6148096 6152192 6230016 6234112 6397952 6402048 6709248 6722560 6787072 6791168 7082496 7086592 7090176 7094272 7241728 7282688 7372800 7376896 7544832 7548928 7933952 7938048 8032256 8036352 8216576 8224768 8499200 8507392 8523776 8527872 9023488 9035776 9310208 9314304 9453568 9465856 9531392 9572352 9580544 9584640 9592832 9646080 9846784 9859072 10063872 10067968 10784768 10788864 12095488 12111872 12460032 12464128 12599296 12603392 12693504 12697600 13021184 13025280 13217792 13242368 13746176 13750272 13877248 13922304 13934592 13938688 14000128 14024704 14123008 14139392 14233600 14249984 14417920 14434304 14450688 14454784 14499840 14512128 15585280 15589376 15978496 15986688
16 47 901120 905216 925696 929792 1101824 1105920 1110016 1114112 1142784 1146880 1269760 1270784 1396736 1397760 1409024 1410048 1556480 1560576 1613824 1617920 1691648 1695744 1699840 1703936 1867776 1871872 1961984 1966080 1998848 2002944 2007040 2015232 2277376 2285568 2813952 2818048 2912256 2924544 2961408 2969600 3072000 3076096 3137536 3141632 3518464 3567616 3612672 3616768 4161536 4169728 4313088 4317184 4612096 4620288 4984832 4988928 4997120 5001216 5177344 5181440 5713920 5726208 5750784 5754880 6189056 6201344 6291456 8388608 8388608 10485760 11206656 11218944 11313152 11325440 11448320 11464704 11542528 11546624 11841536 11845632 12320768 12324864 12505088 12521472 14630912 14643200 15568896 15572992 15654912 15695872 16236544 16244736 16678912 16687104
17 53 208896 212992 573440 581632 655360 659456 978944 983040 1740800 1744896 2842624 2854912 2908160 4022272 4640768 4661248 4722688 4734976 5009408 5017600 5287936 5292032 5586944 5591040 5857280 5935104 6881280 6885376 7213056 7217152 7541760 7930880 8044544 8060928 8228864 8232960 8462336 8466432 8724480 8728576 9175040 9187328 9900032 9916416 10366976 10371072 10665984 10670080 10792960 10797056 10924032 10928128 10948608 10952704 11124736 11128832 11534336 12582912 12582912 13631488 14163968 14176256 14303232 14315520 14409728 14462976 14487552 14499840 14589952 14606336 14630912 14680064 14680064 14856192 14938112 14942208 15155200 15159296 15224832 15228928 15241216 15245312 15376384 15380480 15400960 15405056 15499264 15519744 15532032 15564800 15568896 15572992 15613952 15618048 15712256 15745024 15777792 15794176 15876096 15892480 15986688 15990784 16150528 16154624 16744448 16777216
18 133 376832 393216 507904 524288 950272 983040 999424 1007616 1142784 1146880 1224704 1228800 1286144 1290240 1323008 1327104 1343488 1347584 1368064 1372160 1589248 1593344 1613824 1617920 1736704 1740800 1748992 1757184 1769472 1802240 1810432 1814528 2199552 2203648 2220032 2224128 2252800 2269184 2322432 2326528 2342912 2347008 2637824 2646016 2682880 2686976 2727936 2732032 2740224 2744320 2899968 2904064 3117056 3125248 3235840 3239936 3272704 3276800 3325952 3330048 3518464 3522560 3567616 3571712 3653632 3670016 3837952 3842048 3846144 3854336 3891200 3903488 3907584 3911680 3923968 3928064 3985408 3989504 4075520 4079616 4136960 4141056 4227072 4239360 4259840 4263936 4354048 4390912 4407296 4411392 4452352 4489216 4546560 4550656 4575232 4587520 4599808 4603904 4665344 4694016 4767744 4771840 4775936 4784128 4808704 4812800 4829184 4837376 4874240 4878336 4972544 5001216 5038080 5042176 5046272 5058560 5234688 5242880 5427200 5431296 5562368 5566464 5664768 5672960 5996544 6000640 6008832 6012928 6631424 6647808 6750208 6770688 7274496 7307264 7335936 7336960 7376896 7385088 7577600 7581184 7700480 7733248 7847936 7880704 8478720 8503296 8519680 8536064 8617984 8630272 8753152 8798208 8810496 8822784 8970240 8982528 9076736 9129984 9154560 9166848 9412608 9424896 9478144 9502720 9650176 9678848 9732096 9736192 9797632 9814016 9904128 9908224 9953280 9957376 10297344 10321920 10407936 10412032 10469376 10485760 10485760 12464128 12488704 12492288 12726272 12763136 12931072 12943360 13041664 13074432 13086720 13090816 13271040 13303808 13680640 13713408 13852672 13860864 14008320 14012416 14131200 14135296 14221312 14254080 14270464 14282752 14385152 14401536 14581760 14598144 14663680 14667776 14761984 14774272 15024128 15056896 15060992 15065088 15101952 15114240 15138816 15151104 15179776 15183872 15187968 15192064 15216640 15224832 15306752 15310848 15327232 15331328 15433728 15466496 15527936 15532032 15540224 15581184 15659008 15683584 15994880 16003072 16056320 16080896 16285696 16297984 16314368 16318464 16388096 16392192 16404480 16408576 16416768 16429056 16453632 16457728 16515072 16523264 16584704 16621568 16674816 16678912 16707584 16719872 16728064 16744448
19 77 61440 90112 131072 135168 204800 208896 425984 438272 585728 589824 835584 851968 999424 1007616 1032192 1048576 1089536 1093632 1302528 1314816 1441792 1445888 1589248 1605632 1671168 1687552 1884160 1916928 2265088 2269184 2568192 2572288 2617344 2633728 2637824 2670592 2867200 2883584 3194880 3211264 4030464 4034560 4128768 4132864 4177920 4182016 4190208 4194304 4194304 4198400 4386816 4440064 4837376 4841472 4935680 4943872 5144576 5160960 5210112 5214208 5242880 5267456 5685248 5701632 6365184 6381568 6393856 6397952 6438912 6471680 6594560 6635520 6914048 6930432 7139328 7143424 7241728 7274496 8372224 8388608 8388608 8404992 8597504 8601600 8650752 8683520 8945664 8978432 9142272 9175040 9379840 9383936 9420800 9469952 9482240 9486336 9535488 9539584 9818112 9822208 9883648 9887744 9928704 9961472 9986048 9990144 10031104 10039296 10088448 10092544 10137600 10141696 10186752 10219520 10911744 10928128 11444224 11448320 11644928 11649024 12271616 12304384 13189120 13205504 13246464 13250560 13492224 13496320 13643776 13647872 14106624 14114816 14123008 14127104 14368768 14376960 14385152 14417920 14499840 14532608 14553088 14557184 14811136 14815232 15237120 15269888 15319040 15351808 15532032 15548416 15826944 15831040 16183296 16777216
20 116 0 135168 303104 2097152 2105344 2109440 2142208 2146304 2150400 2199552 2215936 2228224 2310144 2342912 2441216 2465792 2502656 2506752 2510848 2514944 2523136 2527232 2531328 2535424 2555904 2564096 2568192 2576384 2580480 2584576 2588672 2596864 2605056 2609152 2637824 2641920 2744320 2826240 2887680 2891776 2916352 2920448 2961408 2981888 2994176 3006464 3031040 3047424 3096576 3264512 3284992 3289088 3375104 3379200 3395584 3399680 3444736 3448832 3452928 3457024 3465216 3469312 3559424 3563520 3575808 3579904 3653632 3694592 3760128 3764224 3792896 3796992 3801088 3805184 3878912 3883008 3911680 3915776 4018176 4022272 4030464 4034560 4038656 4042752 4063232 4096000 4190208 4194304 4206592 4210688 4214784 4218880 4292608 4308992 4325376 4329472 4464640 4468736 4476928 4481024 4546560 4550656 4653056 4657152 4673536 4677632 4775936 4784128 4829184 4898816 4993024 4997120 5017600 5021696 5033984 5042176 5050368 5062656 5066752 5070848 5074944 5079040 5103616 5115904 5128192 5136384 5144576 5148672 5283840 5304320 5505024 5521408 5574656 5591040 5763072 5836800 5976064 5992448 6037504 6041600 6361088 6606848 6758400 6762496 6926336 6930432 6959104 7032832 7061504 7065600 7110656 7114752 7200768 7270400 7311360 7364608 7495680 7508480 7667712 7696384 7860224 7905280 7929856 7946240 8339456 8388608 8388608 9834496 10006528 10055680 10059776 10076160 10268672 10285056 10452992 10473472 10485760 10567680 10764288 10780672 10809344 10854400 11161600 11206656 11255808 11259904 11403264 11464704 11538432 11591680 11616256 11644928 11870208 11886592 12193792 12230656 12259328 12275712 12288000 12296192 12439552 12488704 12509184 12513280 12578816 12582912 12582912 12623872 12701696 12738560 12763136 13025280 13033472 13271040 13402112 13492224 13664256 13680640 13811712 13885440 14262272 14278656 15110144 15986688 16023552 16039936 16392192 16556032 16572416 16670720 16744448 16777216
21 227 114688 131072 196608 200704 557056 573440 958464 991232 1015808 1032192 1056768 1134592 1372160 1376256 1441792 1462272 1507328 1540096 1695744 1699840 1708032 1748992 1826816 1830912 1871872 1900544 1953792 2097152 2097152 2297856 2449408 2535424 2539520 2543616 2740224 2744320 2883584 2940928 2949120 2965504 3072000 3145728 3182592 3198976 3440640 3452928 3489792 3493888 3518464 3530752 3686400 3702784 3805184 3809280 3833856 4194304 4194304 4452352 4673536 4677632 4698112 4702208 4956160 4960256 5046272 5533696 5627904 5636096 5652480 5685248 5718016 5750784 5791744 6004736 6082560 6090752 6139904 6184960 6270976 6291456 6291456 6365184 6537216 6545408 6602752 6635520 6737920 6889472 6926336 6955008 6995968 7000064 7069696 7077888 7274496 7278592 7294976 7299072 7409664 7454720 7458816 7462912 7491584 7495680 7536640 7565312 7598080 7733248 7905280 7909376 8036352 8327168 8359936 8364032 8757248 8941568 9138176 9142272 9232384 9248768 9314304 9330688 9437184 9441280 9449472 9453568 9482240 9506816 9510912 9515008 9539584 9551872 9584640 9588736 9601024 9605120 9625600 9687040 9695232 9699328 9707520 9711616 9760768 9764864 9785344 9793536 9805824 9809920 9826304 9834496 9842688 9846784 9859072 9863168 9871360 9932800 9936896 9940992 9949184 9953280 9977856 9981952 9986048 9990144 10002432 10039296 10080256 10084352 10129408 10133504 10145792 10153984 10178560 10182656 10207232 10223616 10240000 10244096 10248192 10252288 10276864 10285056 10309632 10313728 10321920 10338304 10346496 10350592 10354688 10362880 10371072 10403840 10416128 10428416 10432512 10436608 10448896 10452992 10465280 10469376 10477568 10481664 10506240 10510336 10534912 10539008 10551296 10555392 10567680 10600448 10608640 10657792 10665984 10670080 10678272 10838016 10866688 10870784 10874880 10878976 10887168 10891264 10911744 10985472 10993664 10997760 11010048 11014144 11026432 11063296 11067392 11071488 11124736 11128832 11137024 11141120 11157504 11165696 11169792 11173888 11206656 11227136 11231232 11239424 11255808 11259904 11280384 11284480 11288576 11304960 11345920 11350016 11354112 11362304 11370496 11386880 11399168 11403264 11431936 11436032 11464704 11472896 11481088 11485184 11501568 11522048 11542528 11546624 11554816 11558912 11563008 11595776 11599872 11608064 11612160 11616256 11620352 11624448 11628544 11640832 11644928 11649024 11673600 11677696 11685888 11698176 11710464 11730944 11796480 11804672 11837440 11841536 11849728 11853824 11882496 11886592 11919360 11931648 11943936 11948032 11952128 11968512 12005376 12009472 12017664 12021760 12034048 12038144 12062720 12066816 12075008 12091392 12095488 12107776 12140544 12144640 12161024 12173312 12185600 12189696 12193792 12197888 12206080 12210176 12230656 12238848 12255232 12259328 12263424 12271616 12275712 12279808 12312576 12333056 12345344 12398592 12414976 12419072 12427264 12431360 12439552 12443648 12447744 12455936 12468224 12582912 12582912 12648448 12652544 12656640 12677120 12722176 12726272 12730368 12746752 12750848 12783616 12787712 12808192 12857344 12873728 12877824 12894208 12898304 12931072 12935168 12955648 12959744 12963840 12967936 12972032 12976128 12984320 12988416 12992512 12996608 13008896 13029376 13033472 13037568 13049856 13053952 13058048 13062144 13139968 13148160 13164544 13172736 13185024 13189120 13242368 13246464 13299712 13303808 13328384 13365248 13381632 13414400 13418496 13422592 13430784 13432320 13533184 13549568 13697024 13713408 13725696 13737984 14241792 14274560 14438400 14495744 14647296 14671872 14729216 14778368 14815232 14880768 15073280 15077376 15101952 15155200 15298560 15532032 15695872 15716352 15790080 15814656 16027648 16044032 16076800 16097280 16138240 16154624 16195584 16240640 16502784 16510976 16531456 16535552 16539648 16543744 16547840 16551936 16564224 16596992 16629760 16646144 16699392 16703488 16707584 16711680 16773120 16777216
22 105 0 12288 147456 180224 258048 262144 278528 487424 569344 589824 765952 770048 884736 917504 925696 933888 946176 950272 954368 1089536 1114112 1118208 1138688 1142784 1163264 1216512 1294336 1388544 1404928 1409024 1449984 1527808 1736704 1740800 1761280 1777664 1871872 1949696 1990656 2027520 2084864 2088960 2207744 2224128 2355200 2379776 2605056 2621440 2908160 3088384 3252224 3321856 3424256 3432448 3440640 3473408 3489792 3534848 3555328 3571712 3588096 3690496 3801088 3850240 3866624 3899392 3977216 4026368 4067328 4194304 4194304 4231168 4247552 4251648 4292608 4308992 4378624 4386816 4464640 4481024 4505600 4521984 4886528 4935680 5021696 5480448 5500928 5505024 5545984 5550080 5849088 5873664 5894144 5910528 5935104 5955584 6066176 6082560 6176768 6209536 6242304 6258688 6275072 6283264 6324224 6356992 6381568 6397952 6500352 6569984 6832128 6836224 7143424 7159808 7274496 7311360 7536640 7540736 7577600 7761920 7835648 7970816 8105984 8163328 8339456 8355840 8609792 8630272 8810496 8835072 8957952 8962048 8990720 8994816 9121792 9125888 9158656 9191424 9203712 9265152 9338880 9342976 9531392 9564160 9584640 9588736 9687040 9842688 9895936 9928704 9936896 9990144 10108928 10113024 10137600 10297344 10944512 10977280 11317248 11489280 11841536 11849728 11956224 12582912 12582912 13393920 13402112 13410304 13602816 13606912 13799424 13803520 13918208 13979648 14012416 14225408 14233600 14417920 14454784 14458880 14471168 14475264 14487552 14491648 14630912 14635008 14647296 14680064 14680064 14688256 14696448 14757888 14811136 14962688 15130624 15134720 15200256 15216640 15355904 15441920 15683584 15699968 15876096 15892480 15908864 15925248 16277504 16281600 16629760 16777216
23 52 0 8192 159744 176128 200704 204800 532480 536576 868352 872448 946176 1118208 1146880 2097152 2097152 2789376 3272704 3440640 3473408 3489792 3551232 3559424 3563520 3566080 3661824 3764224 3805184 4194304 4194304 6291456 6291456 7651328 7663616 7700480 7745536 8015872 8130560 8134656 8544256 8613888 8749056 8765440 8769536 8773632 9015296 9121792 9404416 9482240 9560064 9564160 9596928 9945088 10108928 10113024 10153984 10178560 10346496 10366976 10588160 10592256 10702848 10825728 10932224 11091968 11497472 11517952 11563008 11567104 11931648 11935744 12054528 12058624 12111872 12128256 12251136 12398592 12718080 12840960 12972032 12976128 13205504 13209600 13230080 13234176 13266944 13271040 13467648 13471744 13742080 13746176 13983744 14041088 14090240 14110720 14143488 14147584 14364672 14454784 14516224 14520320 14635008 14680064 14680064 16777216
24 26 0 1982464 2019328 2043904 2064384 2084864 2101248 2105344 2113536 2154496 2428928 2433024 2519040 2523136 2613248 2629632 2756608 2760704 2764800 2768896 3309568 4194304 4194304 5476352 5779456 5902336 6340608 6434816 6807552 6881280 7274496 7565312 7643136 8388608 8388608 8527872 8572928 8794112 8818688 8835072 9027584 9072640 9216000 9240576 9433088 10485760 10485760 12582912 12582912 14680064 14680064 16777216
25 49 0 356352 851968 1376256 1441792 1712128 1896448 1900544 1908736 2015232 2478080 2482176 2609152 2838528 2879488 3309568 3436544 3440640 3518464 3522560 3575808 3579904 3633152 3637248 3760128 3792896 3846144 3850240 4128768 4145152 4349952 4354048 4497408 4526080 4575232 4579328 4874240 4878336 5025792 5029888 5087232 5267456 5296128 5300224 5332992 5361664 5451776 5472256 5521408 5746688 5844992 5849088 5971968 6279168 6291456 6307840 6348800 6533120 6705152 6815744 6934528 7139328 7229440 7266304 7270400 7286784 7856128 7897088 8667136 8695808 8732672 8773632 8929280 8933376 9015296 9056256 9248768 9392128 9433088 10485760 10485760 12582912 12582912 14614528 14839808 14872576 14917632 14934016 15511552 16109568 16388096 16392192 16453632 16465920 16470016 16474112 16596992 16642048
26 73 159744 172032 659456 692224 774144 897024 958464 1015808 1036288 1040384 1085440 1089536 1101824 1105920 1155072 1159168 1175552 1179648 1191936 1196032 1232896 1236992 1245184 1249280 1273856 1282048 1425408 2097152 2097152 3170304 3235840 3239936 3244032 3260416 3407872 3411968 3420160 3424256 3596288 3604480 3723264 3727360 3764224 3850240 4005888 4009984 4030464 4034560 4190208 4194304 4214784 4218880 4251648 4255744 4362240 4366336 4382720 4399104 4440064 4444160 4468736 4472832 4521984 4526080 4571136 4808704 4816896 4820992 4849664 4890624 5087232 5091328 5361664 5390336 5435392 5492736 5500928 6291456 6291456 8368128 8658944 8675328 9117696 9121792 9125888 9138176 9273344 9281536 9289728 9306112 9375744 9379840 9486336 9560064 9789440 9793536 9908224 9933824 10035200 10084352 10133504 10149888 10240000 10444800 10477568 10485760 10485760 10493952 10600448 10633216 10924032 10940416 11059200 11075584 11403264 11407360 11415552 11423744 11657216 11661312 11800576 11857920 12439552 12476416 12566528 12582912 12582912 14680064 14680064 14913536 15130624 15167488 15196160 15200256 15204352 15237120 15482880 15495168 15638528 15802368 16187392 16453632 16662528 16666624 16678912 16695296
27 57 45056 53248 151552 286720 909312 921600 1404928 1581056 1966080 2097152 2097152 2121728 2269184 2285568 2363392 2367488 2969600 2985984 2998272 3158016 3313664 3317760 3919872 4014080 4239360 4255744 4337664 4349952 4427776 4440064 4546560 4616192 4898816 4902912 4911104 4915200 5021696 5038080 5136384 5156864 5586944 5832704 5857280 5873664 6000640 6291456 6291456 6475776 6496256 6565888 6770688 6844416 6946816 7012352 7319552 7397376 7692288 7704576 7737344 7782400 7819264 8105984 8192000 8265728 8695808 8704000 8806400 8855552 8986624 9031680 9564160 9666560 9773056 9781248 10461184 10485760 10485760 10588160 10608640 10657792 10723328 10727424 10891264 10895360 11116544 11120640 11214848 11276288 11280384 11284480 11288576 12582912 12582912 13791232 13905920 13910016 13934592 14295040 14495744 14503936 14516224 14680064 14680064 14692352 14942208 14958592 15020032 15044608 15134720 15335424 15634432 15638528 15646720 16777216
28 27 0 598016 786432 1048576 1064960 1069056 1101824 1105920 1146880 1155072 1224704 1228800 1663488 1667584 2445312 2473984 4046848 4063232 4112384 4128768 4333568 4337664 4374528 4378624 4747264 4751360 6283264 6287360 6336512 6348800 6397952 6402048 7438336 7442432 7454720 7458816 7589888 7593984 8318976 8331264 10407936 10412032 10633216 10641408 10960896 11087872 12017664 12021760 12312576 12316672 13213696 13217792 16158720 16166912
29 52 1048576 1052672 1331200 1339392 1884160 1892352 2965504 2969600 3997696 4014080 4440064 4448256 5083136 5103616 5300224 5304320 6320128 6328320 6341632 6353920 6631424 6635520 6647808 6651904 6725632 6733824 6832128 6852608 6864896 6881280 8261632 8265728 8773632 8777728 9150464 9154560 9519104 9535488 9547776 9564160 9568256 9572352 9576448 9580544 9678848 9682944 9797632 9801728 9846784 9850880 10014720 10018816 10092544 10096640 10100736 10104832 10121216 10125312 10215424 10219520 10231808 10235904 10371072 10375168 10387456 10391552 10485760 10489856 10539008 10543104 10862592 10989568 10997760 11001856 11096064 11108352 11505664 11509760 11710464 11714560 12079104 12083200 12099584 12103680 12115968 12120064 12148736 12152832 12169216 12173312 12746752 12750848 13332480 13336576 13434880 13484032 14344192 14352384 14741504 14749696 15130624 15134720 16015360 16019456
30 40 131072 135168 811008 815104 847872 851968 1138688 1150976 1159168 1163264 1253376 1302528 1363968 1413120 2080768 2084864 3325952 3330048 4714496 4722688 5586944 5595136 5804032 5808128 5857280 5861376 6258688 6266880 6270976 6275072 7335936 7344128 7607296 7611392 9076736 9080832 9404416 9412608 9535488 9543680 9990144 10100736 10305536 10321920 11354112 11386880 11583488 11616256 11800576 11804672 12206080 12238848 12443648 12447744 12533760 12582912 12582912 12599296 12779520 12783616 13025280 13058048 13697024 13713408 14021120 14029312 14090240 14106624 14209024 14270464 14974976 14979072 15306752 15310848 15724544 15728640 15777792 15810560 15884288 16777216
31 37 0 397312 712704 716800 778240 782336 1081344 1085440 1310720 1343488 1490944 1507328 1617920 1622016 2002944 2007040 2129920 2146304 2781184 2801664 3538944 3571712 3743744 3747840 4042752 4050944 4657152 4669440 4960256 4964352 5533696 5537792 5812224 5816320 5869568 5873664 5931008 5947392 5988352 5992448 6443008 6447104 6868992 6873088 6897664 6901760 6979584 6995968 7041024 7065600 7208960 7225344 7323648 7340032 7598080 7602176 8945664 8962048 9084928 9089024 9125888 9158656 9633792 9666560 11771904 11776000 12316672 12320768 12554240 12582912 12582912 14680064 14680064 16777216
32 8 0 2097152 2097152 4194304 4194304 6291456 6291456 8388608 8388608 10485760 10485760 12582912 12582912 14680064 14680064 16777216
33 61 0 2097152 2097152 4194304 4194304 6291456 6291456 8388608 8388608 9437184 9441280 9449984 9453568 9486336 9535488 9551872 9601024 9633792 9699328 9703424 9732096 9764864 9781248 9814016 9818112 9822208 9867264 9871360 9940992 9945088 9990144 9994240 10002432 10006528 10158080 10174464 10207232 10223616 10469376 10485760 10665984 10698752 10907648 10915840 11177984 11182080 11206656 11223040 11362304 11366400 11452416 11468800 11608064 11612160 11829248 11862016 11878400 11911168 11927552 11960320 11993088 12009472 12271616 12288000 12369920 12402688 12615680 12632064 12845056 12877824 13254656 13271040 13451264 13467648 13582336 13586432 13631488 13635584 13664256 13697024 13869056 13873152 14065664 14069760 14254080 14270464 14528512 14532608 14680064 14696448 14741504 14745600 14786560 14790656 14860288 14893056 14958592 14974976 15056896 15073280 15093760 15101952 15273984 15290368 15396864 15400960 15728640 15732736 15843328 15876096 16076800 16080896 16105472 16138240 16248832 16252928 16273408 16277504 16318464 16334848 16760832 16777216
34 12 0 16384 49152 81920 335872 339968 622592 638976 1048576 2097152 2097152 4194304 4194304 6291456 6291456 8388608 8388608 10485760 10485760 12582912 12582912 14680064 14680064 16777216
35 8 0 2097152 2097152 4194304 4194304 6291456 6291456 8388608 8388608 10485760 10485760 12582912 12582912 14680064 14680064 16777216
36 8 0 2097152 2097152 4194304 4194304 6291456 6291456 8388608 8388608 10485760 10485760 12582912 12582912 14680064 14680064 16777216
37 99 0 1052672 1351680 1355776 1376256 1409024 1515520 1519616 1732608 1740800 1798144 1806336 1843200 1847296 2170880 2174976 2387968 2392064 2473984 2482176 2691072 2695168 2822144 2826240 3006464 3010560 3055616 3059712 3129344 3133440 3145728 3149824 3178496 3182592 3313664 3317760 3342336 3350528 3366912 3383296 3407872 3411968 3502080 3510272 3522560 3526656 3559424 3563520 3575808 3584000 3637248 3641344 3710976 3715072 3735552 3751936 3756032 3760128 3772416 3776512 4100096 4104192 4153344 4157440 4218880 4222976 4255744 4276224 4292608 4325376 4374528 4378624 4481024 4485120 4579328 4583424 4632576 4636672 4718592 4726784 5066752 5070848 5087232 5091328 5242880 5246976 5402624 5406720 5541888 5545984 5718016 5722112 5939200 5947392 5996544 6000640 6144000 6148096 6172672 6176768 6267392 6275584 6402048 6410240 6422528 6426624 6438912 6443008 6455296 6459392 6475776 6479872 6492160 6496256 6590464 6660096 6664192 6668288 6680576 6684672 6696960 6701056 6713344 6717440 6758400 6762496 6774784 6778880 6791168 6795264 6807552 6811648 6823936 6828032 6860800 6864896 7229440 7237632 7340032 7344128 7372800 7405568 7413760 7417856 7831552 7839744 7962624 7966720 7970816 7974912 8110080 8134656 8220672 8224768 8495104 8499200 8683520 8687616 9109504 9113600 9138176 9142272 9437184 9441280 9560064 9564160 9785344 9793536 10936320 10940416 11001856 11005952 11124736 11128832 11771904 11780096 11833344 11837440 12025856 12042240 12857344 12861440 12877824 12890112 13373440 13377536 14434304 14450688 14716928 14721024 14770176 14839808 15073280 15077376 15486976 15491072 16216064 16777216
38 8 0 2097152 2097152 4194304 4194304 6291456 6291456 8388608 8388608 10485760 10485760 12582912 12582912 14680064 14680064 16777216
39 45 0 2097152 2097152 4194304 4194304 6291456 6291456 8388608 8388608 9437184 10297344 10301440 10616832 10620928 10657792 10661888 10670080 11722752 11939840 11943936 12173312 12181504 12701696 12705792 12759040 12779520 12947456 12951552 12992512 12996608 13242368 13266944 13385728 13418496 13549568 13557760 13717504 13721600 13844480 13860864 13926400 13942784 13963264 13967360 14020608 14024704 14036992 14041088 14045184 14057472 14061568 14065664 14102528 14106624 14127104 14131200 14135296 14139392 14221312 14225408 14282752 14286848 14483456 14491648 14598144 14606336 14684160 14688256 14737408 14741504 15220736 15224832 15331328 15343616 15347712 15351808 15400960 15405056 15523840 15613952 15810560 15826944 16236544 16244736 16568320 16572416 16580608 16584704 16596992 16629760
40 12 24576 32768 589824 606208 724992 729088 851968 868352 1048576 2097152 2097152 4194304 4194304 6291456 6291456 8388608 8388608 10485760 10485760 12582912 12582912 14680064 14680064 16777216
41 8 0 2097152 2097152 4194304 4194304 6291456 6291456 8388608 8388608 10485760 10485760 12582912 12582912 14680064 14680064 16777216
42 8 0 2097152 2097152 4194304 4194304 6291456 6291456 8388608 8388608 10485760 10485760 12582912 12582912 14680064 14680064 16777216
43 8 0 2097152 2097152 4194304 4194304 6291456 6291456 8388608 8388608 10485760 10485760 12582912 12582912 14680064 14680064 16777216
44 62 0 1048576 1060864 1064960 1126400 1130496 1179648 1183744 1228800 1232896 1355776 1359872 1474560 1478656 1654784 1658880 2002944 2011136 2170880 2174976 2195456 2199552 2334720 2338816 2400256 2408448 2412544 2416640 2420736 2424832 2596864 2600960 2621440 2908160 2940928 2945024 2961408 2965504 3108864 3112960 3141632 3145728 3256320 3260416 3383296 3387392 3420160 3424256 3502080 3506176 3616768 3620864 3674112 3678208 3710976 3715072 3731456 3743744 3866624 3874816 4034560 4038656 4194304 4198400 4554752 4558848 4714496 4718592 4775936 4796416 5296128 5300224 5615616 5619712 5931008 5939200 6520832 6541312 6733824 6766592 7118848 7122944 7746048 7750144 7929856 8388608 8388608 8523776 8544256 8548352 8564736 8568832 8581120 8585216 8597504 8601600 8613888 8617984 8630272 8634368 8646656 8650752 8663040 8667136 8683520 8687616 8699904 8704000 8716288 8720384 8769536 8773632 8785920 8790016 9121792 9125888 9437184 10485760 10485760 12582912 12582912 14680064 14680064 16777216
45 8 0 2097152 2097152 4194304 4194304 6291456 6291456 8388608 8388608 10485760 10485760 12582912 12582912 14680064 14680064 16777216
46 39 0 1077248 1089536 1093632 1216512 1220608 1241088 1245184 1343488 1359872 1720320 1724416 1830912 1835008 1884160 1888256 1933312 1937408 1986560 1990656 2035712 2039808 2076672 2088960 2138112 2146304 2412544 2416640 2793472 2797568 3108864 3129344 3248128 3256320 3268608 3276800 3403776 3407872 3792896 3796992 4018176 4022272 4292608 4313088 5423104 5652480 5750784 5754880 5984256 5988352 6045696 6049792 6213632 6217728 6258688 6262784 6348800 6352896 6500352 6504448 6651904 6656000 6803456 6807552 6959104 6963200 7110656 7114752 7262208 7270400 8982528 10485760 10485760 12582912 12582912 14680064 14680064 16777216
47 8 0 2097152 2097152 4194304 4194304 6291456 6291456 8388608 8388608 10485760 10485760 12582912 12582912 14680064 14680064 16777216
48 33 0 1048576 1052672 1060864 1064960 1110016 1126400 1130496 1138688 1142784 1179648 1183744 1277952 1282048 1335296 1404928 1548288 1552384 1916928 1921024 2105344 2109440 2281472 2314240 2707456 2711552 2826240 2830336 3043328 3047424 3096576 3100672 3149824 3153920 3502080 3506176 4075520 4079616 5447680 5451776 5599232 5603328 6225920 6234112 6877184 6881280 6897664 6914048 7815168 7819264 7831552 7835648 7876608 7880704 7909376 7933952 7954432 7958528 9437184 10485760 10485760 12582912 12582912 14680064 14680064 16777216
49 8 0 2097152 2097152 4194304 4194304 6291456 6291456 8388608 8388608 10485760 10485760 12582912 12582912 14680064 14680064 16777216
50 8 0 2097152 2097152 4194304 4194304 6291456 6291456 8388608 8388608 10485760 10485760 12582912 12582912 14680064 14680064 16777216
51 8 0 2097152 2097152 4194304 4194304 6291456 6291456 8388608 8388608 10485760 10485760 12582912 12582912 14680064 14680064 16777216
52 25 0 2097152 2097152 4194304 4194304 6291456 6291456 8388608 8388608 9437184 9572352 9576448 10149888 10158080 11014144 11030528 11268096 11272192 12189696 12193792 13492224 13496320 13537280 13561856 14118912 14123008 14245888 14258176 14708736 14712832 14893056 14901248 14905344 14909440 15417344 15425536 15548416 15552512 15732736 15736832 15781888 15785984 15929344 15937536 15945728 15949824 16265216 16269312 16298496 16306688
53 47 438272 442368 909312 917504 1048576 2097152 2097152 4194304 4194304 6291456 6291456 6709248 7495680 7499776 9076736 9080832 9146368 9150464 9781248 9785344 10022912 10031104 10125312 10129408 10838016 10842112 11018240 11022336 11051008 11055104 11165696 11169792 11259904 11264000 11284480 11288576 11452416 11456512 11513856 11517952 11583488 11587584 11632640 11636736 11685888 11689984 11735040 11739136 11784192 11788288 11837440 11841536 11886592 11890688 12038144 12042240 12283904 12288000 13262848 13266944 13328384 13332480 13443072 13447168 13467648 13484032 13508608 13512704 13660160 13664256 13811712 13815808 13963264 13967360 14114816 14118912 14200832 14331904 14417920 14422016 15286272 15290368 15302656 15306752 15552512 15556608 15863808 15872000 15994880 15998976 16138240 16142336 16146432 16150528
54 60 77824 81920 335872 344064 827392 831488 835584 847872 860160 864256 937984 942080 978944 987136 1028096 1032192 1179648 1183744 1187840 1191936 1253376 1261568 1474560 1478656 1536000 1540096 1687552 1691648 1716224 1720320 1785856 1789952 1847296 1863680 2908160 2912256 3088384 3092480 3117056 3121152 3313664 3317760 3371008 3383296 3411968 3420160 4743168 4747264 4829184 4833280 4874240 4878336 4931584 4935680 5730816 5739008 6168576 6172672 6615040 6627328 6733824 6746112 6860800 6864896 7057408 7061504 7143424 7168000 7970816 7979008 8060928 8065024 8323072 8331264 8650752 8654848 8921088 8925184 8982528 8990720 9072640 9076736 9117696 9121792 9310208 9314304 9953280 9969664 10920448 10928640 11264000 11268096 11968512 11972608 12038144 12042240 12451840 12472320 12595200 12599296 12697600 12713984 12845056 12849152 13496320 13500416 13844992 13849088 13946880 13950976 14733312 14737408 14798848 14802944 15671296 15679488 15798272 15810560 16048128 16052224
55 118 131072 135168 712704 717312 827392 835584 1048576 1064960 1196032 1200128 1269760 1273856 1499136 1527808 1576960 1581056 1630208 1634304 1687552 1691648 1736704 1740800 1789952 1794048 1839104 1843200 1888256 1892352 1941504 1945600 1949696 1953792 1990656 1994752 2043904 2048000 2093056 2097152 2650112 2654208 2785280 2789376 2985984 2990080 3084288 3088384 3346432 3350528 4120576 4124672 4546560 4554752 4919296 4923392 4931584 4960256 5197824 5206016 6025216 6029312 6086656 6090752 6127616 6131712 6168576 6172672 6287360 6291456 6291456 6295552 6438912 6447104 6545408 6549504 6586368 6590464 6639616 6643712 6651904 6668288 6692864 6705152 6791168 6815744 6918144 6930432 7467008 7499776 7524352 7528448 7540736 7544832 7639040 7643136 7671808 7675904 7917568 7925760 7933952 7938048 7946240 7950336 7958528 7966720 7979008 7983104 8314880 8318976 8699904 8704000 8847360 8851456 8896512 8900608 8904704 8908800 9035776 9039872 9527296 9531392 9543680 9560064 9904128 9908224 10153984 10158080 10268672 10272768 10387456 10391552 10510336 10514432 10539008 10543104 10579968 10584064 10743808 10747904 11317248 11321344 11337728 11354112 11603968 11608064 11612160 11616256 11706368 11710464 11751424 11755520 11849728 11874304 11993088 12001280 12062720 12066816 12177408 12181504 12218368 12222464 12378112 12382208 12550144 12554240 12566528 12570624 13041664 13045760 13172736 13176832 13234688 13242880 13271040 13275136 13398016 13410304 13828096 13832192 13848576 13852672 14000128 14004224 14135296 14139392 14155776 14159872 14245888 14249984 14479360 14483456 14618624 14622720 14659584 14663680 14839808 14843904 15351808 15364096 15388672 15392768 15462400 15466496 15667200 15671296 15835136 15839232 15876096 15880192 15884288 15888384 15912960 15921152 15925248 15929344 15958016 15962112 15974400 15978496 16060416 16064512 16117760 16121856 16125952 16130048 16191488 16195584 16244736 16248832 16314368 16318464 16437248 16441344 16490496 16494592 16658432 16777216
56 34 0 1658880 1794048 1798144 1961984 1970176 2215936 2220032 2940928 2945024 4932096 4940288 4997120 5005312 5124096 5128192 5201920 5206016 6111232 6127616 6377472 6381568 8302592 8306688 8368128 8372224 8388608 8392704 8421376 8425472 8433664 8437760 8572928 8577024 8921088 8933376 9396224 9400320 9912320 9916416 10317824 10485760 10485760 11558912 11571200 11575296 11915264 11919360 12619776 12623872 12746752 12763136 14356480 14364672 14405632 14409728 14712832 14721024 15515648 15519744 15867904 15900672 16125952 16130048 16588800 16601088 16764928 16769024
57 29 1085440 1089536 1105920 1110016 2555904 2564096 2965504 2973696 3104768 3108864 3526656 3530752 3641344 3649536 5357568 5361664 5509120 5513216 5894144 5898240 6348800 6352896 6696960 6701056 6803456 6807552 6893568 6901760 6983680 6987776 7258112 7262208 7483392 7487488 7712768 8138752 8167424 8171520 8622080 8626176 9093120 9097216 10457088 10469376 10530816 10551296 10866688 10878976 12820480 12857344 13414400 13418496 13983744 14073856 15389184 15393280 15409152 15417344
58 64 65536 73728 77824 81920 868352 872448 1089536 1093632 1179648 1183744 1732608 1736704 1904640 1921024 2392064 2396160 2445312 2449408 2576384 2580480 3399680 3403776 4825600 4833792 4861952 4866048 5074944 5079040 5394432 5398528 5672960 5677056 5840896 5844992 6746112 6750208 6905856 6909952 8863744 8880128 9027584 9031680 9474048 9478144 9494528 9498624 9510912 9515008 9527296 9531392 9543680 9547776 9560064 9564160 9719808 9723904 9773056 9777152 10043392 10047488 10121216 10125312 10190848 10194944 10211328 10215424 10346496 10354688 10366976 10371072 10403840 10407936 10948608 10952704 11120640 11124736 11272192 11276288 11677696 11681792 11730944 11735040 12115968 12120064 12218368 12222464 12242944 12247040 12406784 12410880 12591104 12595200 12689408 12693504 12714496 12718592 12804096 12808192 12967936 12972032 13000704 13004800 13066240 13070336 13107200 13111296 13922304 14680064 14680064 14692352 14802944 14876672 15323136 15327232 15347712 15351808 15589376 15593472 15691776 15695872 15728640 15732736 15753216 15757312 16343040 16347136 16490496 16494592
59 40 65536 69632 81920 86016 135168 147456 208896 212992 458752 462848 712704 716800 786432 798720 806912 811008 905216 2097152 2097152 4194304 4194304 6291456 6291456 8388608 8388608 10485760 10485760 12582912 12582912 13438976 13451264 13455360 13606912 13611008 13750272 13754368 14008320 14012416 14016512 14020608 14127104 14131200 14139392 14143488 14446592 14450688 14467584 14475776 14585856 14589952 14888960 14893056 15175680 15179776 15376384 15380480 15491072 15511552 15626240 15630336 15810560 15814656 15892480 15900672 15953920 15958016 16007168 16011264 16084992 16089088 16297984 16302080 16515072 16519168 16527360 16543744 16596992 16601088 16662528 16670720
60 60 49664 53760 249856 253952 327680 331776 339968 344064 409600 413696 561152 565248 606208 610304 679936 684032 843776 847872 1019904 1024000 1060864 1064960 1097728 1101824 1163264 1167360 1183744 1187840 1282048 1306624 1331200 1335296 1486848 1560576 1830912 1835008 1998848 2002944 2830336 2834432 3174400 3178496 3403776 3407872 3518464 3522560 3604480 3612672 3641344 3645440 4182016 4194304 4194304 4345856 4857856 5083136 5312512 5316608 5357568 5361664 5369856 5373952 6279168 6287360 6324224 6328320 7118848 7368704 7528448 7532544 7704576 7708672 7827456 7831552 7847936 7852032 7888896 7892992 8134656 8151040 8454144 8458240 8638464 8642560 8962048 9089024 9371648 9388032 9584640 9691136 10240000 10256384 10575872 10584064 10760704 10768896 10772480 10780672 12410880 12533760 12611584 12627968 12918784 12922880 13021184 13025280 13496320 13524992 13877248 14217216 14275584 14279680 14417920 14675968 15541248 15586304 16404480 16406528 16556032 16564224
61 34 544768 569344 593920 598016 626688 630784 1056768 1077248 1159168 1163264 1228800 1437696 2183168 2215936 2220032 2232320 2236416 2240512 2244608 2248704 2449408 2478080 4382720 4390912 4497408 4501504 4579328 4792320 4808704 5054464 5070848 5185536 5201920 5316608 5332992 5431296 6406144 6410240 7139328 7168000 7188480 7192576 7729152 7733248 7901184 7917568 8155136 8167424 8273920 8286208 8753152 8757248 8962048 8966144 10133504 10137600 10977280 10981376 11481088 11497472 12423168 12427264 14028800 14065664 15736832 15745024 15974400 15978496
62 28 630784 634880 933888 1171456 1445888 1482752 2043904 2072576 3346432 3350528 3633152 3637248 3952640 3969024 4972544 4976640 5038592 5042688 5505024 5513216 6410240 6414336 6885376 6942720 7413760 7421952 7446528 7454720 7479296 7487488 10133504 10137600 10477568 10485760 10485760 10637312 10919936 10924032 11448320 11464704 11685888 11689984 11792384 11915264 12374016 12398592 13169152 13177344 13434880 13443072 14209024 14213120 14749696 14757888 15147008 15151104
63 26 57344 61440 688128 692224 1560576 1564672 1949696 1982464 3162112 3166208 4542464 4567040 4833280 4841472 4911104 4931584 5201920 5210112 6427136 6435328 7946240 7954432 9125888 9134080 9453568 9457664 9490432 9506816 11177984 11182080 11792896 11801088 13520896 13545472 13692928 13697024 14128128 14132224 14172160 14184448 14188544 14192640 14376960 14381056 14430208 14450688 14798848 14802944 15613952 15618048 16265216 16269312
64 166 626688 630784 778240 782336 1052672 1060864 1064960 1081344 1085440 1114112 1146880 1150976 1179648 1183744 1269760 1273856 1294336 1302528 1449984 1454080 1495040 1499136 1503232 1507328 1646592 1650688 1654784 1662976 1957888 1961984 2015232 2019328 2035712 2039808 2224128 2228224 2269184 2273280 2277376 2281472 2469888 2473984 2564096 2568192 2576384 2580480 2617344 2621440 2691072 2695168 2723840 2727936 2940928 2949120 3145728 3149824 3235840 3239936 3244032 3248128 3276800 3280896 3293184 3301376 3317760 3321856 3342336 3346432 3354624 3358720 3416064 3420160 3518464 3526656 3534848 3538944 3555328 3559424 3563520 3567616 3575808 3584000 3604480 3608576 3612672 3616768 3637248 3641344 3694592 3698688 3719168 3723264 3756032 3760128 3784704 3792896 3796992 3801088 3870720 3878912 3915776 3923968 3973120 3977216 3985408 3989504 4050944 4055040 4067328 4071424 4190208 4194304 4431872 4435968 4513792 4517888 4550656 4554752 4558848 4562944 4567040 4571136 4575232 4579328 4620288 4624384 4653056 4657152 4669440 4673536 4685824 4694016 4698112 4702208 4706304 4710400 4771840 4775936 4849664 4853760 4874240 4878336 5107712 5111808 5120000 5124096 5136384 5140480 5169152 5173248 5390336 5394432 5459968 5464064 5656576 5664768 5783552 5791744 5984256 5988352 6008832 6017024 6021120 6045696 6144000 6160384 6172672 6180864 6184960 6193152 6209536 6217728 6221824 6225920 6307840 6311936 6324224 6328320 6356992 6361088 6365184 6369280 6402048 6414336 6434816 6443008 7327744 7331840 7720960 7725056 7741440 7757824 7888896 7892992 8212480 8214016 8499200 8630272 8740864 8744960 8781824 8794112 8921088 8925184 8957952 8962048 9027584 9031680 9363456 9367552 9408512 9412608 9498624 9506816 9568256 9572352 9580544 9584640 9695232 9699328 9732096 9744384 9818112 9822208 9830400 9834496 9838592 9842688 9887744 9895936 9904128 9908224 10219520 10223616 10252288 10256384 10305536 10321920 10461184 10465280 10469376 10473472 10530816 10534912 10747904 11014144 11018240 11022336 11063296 11067392 11124736 11128832 11157504 11173888 11194368 11198464 11272192 11280384 11292672 11296768 11399168 11403264 11649024 11673600 11685888 11689984 11702272 11706368 11735040 11739136 11853824 11857920 11894784 11898880 12156928 12165120 12451840 12455936 12660736 12664832 12681216 12689408 12722176 12726272 12738560 12742656 12750848 12754944 12951552 12959744 12967936 12972032 13021184 13025280 13033472 13041664 13295616 13299712 13639680 13656064 13672448 13688832 13758464 13762560 13799424 13803520 13815808 13819904 13836288 13852672 13869056 13885440 13934592 13938688 14025216 14033408 14061568 14065664 14340096 14344192 14864384 14868480 15327232 15335424 15372288 15384576 16027648 16207872 16281600 16285696 16510976 16515072
65 90 24576 32768 122880 126976 200704 204800 507904 512000 516096 520192 598016 602112 606208 614400 647168 667648 696320 700416 913408 917504 1093632 1097728 1118208 1122304 1126400 1138688 1142784 1146880 1282048 1286144 1298432 1302528 1323008 1327104 1372160 1552384 1695744 1699840 1798144 1802240 2007040 2011136 2084864 2088960 2322432 2326528 2342912 2347008 2514944 2519040 2576384 2580480 2736128 2740224 2826240 2830336 2973696 2977792 3035136 3047424 3235840 3239936 3362816 3379200 3403776 3407872 3649536 3653632 3661824 3665920 3670016 3674112 3751936 3756032 3788800 3792896 3866624 3870720 3878912 3883008 3928064 3932160 3981312 3985408 4030464 4034560 4149248 4157440 4296704 4300800 4386816 4399104 4476928 4481024 4530176 4534272 4558848 4562944 4608000 4612096 4624384 4628480 4677632 4681728 4780032 4800512 5009408 5050368 5111808 5120000 5214208 5218304 5296128 5300224 5496832 5500928 5529600 5533696 5890048 5894144 5914624 5918720 5935104 5939200 5984256 5988352 5996544 6000640 6438912 6443008 6873088 7073792 7086080 7090176 7348224 7352320 7757824 7761920 7802880 7806976 8273920 8278016 8294400 8310784 8777728 8781824 9412608 9416704 9793536 9797632 10473472 10477568 10485760 10502144 10846208 10878976 12189696 12193792 12517376 12582912 12582912 12840960 12911104 12919296 13647872 14680064 14680064 15093760 15241216 15245312 15380480 15392768 15400960 15405056 15409152 15413248 15519744 15544320 16068608 16072704
66 53 921600 937984 1327104 1331200 1372160 1376256 1605632 1638400 1814528 1818624 1822720 1826816 2048000 2052096 2170880 2174976 2363392 2367488 2822144 2826240 3039232 3047424 3252224 3256320 3735552 3743744 3887104 3891200 3948544 3964928 4526080 4530176 4599808 4698112 4706304 4710400 4988928 4993024 5206016 5210112 5234688 5238784 5292032 5296128 5591040 5595136 6021120 6025216 6086656 6090752 6647808 6651904 7012352 7028736 7507968 7512064 7589888 7598080 7602176 7626752 8245248 8257536 8265728 8269824 8650752 8654848 8966144 8970240 9383936 9388032 9433088 9494528 9592832 9605120 10133504 10137600 10391552 10395648 11894784 11988992 12005888 12014080 12173312 12177408 12541952 12546048 12562432 12566528 12603392 12607488 13619200 13627392 13864960 13869056 14098432 14110720 14684160 14696448 15331328 15347712 15728640 15732736 16678912 16699392 16707584 16711680
67 61 1032192 1044480 1376256 1380352 1413120 1417216 1495040 1499136 1830912 1835008 2285568 2289664 2428928 2433024 2461696 2465792 2740224 2744320 2928640 2932736 2977792 2981888 3129344 3133440 3162112 3170304 3305472 3309568 3457024 3461120 3608576 3616768 3747840 3756032 3764224 3768320 3940352 3952640 4227072 4231168 4284416 4288512 4300800 4304896 4837376 4841472 4972544 4980736 5255168 5259264 5816320 5820416 5894144 5910528 6385664 6389760 6463488 6467584 6492160 6635520 6766592 6782976 7200768 7204864 7237632 7245824 7249920 7254016 7266304 7270400 7548928 7553024 8110080 8114176 9334784 9342976 9428992 9433088 9670656 9748480 9760768 9768960 9945088 9957376 10489856 10493952 10715136 10719232 10846208 10850304 11513856 11517952 11698176 11702272 11743744 11756032 11857920 11862016 12107776 12115968 12275712 12279808 12423168 12427264 12886016 12890112 13135872 13144064 14254080 14270464 14278656 14282752 14577664 14589952 15052800 15056896 15130624 15134720 15335424 15339520 15921152 15925248
68 88 929792 933888 1048576 1101824 1105920 1114112 1191936 1196032 1212416 1216512 1220608 1224704 1245184 1261568 1277952 1294336 1327104 1331200 1343488 1347584 1368064 1372160 1417216 1421312 1425408 1433600 1454080 1458176 1482752 1486848 1536000 1540096 1585152 1593344 1634304 1638400 1687552 1691648 1777664 1781760 2105344 2109440 2179072 2183168 2207744 2215936 2338816 2383872 2494464 2502656 2793472 2805760 2998272 3002368 3006464 3010560 3141632 3145728 3338240 3346432 3936256 3940352 4018176 4026368 4075520 4079616 4276224 4280320 4460544 5144576 5185536 5206016 5218304 5222400 5238784 5242880 5648384 5652480 5877760 5881856 5955584 5959680 5971968 5976064 5984256 5988352 6012928 6017024 6033408 6037504 6049792 6053888 6070272 6074368 6082560 6086656 6098944 6103040 6123520 6127616 6135808 6139904 6176768 6180864 6336512 6340608 6569984 6574080 6578176 6590464 6619136 6623232 6651904 6656000 6684672 6688768 6836224 6840320 6861312 6865408 7335936 7340032 7938048 7942144 7979008 7983104 8175616 8179712 8245248 8249344 8482816 8486912 8691712 8695808 9142272 9146368 9416704 9420800 9433088 9437184 9441280 9445376 10076160 10080256 10227712 10235904 10571776 10575872 10908160 10916352 11616256 11620352 11800576 11804672 12288000 12292096 12914688 14225408 14434304 14438400 14725120 14729216 14774272 14778368 15712256 15716352 15790080 15794176 15855616 15859712 15884288 15888384 16596992 16601088 16723968 16728064
69 56 372736 380928 1216512 1220608 1564672 1568768 1724416 1728512 1781760 1785856 1839104 1843200 1871872 1875968 1929216 1933312 2109440 2138112 3031040 3035136 3137536 3145728 3194880 3211264 3215360 3219456 3309568 3313664 3404288 3416576 3665920 3670016 3952640 4018176 4247552 4251648 4431872 4435968 4521984 4526080 4538368 4542464 4915200 4931584 5054464 5066752 5070848 5074944 5201920 5206016 5369856 5373952 5402624 5406720 6537216 6541312 7397376 7401472 7417856 7421952 7491584 7495680 7516160 7520256 7589888 7593984 7643136 7647232 8507392 8511488 9895936 9900032 9957376 9961472 10317824 10321920 10670080 10698752 10866688 10870784 11542528 11546624 11677696 11685888 11689984 11698176 11739136 11743232 11931648 11956224 12923392 12931584 12963840 12967936 14028800 14032896 14303232 14307328 14430208 14434304 14692352 14696448 14819328 14827520 15511552 15515648 15794176 15798272 16334848 16343040 16551936 16707584
70 52 958464 966656 1114112 1118208 1568768 1572864 1748992 1753088 1835008 1839104 1880064 1884160 1949696 1953792 2088960 2093056 2195456 2199552 2326528 2330624 2519040 2523136 2543616 2547712 2621440 2637824 2899968 2904064 3137536 3141632 3145728 3158016 3837952 3846144 3907584 3911680 3973120 3977216 4190208 4194304 4222976 4227072 4305408 4313600 4370432 4374528 4501504 4509696 5058560 5062656 5861376 5865472 5877760 5881856 5898240 5902336 6615040 6619136 8040448 8052736 9433088 9437184 9752576 9756672 10391552 10399744 10764288 10768384 10784768 10788864 10854400 10858496 10977280 10985472 11350016 11354112 11481088 11493376 11497472 11501568 11584000 11592192 11730944 11759616 13221888 13225984 14004224 14008320 14229504 14233600 14843904 14848000 14913536 14915072 14929920 14934016 15155200 15163392 16351232 16355328 16429056 16441344 16474112 16498688
71 61 610304 618496 663552 667648 827392 839680 1282048 1286144 1556992 1565184 1953792 1957888 2183168 2187264 2674688 2678784 3817472 3821568 3833856 3837952 3850240 3854336 4161536 4165632 4206592 4218880 4288512 4292608 4628480 4632576 5120000 5124096 5238784 5246976 5251072 5259264 5263360 5275648 5279744 5292032 5296128 5304320 5308416 5324800 5341184 5345280 5443584 5447680 5451776 5455872 5459968 5468160 5472256 5480448 6066176 6086656 6422528 6426624 7663616 7667712 7815168 7819264 8744960 8749056 8994816 8995840 9031680 9039872 9060352 9076736 9155072 9163264 9379840 9400320 9420800 9424896 9453568 9457664 9826304 9830400 9920512 9928704 10137600 10141696 10186752 10190848 10317824 10321920 11169792 11173888 11358208 11362304 11997184 12001280 12169216 12185600 12267520 12271616 12333056 12341248 12693504 12697600 12795904 12812288 12947456 12951552 13017088 13021184 13164544 13176832 13606912 13611008 13943808 14074880 14274560 14278656 15110144 15114240 16158720 16162816 16715776 16719872
72 62 20480 24576 496128 504320 1093632 1097728 1196032 1200128 1458176 1717248 1855488 1859584 1912832 1916928 1929216 1933312 2011136 2015232 2105344 2109440 2183168 2187264 2320896 2382336 2428928 2433024 3276800 3284992 3567616 3571712 4182016 4194304 4194304 4202496 4370432 4374528 4390912 4395008 4407296 4411392 4493312 4497408 4501504 4505600 4710400 4718592 4755456 4759552 4952064 4956160 4968448 4972544 5328896 5332992 6238208 6242304 6332416 6344704 6594560 7475200 7979008 7983104 8388608 8392704 8421376 8425472 9015808 9024000 9367552 9375744 9883648 9887744 10371072 10375168 10412032 10416128 10485760 10489856 10723328 10727424 11698176 11702272 11718656 11722752 11870208 11874304 12025856 12029952 12177408 12181504 12607488 12611584 12734464 12738560 12779520 12783616 13041664 13045760 13176832 13180928 13312000 13316096 13369344 13516800 13803520 13807616 13991936 13996032 14090240 14094336 14721024 14725120 15147008 15151104 15335424 15339520 15355904 15360000 15368192 15372288 15466496 15470592 15474688 15486976
73 38 356352 360448 1434112 1446400 2871296 2875392 3670016 3682304 4194304 4198400 4206592 4210688 4214784 4218880 4247552 4251648 4263936 4284416 4374528 4378624 4382720 4386816 4464640 4468736 4472832 4476928 4481024 4485120 4489216 4493312 4775936 4780032 5607424 5640192 6754304 6758400 6766592 6770688 7557120 7565312 8032256 8036352 8573440 8581632 9756672 9789440 9846784 9859072 10149888 10153984 10670080 10694656 11087872 11091968 11526144 11530240 12640256 12660736 13332480 13336576 13385728 13421056 14102528 14106624 14139392 14680064 14790656 14798848 15171584 15192064 16510976 16515072 16543744 16551936 16691200 16699392
74 35 0 8192 45568 53760 692224 696320 1040384 1044480 1482752 1486848 1970176 1974272 2400256 2404352 4161536 4165632 4546560 4558848 4616192 4620288 4681728 4685824 4689920 4698112 4816896 4820992 5033984 5091328 5160960 5165056 5242880 5251072 5255168 5259264 5525504 5529600 5980160 5984256 6434816 6438912 7643136 7651328 8962048 8966144 9437184 9441280 9719808 9728000 12136448 12165120 12402688 12406784 12447744 12476416 13086720 13094912 13795328 13799424 14188544 14200832 14229504 14233600 14979072 14983168 15601664 15605760 16257024 16269312 16277504 16281600
75 104 458752 471040 1126400 1130496 1609728 1613824 4030464 4034560 5640192 5644288 6909952 6914048 8187904 8204288 9084928 9089024 9494528 9498624 9506816 9510912 9515008 9523200 9531392 9535488 9687040 9691136 9740288 9744384 9838592 9842688 9916416 9920512 9990144 9994240 10076160 10080256 10153984 10162176 10256384 10260480 10272768 10276864 10321920 10326016 10330112 10334208 10387456 10391552 10424320 10432512 10465280 10469376 10530816 10534912 10539008 10543104 10575872 10579968 10653696 10657792 10674176 10678272 10698752 10702848 10756096 10760192 10788864 10792960 10903552 10911744 10956800 10960896 11005952 11010048 11055104 11059200 11104256 11108352 11149312 11157504 11161600 11165696 11206656 11210752 11218944 11223040 11239424 11243520 11374592 11378688 11440128 11444224 11460608 11468800 11481088 11485184 11497472 11501568 11509760 11513856 11538432 11546624 11567104 11579392 11587584 11591680 11677696 11681792 11710464 11714560 11771904 11776000 11849728 11853824 11886592 11890688 11902976 11907072 11927552 11931648 11972608 11976704 12017664 12025856 12115968 12120064 12140544 12148736 12210176 12214272 12230656 12234752 12263424 12267520 12296192 12304384 12341248 12345344 12365824 12369920 12390400 12394496 12406784 12410880 12447744 12451840 12488704 12492800 12513280 12517376 12554240 12558336 12574720 12578816 12582912 12587008 12607488 12615680 12701696 12709888 12713984 12718080 12812288 12816384 12861440 12865536 12886016 12890112 12918784 12922880 12967936 12972032 13025280 13029376 13033472 13037568 13099008 13103104 13139968 13144064 13148160 13152256 13164544 13185024 13197312 13205504 13225984 13230080 13328384 13348864 13385728 13389824 13557760 13561856 13565952 13574144 13963264 13967360 15065088 15081472 15085568 15089664 15798272 15818752 16244736 16252928 16355328 16359424
76 41 0 4096 335872 339968 1052672 1056768 1064960 1069056 1093632 1097728 1105920 1114112 1126400 1146880 1200128 1204224 1208320 1212416 1286144 1290240 1347584 1355776 1368064 1372160 1589248 1593344 1716224 1720320 1728512 1732608 1744896 1748992 1875968 1880064 1900544 1904640 1925120 1970176 2023424 2027520 2351104 2355200 2433024 2437120 4211200 4219392 4513792 4517888 4952064 4956160 5083136 5087232 5169152 5173248 5242880 5750784 7229440 7233536 7536640 7540736 8384512 8388608 8388608 8392704 8466432 8470528 8499200 8503296 10092544 10096640 10596352 10604544 11264000 11265024 12857344 12861440 14589952 14594048 15060992 16244736 16678912 16683008
77 16 540672 544768 1430016 1438208 1560576 2097152 2097152 2985984 3145728 3489792 5021696 5029888 5140480 5144064 6258688 6262784 6426624 6430720 6516736 6520832 6983680 6991872 11526144 11530240 12079104 12091392 14000128 14004224 15134720 15138816 15888384 15892480
78 37 991744 999936 1609728 1613824 2080768 2084864 2195456 2199552 2318336 2322432 2494464 2498560 2760704 2764800 3366912 3371008 3617792 3638272 4177920 4182016 5484544 5488640 5804032 5808128 6852608 6856704 7258112 7270400 7335936 7340032 7528448 7540736 8163328 8167424 8470528 9437184 9519616 9527808 9990144 9994240 11599872 11603968 12779520 12783616 12800000 12804096 12988416 12992512 12996608 13004800 13008896 13017088 13058048 13062144 13217792 13221888 13701120 13979648 13987840 13991936 14028800 14241792 14258176 14336000 14565376 14581760 14680064 15728640 15798272 15802368 16351232 16355328 16379904 16388096
79 71 479232 2097152 2097152 2117632 2129920 2138112 2199552 2220032 3825664 3829760 4960256 4964352 5410816 5414912 5509120 5513216 5869568 5873664 6262784 6266880 6590464 6594560 7483392 7487488 7499776 7503872 7512064 7516160 7524352 7528448 7548928 7553024 7577600 7581696 7622656 7626752 7647232 7651328 7659520 7663616 7671808 7675904 7692288 7696384 7704576 7708672 7720960 7725056 8044544 8060928 8343552 8347648 8388608 8392704 8421376 8425472 9510912 9515008 9629696 9633792 9732096 9736192 10301952 10306048 10391552 10395648 10420224 10424320 10473472 10477568 10620928 10625024 10653696 10657792 10764288 10772480 10911744 10915840 11051008 11055104 11173888 11177984 11206656 11210752 11321344 11325440 11538432 11542528 11599872 11603968 11837440 11841536 11927552 11931648 11956224 11972608 12197888 12201984 12210176 12214272 12263424 12267520 12316672 12320768 12423168 12427264 12570624 12574720 12640256 12644352 12718080 12730368 12939264 12943360 13111296 13115392 13148160 13152256 13164544 13180928 13193216 13197312 13344768 13348864 13352960 13361152 13443072 13447168 13602816 13606912 14204928 14221312 14667776 14671872 15269888 15282176 15597568 15609856 15618048 15622144 15843328 15847424
80 83 327680 331776 1052672 1056768 1060864 1064960 1069056 1073152 1077248 1126400 1179648 1196032 1212416 1216512 1220608 1224704 1277952 1282048 1294336 1298432 1355776 1359872 1703936 1712128 1716224 1724416 1728512 1736704 1740800 1744896 1789952 1798144 1855488 1859584 2039808 2043904 2064384 2068480 2105344 2113536 2220032 2224128 2297856 2301952 2306048 2314240 2318336 2322432 2347008 2355200 2449408 2453504 2514944 2519040 2584576 2588672 2662400 2666496 2670592 2674688 3244032 3248128 3530752 3534848 3579904 3608576 3616768 3620864 3629056 3633152 3739648 3743744 4247552 4251648 4853760 4857856 5095424 5099520 5160960 5169152 5206016 5210112 5242880 5750784 5820416 5824512 5935104 5943296 5967872 5971968 5980160 5984256 5992448 5996544 6000640 6004736 6012928 6025216 6033408 6049792 6131712 6135808 6193152 6209536 6230016 6246400 6250496 6262784 6266880 6275072 6283264 6291456 6291456 6332416 6381568 6385664 6402048 6406144 6447104 6451200 6475776 6483968 7319552 7323648 9203712 9206784 10002432 10027008 10055680 10059776 10297344 10301440 10838016 10842112 10952704 10956800 11034624 11038720 11100160 11108352 11444224 11448320 11776000 11784192 11980800 11988992 13213696 13258752 13410304 13414400 13770752 13774848 14045184 14049280 14172160 14176256 14385152 14389248 14983168 14991360 15167488 15171584 15421440 15425536 16539648 16543744
81 49 172032 176128 2232320 2252800 2355200 2359296 2576384 2580480 4382720 4399104 4734976 4739072 4861952 4866048 5173248 5177344 5406720 5410816 5750784 6291456 6291456 7979008 8011776 8015872 8069120 8073216 8122368 8126464 8130560 8138752 8167424 8171520 8179712 8183808 8237056 8241152 8261632 8269824 8273920 8282112 8294400 8314880 8343552 8355840 9154560 9170944 9969664 9986048 10321920 10326016 10342400 10346496 10358784 10362880 10661888 10665984 10895360 10899456 11063296 11067392 11386880 11390976 11608064 11612160 11870208 11874304 12972032 12976128 12988416 12992512 13008896 13012992 13713408 13717504 13881344 13889536 14110720 14225408 14241792 14585856 14602240 14680064 14680064 14716928 14733312 14856192 14983168 14995456 14999552 15003648 15085568 15089664 15101952 15110144 15114240 15122432 16379904 16384000
82 61 749568 753664 778240 786432 790528 798720 802816 815104 819200 827392 831488 843776 847872 860160 864256 872448 876544 880640 884736 888832 892928 897024 901120 905216 1044480 1048576 1347584 1351680 2052096 2056192 2224128 2228224 2351104 2355200 2371584 2375680 2379776 2383872 2502656 2506752 2633728 2637824 2756608 2760704 2879488 2883584 3031040 3035136 3063808 3072000 3477504 3485696 3493888 3497984 3502080 3506176 3813376 3821568 3846144 3850240 3854336 3878912 3883008 3891200 3928064 3932160 4055040 4059136 4349952 4354048 4366336 4370432 4386816 4390912 4583424 4599808 4841472 4845568 4890624 4894720 4943872 4947968 4993024 4997120 5042176 5046272 5476352 5480448 5640192 5648384 6270976 6275072 6410240 6414336 6942720 6946816 7901184 7905280 8007680 8011776 8015872 8019968 8024064 8028160 8990720 8994816 9998336 10002432 11046912 11059200 11063296 11075584 11227136 11231232 11235328 11239424 12587008 12599296 15720448 15724544 16281600 16289792
83 48 380928 389120 589824 593920 897024 901120 1400832 1404928 1499136 1503232 1523712 1540096 1662976 1667072 1736704 1740800 1748992 1753088 1830912 1835008 1851392 1855488 2113536 2129920 2183168 2187264 2347008 2351104 2355200 2359296 2428928 2433024 2547712 2551808 2600960 2605056 2629632 2633728 2805760 2809856 2912256 2916352 3055616 3059712 3112960 3117056 3235840 3239936 3387392 3391488 3411968 3416064 3461120 3465216 3780608 3784704 4272128 4276224 4550656 4554752 4698112 4702208 4714496 4718592 4771840 4775936 4861952 4870144 5156864 5169152 5173248 5177344 5414912 5419008 5431296 5443584 5988352 5996544 6365184 6369280 6733824 6742016 7073792 7077888 7663616 7667712 7930880 8388608 8388608 10485760 10485760 12582912 12582912 14680064 14680064 16777216
84 75 0 357376 368640 372736 381440 385536 389632 393728 406016 414208 442880 446976 541184 549376 1040384 1056768 1060864 1101824 1105920 1118208 1142784 1146880 1175552 1187840 1224704 1228800 1294336 1302528 1605632 1609728 1638400 1642496 1753088 1757184 1802240 1818624 2072576 2084864 2093056 2097152 2097152 2109440 2310144 2318336 2363392 2367488 2564096 2568192 3096576 3100672 3772416 3776512 3821568 3829760 4116480 4120576 4263936 4268032 4513792 4526080 5046272 5066752 5283840 5287936 5570560 5586944 6090752 6103040 8253440 8261632 8323072 8388608 9363456 9375744 9691136 9695232 9715712 9719808 9908224 9912320 10424320 10428416 11268096 11272192 11530240 11534336 12247040 12251136 12468224 12472320 12673024 12677120 12824576 12828672 12976128 12980224 13144064 13148160 13242368 13246464 13340672 13344768 13508608 13512704 13729792 13733888 13783040 13787136 13852672 13864960 13869056 13881344 13885440 13905920 13910016 13922304 13930496 13934592 13959168 13979648 13983744 13996032 14344192 14348288 14409728 14413824 14512128 14516224 14671872 14675968 14741504 14745600 14761984 14766080 14950400 14954496 15106048 15110144 15257600 15261696 15327232 15331328 15450112 15454208 15872000 15884288 15937536 15941632 16154624 16171008
85 52 40960 45056 573440 667648 913408 917504 933888 937984 950272 954368 1044480 1048576 1110016 1114112 1351680 1355776 1404928 1409024 1474560 1609728 2146304 2150400 2449408 2588672 2715648 2752512 2768896 2772992 3338240 3346432 3362816 3371008 3756032 3780608 4141056 4153344 4161536 4165632 4169728 4173824 4177920 4190208 4198400 4202496 4214784 4218880 4243456 4247552 4272128 4276224 4292608 4296704 4313088 4337664 4354048 4358144 4931584 4939776 5689344 5693440 5754880 5869568 5885952 6131712 6180864 6291456 6291456 6295552 6311936 6426624 6443008 6541312 7028736 8388608 8388608 10485760 10485760 10907648 10989568 10997760 11317248 11325440 11522048 11530240 11735040 11747328 12095488 12103680 12288000 12292096 12337152 12353536 13344768 13352960 13838848 14680064 14680064 15389184 15720448 15728640 16166912 16183296 16396288 16412672
86 108 163840 167936 196608 200704 270336 286720 434688 438784 1060864 1081344 1191936 1196032 1241088 1245184 1290240 1294336 1343488 1347584 1392640 1396736 1441792 1445888 1495040 1499136 1544192 1548288 1593344 1597440 1658880 1662976 2121728 2125824 2170880 2174976 2252800 2256896 2580480 2584576 2670592 2674688 3051520 3055616 3108864 3112960 3854336 3858432 4313088 4317184 4509696 4513792 4571136 4575232 4669440 4677632 4759552 4767744 4808704 4866048 4890624 4911104 5189632 5197824 5373952 5378048 5816320 5820416 6119424 6123520 6283264 6287360 6553600 6557696 6676480 6680576 7024640 7028736 7122944 7127040 7241728 7258112 7495680 7499776 7819264 7823360 7913472 7917568 7925760 7929856 7950336 7954432 8155136 8159232 8404992 8409088 8855552 8863744 9031680 9035776 9318400 9322496 9637888 9666560 9818112 9863168 10059776 10063872 10117120 10121216 10182656 10186752 10297344 10301440 10350592 10354688 10522624 10526720 10711040 10715136 10874880 10878976 11026432 11030528 11063296 11071488 11079680 11083776 11177984 11182080 11247616 11255808 11329536 11333632 11481088 11485184 12046336 12050432 12136448 12140544 12484608 12488704 12533760 12537856 12701696 12705792 12959744 12972032 13377536 13381632 13385728 13393920 13869056 13885440 13963264 13967360 14131200 14135296 14319616 14323712 14430208 14434304 14921728 14925824 15024128 15028224 15110144 15114240 15163392 15167488 15233024 15237120 15368192 15372288 15499264 15503360 15515648 15519744 15536128 15540224 15552512 15556608 15568896 15572992 15585280 15589376 15601664 15605760 15618048 15622144 15634432 15638528 15659008 15663104 15675392 15679488 15691776 15695872 15708160 15712256 15724544 15728640 15745024 15749120 15765504 15769600 15781888 15785984 15847424 15851520 16162816 16166912 16244736 16248832 16396288 16416768 16732160 16736256
87 40 28672 32768 409600 413696 684032 688128 704512 708608 745472 749568 2453504 2637824 2675712 2695680 2711552 2756608 3018752 3022848 3276800 3547136 4268032 4272128 4280832 4572160 4599808 4616192 5312512 5324800 5898240 5902336 6524928 6529024 9519104 9535488 9949184 9953280 10452992 10457088 10485760 10518528 11460608 11464704 11550720 11554816 11870208 11943936 12791808 12795904 13045760 13049856 13123584 13139968 13959168 13975552 14012416 14020608 14024704 14028800 14036992 14041088 14049280 14069760 14131200 14143488 14467072 14471168 14508032 14561280 14925824 14929920 15196160 15200256 15613952 15622144 16154624 16224256 16384000 16400384 16408576 16416768
88 172 65536 69632 131072 135168 180224 184320 438272 450560 520192 524288 815104 819200 1028096 1036288 1048576 1056768 1060864 1069056 1077248 1081344 1085440 1089536 1130496 1134592 1171456 1175552 1179648 1183744 1208320 1212416 1216512 1286144 1314816 1318912 1368064 1372160 1384448 1388544 1396736 1400832 1409024 1413120 1441792 1445888 1449984 1458176 1486848 1490944 1572864 1576960 1597440 1601536 1617920 1622016 1675264 1679360 1753088 1757184 1761280 1765376 1769472 1773568 1777664 1781760 1794048 1798144 1806336 1810432 1851392 1855488 1875968 1880064 1900544 1904640 1974272 1978368 2015232 2019328 2027520 2031616 2043904 2052096 2072576 2076672 2084864 2088960 2105344 2109440 2138112 2142208 2154496 2158592 2240512 2244608 2379776 2383872 2404352 2408448 2437120 2441216 2445312 2449408 2473984 2478080 2490368 2498560 2506752 2510848 2531328 2535424 2609152 2613248 2625536 2637824 2658304 2662400 2666496 2670592 2686976 2695168 2756608 2760704 2764800 2772992 2777088 2781184 2789376 2793472 2842624 2846720 2859008 2863104 2879488 2883584 2899968 2904064 2928640 2932736 2961408 2965504 2973696 2977792 2998272 3002368 3039232 3043328 3084288 3088384 3121152 3125248 3145728 3149824 3153920 3162112 3203072 3207168 3223552 3227648 3231744 3235840 3248128 3252224 3256320 3260416 3272704 3276800 3297280 3301376 3305472 3309568 3379200 3383296 3391488 3407872 3489792 3493888 3497984 3502080 3510272 3514368 3518464 3530752 3551232 3555328 3584000 3592192 3624960 3629056 3637248 3641344 3694592 3698688 3710976 3719168 3809280 3813376 3833856 3862528 3911680 3915776 3919872 3928064 3948544 3952640 3956736 3960832 3964928 3969024 3989504 3997696 4005888 4009984 4042752 4046848 4091904 4096000 4177920 4182016 4186112 4194304 4194304 4198400 4202496 4206592 4263936 4268032 4272128 4280320 4288512 4292608 4325376 4329472 4345856 4349952 4399104 4403200 4415488 4419584 4431872 4440064 4456448 4460544 4464640 4468736 4542464 4546560 4554752 4558848 4562944 4567040 4575232 4579328 4591616 4595712 4599808 4608000 4612096 4616192 4620288 4624384 4648960 4653056 4685824 4689920 4775936 4788224 4804608 4812800 4816896 4825088 4939776 4943872 4956160 4960256 4964352 4968448 4972544 4980736 5369856 5373952 5378048 5382144 5480448 5484544 5505024 5509120 5754880 5758976 6176768 6180864 6881280 6885376 8450048 8454144 8523776 8527872 8601600 8605696 8753152 8761344 8765440 8769536 8781824 8785920 9314304 9318400 9388032 9392128 9613312 9617408 9797632 9801728 9814016 9818112 9920512 9924608 10420224 10424320 10788864 10792960 11010048 11014144 11993088 11997184 12455936 12460032 12611584 12615680 12976128 12980224 13164544 13176832 13287424 13295616 13762560 13766656 14962688 14966784 15077376 15081472 15085568 15089664 15630336 15634432
89 43 131072 135168 139264 147456 167936 188416 192512 200704 606208 622592 2002944 2023424 3145728 3149824 3497984 3518464 4800512 4808704 5668864 5672960 5857280 5861376 6397952 6406144 6672384 6680576 7217152 7225344 7802880 7811072 8695808 8704000 8716288 8728576 9166848 9175040 9797632 9801728 10461184 10465280 10620928 10625024 11653120 11661312 11776000 11780096 11898880 11907072 12034048 12038144 12410880 12414976 13201408 13221888 13287424 13291520 13361152 13365248 13385728 13389824 13553664 13557760 13602816 13611008 14512128 14516224 14655488 14663680 14712832 14716928 14774272 14778368 15089664 15093760 15097856 15101952 15630336 15634432 15822848 15826944 15904768 15908864 15966208 15970304 16617472 16646144
90 67 167936 176128 180224 192512 598016 602112 659456 663552 1110016 1114112 1433600 1441792 1544192 1548288 1576960 1581056 1601536 1605632 1757184 1761280 1777664 1781760 1908736 1916928 2011136 2019328 2068480 2072576 2207744 2215936 2256896 2260992 2285568 2297856 2449408 2453504 2555904 2560000 2564096 2568192 2600960 2605056 2752512 2756608 2904064 2908160 3055616 3059712 3207168 3211264 3366912 3371008 3518464 3522560 3661824 3686400 3821568 3829760 3977216 3981312 4042752 4046848 4136960 4141056 4304896 4308992 4612096 4616192 4636672 4640768 4927488 4931584 5275648 5279744 6094848 6291456 6291456 7413760 7516160 7524352 7553024 7557120 7974912 7979008 8163328 8167424 8241152 8245248 8249344 8253440 8728576 8732672 8912896 8916992 9252864 9261056 9293824 9297920 9338880 9342976 9494528 9502720 10317824 10321920 10776576 10780672 12169216 12173312 12275712 12279808 13176832 13193216 13914112 13922304 14229504 14237696 14295040 14307328 14365696 14369792 14455808 14459904 15249408 15257600 15331328 15335424 15380480 15384576 15933440 15937536 16261120 16265216 16760832 16769024
91 48 528384 544768 573440 577536 1662976 1667072 1871872 1880064 2207744 2215936 2396160 2400256 2568192 2572288 3031040 3035136 3366912 3379200 3801088 3805184 3952640 3956736 4399104 4403200 4526080 4530176 4550656 4554752 4911104 4915200 5238784 5242880 5345280 5365760 5591040 5595136 5771264 5775360 5861376 5865472 6144000 6148096 6467584 6471680 6594560 6598656 8044544 8048640 8249344 8253440 8290304 8294400 8523776 8527872 9457664 9469952 9647104 9655296 9781248 9789440 11034624 11038720 11276288 11280384 11296768 11309056 11509760 11550720 12120064 12197888 12402688 12419072 12718080 12722176 12922880 12926976 13803520 13811712 13815808 13824000 14839808 14843904 15110144 15118336 15781888 15785984 16154624 16158720 16302080 16306176 16515072 16519168 16711680 16715776 16740352 16744448
92 89 122880 126976 147456 151552 266240 270336 278528 282624 368640 372736 942080 946176 1048576 1069056 1073152 1114112 1126400 1130496 1138688 1142784 1257472 1261568 1286144 1318912 1441792 1445888 1544192 1548288 1662976 1667072 1851392 1855488 1892352 1896448 1900544 1908736 2105344 2109440 2433024 2437120 2506752 2514944 2576384 2580480 2752512 2756608 2850816 2854912 2871296 2875392 2879488 2887680 3067904 3076096 3080192 3088384 3108864 3112960 3194880 3198976 3371008 3379200 3534848 3538944 3612672 3616768 3629056 3633152 3657728 3661824 3809280 3813376 4067328 4071424 4079616 4087808 4141056 4145152 4415488 4423680 4759552 4763648 5324800 5337088 5341184 5345280 5447680 5451776 5656576 5660672 6684672 6701056 6758400 6762496 7323648 7344128 8003584 8007680 8105984 8110080 8155136 8204288 8605696 8609792 8679424 8683520 8802304 8806400 8953856 9027584 9105408 9113600 9547776 9551872 9711616 9715712 9859072 9969664 10535424 10539520 10588160 10674176 10736128 10740224 10817536 10825728 11202560 11223040 11272192 11276288 11644928 11649024 11657216 11661312 11751424 11755520 11890688 11894784 12087296 12091392 12234752 12238848 12296192 12300288 12398592 12402688 12693504 12697600 12775424 12779520 12931072 12935168 13082624 13119488 13197312 13213696 13328384 13332480 13361152 13365248 13393920 13398016 13447168 13467648 13578240 13586432 14254080 14680064 14680064 15368192 15523840 15527936 15941632 15945728 16560128 16564224 16621568 16625664
93 111 0 12288 65536 81920 450560 458752 565248 569344 634880 745472 1159168 1163264 1290240 1294336 1372160 1376256 1822720 1826816 1896448 1900544 2101248 2105344 2240512 2244608 2277376 2281472 2314240 2318336 2359296 2363392 2424832 2428928 2437120 2441216 2625536 2629632 2641920 2646016 2686976 2691072 2699264 2703360 3043328 3047424 3428352 3436544 3448832 3452928 4067328 4071424 4202496 4206592 4354048 4358144 4730880 4734976 4775936 4796416 4845568 4849664 4866048 4890624 5304320 5308416 5668864 5779456 6377472 6381568 6684672 6688768 7004160 7016448 7200768 7204864 7405568 7409664 7643136 7647232 8331264 8335360 8617984 8626176 8650752 8654848 8675328 8683520 8708096 8724480 8728576 8736768 8798208 8810496 8830976 8843264 8876032 8880128 8912896 9031680 9035776 9039872 9064448 9072640 9105408 9109504 9125888 9129984 9228288 9232384 9252864 9256960 9269248 9273344 9277440 9281536 9302016 9306112 9342976 9347072 9400320 9404416 9424896 9428992 9441280 9445376 9453568 9461760 9474048 9482240 9515008 9519104 9539584 9543680 9568256 9580544 9637888 9641984 9654272 9666560 9670656 9674752 9707520 9711616 9715712 9723904 9732096 9740288 9830400 9834496 9867264 9871360 9887744 9891840 9957376 9961472 9994240 9998336 10031104 10035200 10104832 10485760 10485760 11833344 11866112 11870208 11894784 11898880 11923456 11927552 11960320 11964416 11976704 11980800 12021760 12025856 12050432 12054528 12128256 12132352 12169216 12173312 12189696 12193792 12210176 12214272 12345344 12365824 12378112 12382208 12472320 12476416 13230080 13234176 14008320 14012416 14163968 14168064 14614528 14618624 14639104 14643200 14675968 14680064 14745600 14749696 14766080 14770176 14774272 14897152 15265792 15273984 15331328 15335424 15855616 15859712 16048128 16052224 16273408 16666624 16691200 16695296 16740352 16744448
94 191 638976 655360 2252800 2256896 2580480 2637824 2740224 2752512 3657728 3764224 3854336 3858432 4182016 4186112 4390912 4395008 4395520 4448768 5898240 5902336 6041600 6049792 6262784 6266880 7340032 7344128 7548928 7557120 7815168 7819264 8409088 8417280 8499200 8503296 8904704 8908800 8925184 8929280 9097216 9101312 9445376 9449472 9457664 9465856 9502720 9506816 9551872 9555968 9576448 9580544 9601024 9605120 9650176 9654272 9674752 9678848 9687040 9691136 9728000 9732096 9773056 9777152 9879552 9883648 9908224 9920512 9936896 9945088 9953280 9957376 10018816 10022912 10039296 10043392 10067968 10072064 10113024 10117120 10153984 10158080 10166272 10170368 10174464 10178560 10182656 10186752 10199040 10203136 10211328 10215424 10244096 10248192 10252288 10256384 10264576 10268672 10285056 10289152 10366976 10371072 10379264 10383360 10424320 10432512 10436608 10440704 10448896 10452992 10485760 10489856 10522624 10526720 10563584 10571776 10579968 10584064 10612736 10616832 10629120 10633216 10641408 10645504 10649600 10653696 10657792 10665984 10674176 10678272 10752000 10760192 10768384 10772480 10792960 10797056 10809344 10813440 10854400 10858496 10903552 10924032 10940416 10944512 10956800 10964992 10969088 10973184 11001856 11010048 11030528 11034624 11051008 11055104 11067392 11137024 11149312 11153408 11186176 11190272 11288576 11300864 11313152 11317248 11325440 11329536 11333632 11341824 11345920 11350016 11362304 11366400 11374592 11411456 11419648 11423744 11431936 11436032 11440128 11452416 11456512 11460608 11464704 11468800 11513856 11517952 11534336 11538432 11546624 11550720 11567104 11575296 11612160 11616256 11624448 11628544 11661312 11665408 11669504 11677696 11681792 11685888 11739136 11747328 11755520 11763712 11776000 11784192 11788288 11792384 11808768 11816960 11837440 11841536 11845632 11849728 11866112 11870208 11874304 11878400 11902976 11907072 11919360 11923456 11943936 11948032 11956224 11960320 11968512 11972608 11976704 11980800 11988992 11997184 12013568 12017664 12050432 12054528 12091392 12095488 12124160 12132352 12169216 12173312 12197888 12201984 12234752 12238848 12247040 12251136 12279808 12283904 12337152 12341248 12349440 12353536 12361728 12365824 12390400 12398592 12419072 12423168 12464128 12468224 12484608 12488704 12500992 12505088 12509184 12513280 12533760 12541952 12570624 12574720 12582912 12587008 12607488 12611584 12636160 12640256 12660736 12664832 12673024 12681216 12685312 12689408 12705792 12709888 12738560 12742656 12763136 12767232 12771328 12775424 12787712 12795904 12800000 12804096 12840960 12845056 12854272 12858368 12861440 12866560 12877824 12881920 12898304 12902400 12951552 12963840 12968960 12973056 12976128 12984320 12989440 12993536 13037568 13042688 13059072 13063168 13066240 13071360 13091840 13100032 13119488 13123584 13127680 13131776 13136896 13140992 13160448 13176832 13185024 13189120 13221888 13242368 13255680 13259776 13267968 13272064 13304832 13308928 13316096 13320192 13365248 13369344 13434880 13459456 13628416 13635584 13640704 13644800 13721600 13725696 13754368 13758464 13934592 13938688 14069760 14077952 14110720 14114816 14118912 14123008 14127104 14139392 14140416 14509056 14643200 14647296 14897152 14901248 15097856 15101952 15118336 15122432 15364096 15368192 15523840 15527936 16248832 16252928 16424960 16429056
95 49 77824 81920 380928 385024 421888 495616 798720 802816 1007616 1011712 1015808 1019904 1048576 1052672 1949696 1957888 2363392 2367488 2420736 2424832 3600384 3604480 3760128 3764224 4304896 4308992 4366336 4374528 4689920 4694016 5062656 5066752 5500928 5505024 5513216 5517312 5521408 5525504 5726208 5730304 5738496 5742592 5771264 5775360 5873664 5877760 6180864 6184960 6324224 6332416 6529024 6537216 6828032 6832128 7020544 7024640 7102464 7106560 8699904 8708096 8720384 8728576 8765440 8769536 8794112 8798208 9928704 9932800 10280960 10285056 10305536 10309632 10313728 10317824 10338304 10342400 10620928 10625024 10747904 10878976 11173888 11177984 11485184 11558912 11853824 11866112 11898880 11907072 12562432 12582912 12582912 13438976 13721600 13725696 14995456 14999552 15151104 15155200
96 135 1052672 1085440 1110016 1118208 1130496 1138688 1179648 1187840 1200128 1204224 1220608 1228800 1253376 1261568 1339392 1343488 1359872 1363968 1376256 1380352 1470464 1474560 1490944 1495040 1511424 1515520 1540096 1544192 1560576 1564672 1568768 1581056 1593344 1597440 1646592 1650688 1654784 1658880 1662976 1667072 1675264 1687552 1716224 1720320 1761280 1765376 1798144 1802240 1822720 1826816 1859584 1863680 2011136 2015232 2076672 2080768 2101248 2109440 2134016 2138112 2220032 2224128 2252800 2256896 2260992 2265088 2273280 2277376 2297856 2306048 2392064 2396160 2420736 2424832 2482176 2486272 2519040 2523136 2531328 2535424 2539520 2543616 2572288 2576384 2633728 2637824 2727936 2732032 2781184 2785280 2813952 2818048 2834432 2838528 2846720 2850816 2854912 2859008 2863104 2867200 2908160 2912256 3018752 3022848 3072000 3076096 3080192 3084288 3129344 3133440 3166208 3170304 3190784 3194880 3198976 3203072 3215360 3223552 3231744 3235840 3268608 3276800 3334144 3338240 3530752 3629056 3637248 3641344 3768320 3772416 3784704 3788800 3796992 3801088 3825664 3829760 3837952 3842048 3846144 3850240 3870720 3874816 3964928 3969024 4018176 4022272 4030464 4034560 4050944 4055040 4128768 4194304 4194304 4263936 4268032 4272128 4284416 4288512 4313088 4321280 4333568 4341760 4399104 4403200 4427776 4431872 4448256 4452352 4456448 4460544 4505600 4509696 4534272 4538368 4595712 4599808 4661248 4665344 4775936 4784128 4849664 4853760 5046272 5066752 5070848 5087232 5091328 5095424 5103616 5115904 5120000 5140480 5144576 5156864 5160960 5165056 5251072 5312512 5386240 5390336 5529600 5533696 6139904 6144000 7127040 7135232 7221248 7237632 7991296 8056832 8716288 8720384 8908800 8912896 9105408 9109504 9248768 9261056 9342976 9347072 9408512 9412608 9465856 9469952 9777152 9781248 9822208 9826304 9883648 9891840 10461184 10465280 10469376 10473472 10477568 10481664 10764288 10768384 11206656 11210752 11276288 11280384 11689984 11694080 12009472 12013568 12021760 12029952 12128256 12132352 12156928 12161024 12447744 12460032 12464128 12472320 12505088 12529664 13381632 13385728 13615104 13619200 13791232 13795328 13991936 14266368 14512128 14516224 15622144 15626240
97 69 229376 245760 466944 471040 1163264 1167360 1609728 1613824 1646592 1658880 1949696 1953792 2420736 2424832 2506752 2510848 2686976 2691072 2727936 2732032 3264512 3268608 3756032 3768320 4272128 4276224 4423680 4427776 4562944 4669440 4726784 4730880 4878336 4882432 5029888 5033984 5132288 5140480 5283840 5287936 5636096 5640192 5730304 5734400 5967872 5971968 6332416 6336512 6443008 6447104 6492160 6496256 6545408 6549504 7700480 7704576 7950336 8065024 8589312 8712192 8933376 8937472 9236480 9240576 9441280 9445376 9596928 9601024 9670656 9674752 9814016 9818112 9916416 9920512 9957376 9961472 10006528 10010624 10039296 10043392 10199040 10203136 10346496 10350592 10354688 10358784 10498048 10502144 10555392 10559488 10620928 10625024 10784768 10788864 10821632 10825728 11042816 11137024 11436032 11440128 11747328 11751424 12156928 12161024 12226560 12230656 12316672 12320768 12632064 12636160 12726272 12730368 12865536 12869632 12963840 12967936 13135872 13139968 13164544 13172736 13197312 13201408 13217792 13225984 13443072 13447168 13492224 13496320 13635584 13701120 13824000 13828096 14405632 14409728 15089664 15101952 15753216 15896576
98 46 704512 708608 720896 729088 1179648 1183744 1699840 1703936 1912832 1916928 3141632 3149824 3317760 3325952 4075520 4083712 4572160 4682752 5369856 5447680 6139904 6144000 6262784 6266880 6844416 6856704 7274496 7290880 7589888 7593984 7745536 7749632 8015872 8019968 8388608 8392704 8421376 8425472 8769536 8888320 9428992 9433088 9461760 9469952 9539584 9543680 9555968 9658368 9666560 9699328 9715712 9719808 9936896 9940992 10121216 10125312 10207232 10211328 10575872 10579968 11452416 11456512 12161024 12165120 12599296 12603392 12800000 12804096 13070336 13074432 13086720 13090816 13103104 13107200 13119488 13123584 13135872 13139968 13156352 13160448 13340672 13348864 14090240 14094336 14340096 14344192 14581760 14585856 15548416 15552512 16060416 16064512
99 38 122880 131072 577536 581632 585728 593920 1757184 1761280 2424832 2428928 2801664 2805760 2957312 2965504 3088384 3104768 3108864 3219456 3424256 3543040 3743744 3747840 3756032 3760128 4259840 4263936 4481024 4542464 4939776 4943872 5390336 5398528 5545984 5550080 5849088 5853184 6094848 6098944 6303744 6307840 6385664 6389760 6758400 6762496 7671808 7675904 8220672 8224768 8699904 8704000 8978432 8994816 9142272 9146368 10010624 10014720 10256384 10260480 10739712 10743808 10747904 10752000 12263424 12267520 12316672 12414976 13168640 13176832 15585280 15589376 16253440 16254464 16257024 16273408 16465920 16474112
