#StripeID,rangenumber,BlockOffsetStart,BlockOffsetEnd
0 20 0 8192 16384 32768 49152 53248 61440 65536 69632 86016 90112 94208 106496 114688 143360 147456 155648 159744 163840 172032 188416 192512 225280 229376 249856 253952 385024 389120 393216 397312 401408 458752 458752 524288 524288 577536 630784 634880 647168 651264
1 27 12288 36864 45056 49152 69632 77824 126976 131072 192512 196608 221184 233472 253952 258048 262144 286720 290816 294912 303104 307200 311296 315392 331776 335872 344064 376832 393216 421888 471040 475136 479232 483328 499712 507904 520192 524288 528384 532480 540672 544768 552960 557056 585728 589824 606208 610304 618496 622592 626688 630784 634880 638976 643072 647168
2 22 24576 40960 57344 65536 65536 131072 131072 147456 163840 167936 180224 184320 188416 192512 196608 217088 237568 241664 245760 249856 286720 290816 315392 319488 331776 339968 348160 352256 376832 380928 385024 393216 450560 454656 466944 471040 548864 552960 602112 614400 622592 634880 651264 655360
3 13 4096 16384 28672 45056 69632 73728 77824 131072 131072 196608 196608 262144 262144 327680 327680 393216 393216 458752 458752 524288 524288 589824 589824 630784 643072 655360
4 14 0 65536 65536 102400 139264 147456 204800 208896 233472 237568 253952 262144 262144 266240 311296 315392 339968 344064 397312 405504 466944 471040 540672 544768 581632 589824 589824 593920
5 15 69632 81920 86016 90112 196608 217088 221184 237568 241664 245760 253952 262144 262144 266240 270336 290816 294912 307200 311296 315392 401408 458752 458752 500736 503808 507904 585728 589824 589824 593920
6 12 20480 24576 131072 143360 151552 155648 225280 241664 307200 323584 356352 376832 393216 458752 458752 512000 528384 532480 548864 552960 557056 561152 573440 577536
7 11 32768 36864 61440 65536 86016 131072 131072 196608 196608 262144 262144 327680 327680 393216 393216 458752 458752 524288 524288 528384 638976 643072
8 14 12288 16384 24576 28672 40960 45056 49152 57344 65536 69632 98304 102400 131072 196608 196608 200704 270336 327680 327680 393216 393216 458752 458752 524288 524288 589824 589824 655360
9 10 0 65536 65536 131072 131072 196608 196608 262144 262144 327680 327680 393216 393216 458752 458752 524288 524288 573440 589824 593920
10 9 24576 65536 65536 131072 208896 221184 278528 282624 422912 431104 462848 475136 552960 557056 589824 614400 638976 643072
11 11 32768 36864 110592 114688 126976 131072 131072 196608 196608 262144 262144 327680 327680 393216 393216 458752 458752 524288 524288 589824 589824 655360
12 10 0 65536 65536 131072 131072 196608 196608 262144 262144 327680 327680 393216 393216 458752 458752 524288 524288 589824 589824 655360
13 15 0 20480 32768 36864 73728 81920 110080 116736 208896 217088 229376 237568 290816 294912 311296 315392 348160 352256 360448 364544 401408 405504 409600 413696 573440 577536 606208 614400 618496 643072
14 9 32768 36864 192512 196608 196608 262144 262144 303104 430080 442368 446464 450560 487424 491520 495616 497152 524288 528384
15 18 32768 65536 65536 73728 122880 126976 151552 159744 184320 196608 196608 233472 245760 258048 278528 282624 286720 294912 352256 356352 385024 389120 397312 401408 409600 413696 417792 421888 471040 503808 507904 524288 524288 540672 643072 655360
16 17 4096 8192 20480 24576 36864 45056 69632 73728 86016 90112 114688 131072 131072 139264 147456 151552 167936 172032 200704 204800 217088 221184 237568 241664 278528 290816 413696 417792 475136 495616 610304 614400 651264 655360
17 11 0 4096 28672 32768 73728 77824 180224 184320 188416 196608 196608 249856 290816 299008 385024 393216 393216 397312 409600 413696 483328 487424
18 9 16384 20480 45056 49152 184320 188416 258048 262144 262144 274432 303104 307200 344064 385024 401408 405504 479232 495616
19 11 8192 24576 57344 61440 139264 143360 151552 167936 241664 262144 294912 327680 327680 393216 393216 458752 458752 524288 524288 589824 589824 655360
20 12 0 65536 65536 126976 143360 147456 192512 196608 196608 212992 249856 253952 319488 327680 327680 331776 405504 409600 471040 524288 524288 589824 589824 655360
21 11 0 65536 65536 131072 131072 143360 307200 311296 323584 327680 364544 372736 421888 425984 446464 458752 458752 524288 524288 589824 589824 655360
22 9 0 32768 86016 94208 118784 122880 167936 172032 380928 385024 397312 454656 524288 528384 532480 536576 561152 577536
23 18 4096 8192 53248 57344 65536 131072 143360 196608 196608 262144 262144 311296 331776 348160 360448 364544 389120 393216 409600 417792 425984 434176 446464 458752 458752 462848 499712 503808 540672 544768 614400 618496 626688 630784 635904 655360
24 14 0 5120 28672 36864 49152 65536 65536 131072 131072 143360 167936 172032 262144 266240 360448 364544 507904 512000 589824 593920 602112 606208 610304 626688 630784 634880 647168 651264
25 19 0 4096 12288 24576 28672 32768 40960 49152 53248 65536 65536 77824 81920 90112 114688 131072 131072 163840 167936 172032 184320 188416 200704 262144 262144 278528 327680 380928 393216 458752 458752 516096 520192 524288 524288 544768 606208 607232
26 10 53248 57344 65536 69632 188416 192512 204800 208896 214016 230400 372736 389120 405504 425984 581632 585728 618496 634880 638976 640000
27 12 8192 12288 45056 49152 69632 73728 98304 102400 163840 167936 208896 212992 221184 225280 229376 233472 274432 287744 516096 520192 529408 533504 561152 569344
28 17 0 49152 57344 65536 65536 73728 118784 131072 151552 152576 204800 208896 217088 221184 303104 315392 385024 389120 397312 401408 446464 447488 458752 462848 471040 472064 491520 499712 516096 524288 524288 589824 589824 655360
29 10 0 65536 65536 131072 131072 196608 196608 262144 262144 327680 327680 393216 393216 458752 458752 524288 524288 589824 589824 655360
30 9 0 65536 65536 131072 131072 196608 196608 262144 262144 327680 327680 393216 393216 458752 458752 507904 638976 640000
31 11 32768 36864 57344 61440 106496 131072 131072 196608 196608 262144 262144 327680 327680 393216 393216 458752 458752 524288 524288 589824 589824 655360
32 10 0 65536 65536 131072 131072 196608 196608 262144 262144 327680 327680 393216 393216 458752 458752 524288 524288 589824 589824 655360
33 10 0 65536 65536 131072 131072 196608 196608 262144 262144 327680 327680 393216 393216 458752 458752 524288 524288 589824 589824 655360
34 10 0 65536 65536 131072 131072 196608 196608 262144 262144 327680 327680 393216 393216 458752 458752 524288 524288 589824 589824 655360
35 12 0 65536 65536 122880 159744 172032 196608 204800 262144 266240 290816 294912 303104 327680 327680 348160 389120 393216 417792 421888 552960 557056 626688 630784
36 8 32768 45056 110592 126976 229376 249856 446464 458752 458752 462848 475136 479232 569344 573440 643072 651264
37 11 8192 12288 126976 131072 196608 200704 217088 221184 262144 266240 323584 327680 393216 409600 442368 446464 462848 524288 524288 589824 589824 655360
38 12 0 65536 65536 86016 135168 196608 196608 262144 262144 327680 327680 356352 364544 393216 393216 442368 462848 466944 507904 512000 516096 520192 565248 577536
39 14 40960 57344 73728 86016 147456 151552 192512 196608 196608 200704 253952 258048 262144 266240 311296 315392 319488 327680 327680 393216 393216 458752 458752 524288 524288 589824 589824 655360
40 12 0 65536 65536 131072 131072 135168 151552 159744 290816 294912 364544 368640 389120 393216 393216 458752 458752 503808 561152 562176 593920 598016 610304 618496
41 11 0 4096 20480 24576 114688 126976 131072 135168 172032 180224 200704 262144 262144 327680 327680 393216 393216 458752 458752 524288 524288 589824
42 11 28672 31744 118784 131072 139264 143360 155648 163840 184320 196608 196608 200704 266240 274432 499712 516096 565248 569344 573440 577536 598016 655360
43 10 65536 131072 131072 196608 196608 262144 262144 274432 294912 327680 327680 393216 393216 458752 458752 524288 524288 589824 589824 655360
44 8 0 65536 65536 131072 131072 196608 196608 262144 262144 327680 327680 393216 393216 409600 507904 516096
45 5 147456 159744 180224 188416 200704 208896 241664 245760 253952 258048
46 18 32768 36864 81920 86016 159744 163840 172032 180224 241664 245760 266240 274432 278528 303104 307200 311296 327680 331776 335872 339968 393216 397312 409600 413696 421888 430080 438272 442368 446464 454656 475136 524288 524288 589824 589824 655360
47 10 0 65536 65536 131072 131072 196608 196608 262144 262144 327680 327680 393216 393216 458752 458752 524288 524288 589824 589824 655360
48 10 0 65536 65536 131072 131072 196608 196608 262144 262144 327680 327680 393216 393216 458752 458752 524288 524288 589824 589824 655360
49 10 0 65536 65536 131072 131072 196608 196608 262144 262144 327680 327680 393216 393216 458752 458752 524288 524288 589824 589824 655360
50 10 0 65536 65536 131072 131072 196608 196608 262144 262144 327680 327680 393216 393216 458752 458752 524288 524288 589824 589824 655360
51 10 0 65536 65536 131072 131072 196608 196608 262144 262144 327680 327680 393216 393216 458752 458752 524288 524288 589824 589824 655360
52 10 0 65536 65536 131072 131072 196608 196608 262144 262144 327680 327680 393216 393216 458752 458752 524288 524288 589824 589824 655360
53 10 0 65536 65536 131072 131072 196608 196608 262144 262144 327680 327680 393216 393216 458752 458752 524288 524288 589824 589824 655360
54 7 0 65536 65536 131072 131072 196608 196608 221184 327680 331776 524288 589824 589824 655360
55 10 0 65536 65536 131072 131072 196608 196608 262144 262144 327680 327680 393216 393216 458752 458752 524288 524288 589824 589824 655360
56 10 0 65536 65536 131072 131072 196608 196608 262144 262144 327680 327680 393216 393216 458752 458752 524288 524288 589824 589824 655360
57 10 0 65536 65536 131072 131072 196608 196608 262144 262144 327680 327680 393216 393216 458752 458752 524288 524288 589824 589824 655360
58 10 0 65536 65536 131072 131072 196608 196608 262144 262144 327680 327680 393216 393216 458752 458752 524288 524288 569344 626688 630784
59 15 16384 20480 28672 36864 77824 94208 126976 131072 307200 311296 389120 393216 430080 434176 466944 471040 479232 483328 507904 512000 520192 524288 524288 528384 544768 548864 561152 564736 647168 655360
60 8 221184 225280 249856 253952 270336 274432 278528 282624 327680 331776 389120 393216 454656 458752 483328 487424
61 13 0 4096 32768 40960 65536 69632 90112 102400 180224 184320 258048 262144 339968 344064 393216 397312 487424 495616 512000 520192 532480 544768 573440 577536 598016 655360
62 16 0 65536 114688 118784 163840 167936 217088 218112 237568 241664 262144 266240 274432 278528 290816 294912 303104 307200 356352 360448 372736 376832 479232 483328 516096 517120 565248 573440 581632 585728 598016 602112
63 10 4096 40960 122880 131072 131072 196608 212992 225280 229376 233472 262144 266240 348160 352256 356352 360448 528384 532480 589824 593920
64 14 4096 32768 65536 69632 90112 131072 131072 167936 172032 176128 204800 212992 249856 253952 258048 262144 262144 327680 327680 393216 393216 458752 458752 524288 524288 589824 589824 655360
65 12 0 65536 65536 131072 131072 196608 196608 233472 270336 327680 327680 393216 393216 397312 413696 458752 458752 524288 524288 528384 544768 589824 589824 643072
66 11 188416 192512 200704 212992 286720 290816 360448 364544 393216 397312 425984 430080 475136 483328 485888 524288 524288 547328 634880 638976 647168 651264
67 13 4096 8192 40960 57344 73728 74752 147456 151552 184320 192512 258048 262144 274432 278528 372736 380928 442368 446464 458752 524288 524288 569344 573440 577536 610304 614400
68 11 4096 5120 16384 20480 106496 110592 114688 118784 163840 176128 253952 262144 368640 372736 413696 421888 442368 458752 458752 524288 565248 573440
69 13 126976 131072 151552 159744 192512 196608 208896 212992 274432 278528 397312 401408 405504 409600 421888 454656 458752 471040 524288 540672 573440 577536 581632 585728 589824 647168
70 11 0 4096 8192 16384 73728 77824 81920 86016 102400 110592 274432 286720 393216 409600 430080 458752 458752 483328 495616 499712 532480 536576
71 18 73728 77824 98304 102400 253952 258048 331776 335872 339968 348160 352256 356352 368640 393216 393216 405504 409600 421888 438272 442368 458752 480256 483328 495616 524288 528384 536576 540672 548864 552960 618496 622592 626688 630784 651264 652288
72 9 40960 65536 65536 69632 237568 241152 299008 307200 376832 393216 393216 458752 458752 524288 524288 589824 589824 655360
73 10 0 65536 65536 131072 131072 196608 196608 262144 262144 327680 327680 393216 393216 458752 458752 524288 524288 589824 589824 655360
74 10 0 65536 65536 131072 131072 196608 196608 262144 262144 327680 327680 393216 393216 458752 458752 524288 524288 589824 589824 655360
75 10 0 65536 65536 131072 131072 196608 196608 262144 262144 327680 327680 393216 393216 458752 458752 524288 524288 589824 589824 655360
76 10 0 65536 65536 131072 131072 196608 196608 262144 262144 327680 327680 393216 393216 458752 458752 524288 524288 589824 589824 655360
77 10 0 65536 65536 131072 131072 196608 196608 262144 262144 327680 327680 393216 393216 458752 458752 524288 524288 589824 589824 655360
78 10 0 65536 65536 131072 131072 196608 196608 262144 262144 327680 327680 393216 393216 458752 458752 524288 524288 589824 589824 655360
79 12 0 65536 65536 86016 102400 106496 135168 147456 155648 159744 188416 192512 294912 307200 323584 327680 389120 393216 438272 446464 466944 513024 561152 565248
80 12 20480 24576 98304 102400 122880 126976 249856 253952 294912 327680 327680 393216 393216 458752 458752 479232 491520 495616 507904 524288 524288 557056 598016 647168
81 13 4096 8192 36864 40960 135168 139264 163840 167936 208896 262144 262144 327680 327680 393216 393216 458752 458752 524288 524288 589824 589824 602112 618496 622592 643072 651264
82 8 65536 69632 90112 94208 372736 376832 385024 393216 446464 450560 520192 524288 524288 589824 589824 655360
83 19 0 20480 32768 40960 143360 147456 229376 262144 262144 266240 270336 274432 385024 389120 397312 409600 434176 442368 450560 458752 458752 462848 471040 475136 495616 507904 540672 544768 548864 552960 557056 569344 573440 577536 585728 589824 598016 602112
84 16 12288 20480 49152 53248 114688 118784 126976 131072 131072 143360 147456 151552 180224 184320 225280 229376 249856 253952 286720 327680 327680 348160 356352 360448 442368 446464 479232 524288 524288 589824 589824 655360
85 10 0 65536 65536 131072 131072 196608 196608 262144 262144 327680 327680 393216 393216 458752 458752 524288 524288 589824 589824 655360
86 10 0 65536 65536 131072 131072 192512 208896 212992 253952 258048 294912 299008 368640 372736 466944 471040 479232 483328 487424 488448
87 11 16384 20480 65536 106496 131072 151552 204800 262144 262144 319488 372736 380928 417792 421888 446464 450560 528384 532480 606208 614400 622592 626688
88 13 40960 45056 57344 61440 114688 118784 189440 196608 196608 197632 208896 221184 253952 258048 262144 294912 380928 393216 393216 458752 458752 524288 524288 589824 589824 655360
89 10 0 65536 65536 131072 131072 196608 196608 262144 262144 327680 327680 393216 393216 458752 458752 524288 524288 589824 589824 655360
90 18 0 65536 65536 131072 131072 196608 196608 258048 319488 323584 339968 344064 348160 352256 356352 360448 372736 376832 389120 393216 393216 397312 401408 405504 413696 421888 430080 434176 442368 446464 581632 585728 602112 606208 610304 611840
91 13 4096 20480 45056 53248 86016 90112 126976 131072 147456 151552 185344 196608 196608 262144 262144 327680 327680 393216 393216 458752 458752 495616 528384 548864 561152 573440
92 16 16384 20480 28672 32768 151552 155648 212992 214016 258048 262144 299008 307200 319488 327680 327680 352256 446464 450560 507904 512000 520192 524288 524288 540672 552960 561152 565248 569344 589824 593920 610304 626688
93 17 0 4096 24576 28672 118784 122880 180224 184320 229376 233472 241664 249856 262144 327680 327680 380928 393216 401408 405504 409600 413696 417792 430080 434176 446464 450560 462848 466944 479232 524288 524288 589824 589824 655360
94 11 0 65536 65536 115712 155648 168960 229376 233472 258048 262144 335872 339968 368640 385024 397312 458752 458752 524288 524288 589824 589824 655360
95 10 0 65536 65536 131072 131072 196608 196608 262144 262144 327680 327680 393216 393216 458752 458752 524288 524288 589824 589824 655360
96 7 0 65536 65536 131072 131072 196608 196608 262144 262144 327680 327680 393216 393216 454656
97 10 12288 20480 28672 36864 53248 57344 122880 131072 131072 139264 401408 438272 499712 512000 532480 536576 577536 581632 626688 630784
98 10 40960 45056 176128 196608 196608 204800 225280 229376 241664 245760 307200 327680 327680 393216 393216 434176 536576 589824 589824 626688
99 14 0 4096 118784 122880 135168 139264 159744 167936 212992 221184 262144 266240 282624 286720 303104 311296 335872 344064 421888 425984 442368 458752 458752 524288 524288 589824 589824 647168
