#StripeID,rangenumber,BlockOffsetStart,BlockOffsetEnd
0 59 0 356352 442368 446464 458752 471040 499712 503808 851968 1048576 1048576 1376256 1441792 1712128 1896448 1900544 1908736 2015232 2478080 2482176 2494464 2498560 2539520 2543616 2609152 2838528 2879488 3145728 3145728 3309568 3436544 3440640 3452928 3461120 3518464 3522560 3575808 3579904 3633152 3637248 3710976 3715072 3760128 3792896 4120576 4124672 4128768 4145152 4349952 4354048 4497408 4526080 4575232 4579328 4603904 4608000 4755456 4759552 4874240 4878336 4907008 4911104 5025792 5029888 5058560 5062656 5087232 5242880 5242880 5267456 5283840 5287936 5296128 5300224 5308416 5312512 5332992 5365760 5521408 5746688 5844992 5849088 5971968 6279168 6348800 6533120 6623232 6639616 6705152 6815744 6934528 7139328 7229440 7266304 7270400 7286784 7495680 7520256 7856128 7897088 7958528 7979008 8667136 8695808 8732672 8773632 8880128 8884224 9015296 9056256 9248768 9392128 9437184 10485760 10485760 11534336 11534336 12582912
1 56 0 1048576 1048576 2031616 2256896 2289664 2334720 2351104 2928640 3145728 3145728 3526656 3870720 3883008 3887104 3891200 4014080 4059136 4104192 4108288 4624384 4628480 4853760 4886528 4968448 5091328 5152768 5210112 5230592 5234688 5246976 5251072 5259264 5263360 5304320 5308416 5402624 5406720 5480448 5484544 5541888 5550080 5783552 5787648 5795840 5808128 5910528 5914624 5939200 5943296 5956608 5968896 6025216 6074368 6094848 6098944 6283264 6291456 6291456 6303744 6496256 6586368 7102464 7176192 7196672 7213056 7753728 7757824 7958528 8044544 8196096 8200192 8405504 8413696 8503296 8507392 8511488 8519680 8577024 8593408 8601600 8605696 8667136 8671232 8708096 8712192 8765440 9003008 9043968 9084928 9146368 9150464 9281536 9285632 9347072 9351168 9363456 9367552 9379840 9383936 9392128 9400320 9433088 9437184 9437184 10485760 10485760 11534336 11534336 12562432 12578816 12582912
2 45 0 4096 40960 45056 270336 286720 901120 917504 1110016 1171456 1519616 1545216 1646592 1695744 1744896 1761280 1794048 1798144 1851392 2056192 2088960 2097152 2097152 2105344 2207744 2387968 2535424 2551808 2670592 2686976 2875392 2876416 3289088 3293184 3411968 3469312 3780608 3784704 4050944 4087808 4177920 4194304 4194304 5242880 5242880 6291456 6291456 6524928 6742016 6778880 6815744 6848512 6914048 6918144 7249920 7340032 7340032 7413760 7500800 7504896 7700480 7704576 7798784 8065024 8081408 8085504 8097792 8105984 8179712 8183808 8540160 8675328 8810496 9437184 9437184 10485760 10485760 10543104 10657792 10674176 10752000 10756096 11358208 11374592 11386880 11534336 11534336 11546624 12312576 12402688
3 54 45056 61440 233472 245760 352256 421888 704512 708608 716800 720896 827392 843776 942080 958464 1228800 1232896 1392640 1638400 1662976 1679360 1765376 2097152 2097152 3072000 3125248 3145728 3145728 3203072 3239936 3244032 3497984 3510272 3543040 3588096 3592192 3596288 3600384 3612672 3624960 3911680 3932160 3936256 3997696 4071424 4190208 4194304 4612096 4661248 4792320 4968448 5136384 5152768 5156864 5160960 5287936 5472256 5578752 5586944 6123520 6139904 6266880 6291456 6291456 6393856 6414336 6463488 6529024 6533120 6594560 6598656 6696960 6701056 6819840 6836224 7020544 7081984 7094272 7340032 7340032 8388608 8388608 9437184 9437184 9596928 9711616 9715712 9740288 10100736 10321920 10485760 10485760 10498048 10514432 10518528 11153408 11165696 11440128 11444224 11538432 11542528 11735040 11743232 12070912 12075008 12189696 12193792 12337152 12353536
4 52 77824 81920 110592 114688 188416 319488 438272 442368 786432 1048576 1179648 1183744 1667072 1671168 1777664 1781760 2121728 2125824 2195456 2199552 2318336 2322432 2404352 2408448 2576384 2580480 2772992 2777088 3031040 3035136 3170304 3174400 3366912 3371008 3485696 3493888 3617792 3638272 3944448 3948544 4358144 4362240 4399104 4403200 4411392 4415488 4419584 4423680 4608000 4612096 4747264 4751360 4968448 4972544 5615616 5619712 6266880 6275072 6283264 6287360 6336512 6348800 6467584 6471680 6852608 6856704 7335936 7340032 7438336 7442432 7589888 7593984 8163328 8167424 8224768 8228864 8323072 8388608 8388608 8400896 8925184 8929280 9023488 9027584 9519616 9527808 10022912 10031104 11018240 11022336 11051008 11055104 11165696 11169792 11259904 11264000 11284480 11288576 11452416 11456512 11513856 11517952 11599872 11603968
5 44 745472 749568 917504 921600 946176 954368 1118208 1396736 1404928 1409024 1445888 1658880 1675264 1753088 1982464 1998848 2097152 3145728 3555328 3698688 4227072 4243456 4808704 4816896 4820992 4829184 5021696 5025792 5029888 5042176 5054464 5058560 5132288 5136384 5173248 5181440 5222400 5226496 5242880 5246976 5423104 5427200 5500928 5505024 5525504 5533696 5730304 5734400 5910528 5914624 5980160 5984256 6148608 6156800 6287360 6291456 6750208 6754304 7159808 7163904 7278592 7282688 7507968 7512064 7565312 7577600 7585792 7589888 7606272 7614464 7913472 7917568 8019968 8024064 9023488 9027584 9068544 9072640 9125888 9129984 9494528 9498624 10457088 10461184 10809344 10821632 12238848 12255232
6 102 237568 241664 262144 266240 593920 602112 684032 688128 729088 733184 921600 925696 1052672 1056768 1122304 1126400 1241088 1245184 1343488 1347584 1441792 1445888 1826816 1830912 1913344 1917440 2002944 2007040 2031616 2035712 2084864 2088960 2232320 2236416 2265088 2269184 2314240 2330624 2375680 2383872 2523136 2527232 2662400 2666496 2785280 2789376 2818048 2822144 2932736 2936832 3149824 3153920 3211264 3215360 3448832 3452928 3538944 3543040 3579904 3584000 3809280 3813376 3821568 3825664 3874816 3878912 3928064 3932160 4034560 4038656 4182016 4186112 4206592 4210688 4251648 4255744 4308992 4325376 4329472 4333568 4337664 4341760 4456448 4460544 4550656 4554752 4722688 4726784 4759552 4763648 4775936 4792320 4804608 4808704 4956160 4960256 4964352 4972544 5214208 5218304 5558272 5562368 5640192 5641216 5816320 5832704 6049792 6057984 6279168 6283264 6410240 6414336 7282688 7290880 7348224 7352320 7409664 7421952 7454720 7458816 7659520 7663616 8519680 8523776 8716288 8720384 9199616 9203712 9216000 9224192 9236480 9240576 9449472 9453568 9457664 9461760 9465856 9515008 9527296 9539584 9547776 9551872 9568256 9584640 9887744 9916416 10092544 10100736 10104832 10113024 10117120 10125312 10178560 10186752 10244096 10248192 10338304 10342400 10428416 10432512 10452992 10457088 10469376 10473472 10608640 10612736 10686464 10690560 10694656 10702848 10706944 10711040 10735616 10743808 10833920 10834944 10838016 10842112 10903552 10907648 10973184 10977280 11051008 11055104 11059200 11063296 11579392 11599872 11632640 11636736 11714560 11718656 11919360 11923456 11968512 11997184 12005376 12009472 12017664 12021760 12107776 12111872 12128256 12132352
7 119 53248 57344 659456 663552 724992 729088 737280 765952 901120 905216 966656 974848 1003520 1015808 1048576 1556480 1609728 1613824 1626112 1630208 1662976 1667072 1740800 1748992 1773568 1777664 1785856 1789952 1798144 1802240 1806336 1810432 1818624 1835008 1839104 1855488 1937408 1941504 1998848 2015232 2035712 2052096 2056192 2068480 2072576 2080768 2088960 2097152 2097152 2105344 2109440 2117632 2134016 2138112 2187264 2191360 2207744 2211840 2248704 2256896 2281472 2289664 2351104 2355200 2392064 2396160 2416640 2420736 2445312 2449408 2457600 2473984 2502656 2506752 2723840 2736128 3141632 3145728 3145728 3149824 3272704 3305472 3813376 3817472 4120576 4124672 4702208 4706304 4841472 4845568 4882432 4886528 5332992 5337088 5341184 5365760 5709824 5713920 5808128 5832704 5959680 5963776 6074368 6078464 6193152 6197248 6316032 6320128 6344704 6348800 6385664 6389760 6643712 6647808 6758400 6762496 7122944 7127040 7409664 7413760 7417856 7421952 7512064 7516160 7557120 7561216 7606272 7610368 7655424 7680000 7868416 7872512 7905280 7909376 7983104 7987200 8024064 8028160 8183808 8187904 8249344 8253440 8355840 8359936 8372224 8376320 8847360 8863744 8978432 8982528 9076736 9080832 9203712 9216000 9461760 9465856 9576448 9580544 9613312 9617408 9633792 9637888 9654272 9658368 9744384 9768960 9805824 9809920 9916416 9920512 9940992 9945088 9961472 9965568 10018816 10022912 10051584 10055680 10067968 10072064 10219520 10223616 10285056 10289152 10424320 10428416 10645504 10649600 10780672 10784768 11112448 11116544 11157504 11169792 11194368 11198464 11268096 11272192 11472896 11476992 11530240 11534336 11640832 11644928 11681792 11685888 11689984 11694080 11702272 11726848 11730944 11735040 11763712 11767808 11780096 11784192 11866112 11870208 11923456 11927552 11931648 11935744 11997184 12001280 12050432 12054528 12120064 12124160 12230656 12234752 12242944 12247040 12296192 12300288 12431360 12439552 12484608 12488704
8 69 0 4096 102400 106496 249856 253952 405504 409600 557056 561152 733184 737280 876544 913408 1011712 1015808 1060864 1064960 1081344 1085440 1110016 1114112 1216512 1220608 1617920 1622016 1994752 1998848 2142208 2146304 2355200 2359296 2904064 2908160 2940928 2945024 4734976 4739072 4861952 4866048 4997120 5005312 5156864 5160960 5173248 5177344 5201920 5206016 5406720 5414912 5812224 5816320 6377472 6381568 6713344 6725632 6856704 6860800 6868992 6873088 7335936 7340032 8167424 8171520 8302592 8306688 8368128 8372224 8388608 8392704 8421376 8425472 8433664 8437760 8572928 8577024 8949760 8953856 9015296 9089024 9154560 9170944 9396224 9400320 9699328 9707520 9875456 9879552 9895936 9900032 10321920 10326016 10342400 10346496 10358784 10362880 10399744 10403840 10473472 10477568 10506240 10510336 10661888 10665984 10743808 10747904 10854400 10858496 10893312 11034624 11063296 11067392 11173888 11177984 11218944 11223040 11268096 11272192 11304960 11309056 11333632 11337728 11501568 11505664 11608064 11612160 11870208 11874304 11882496 11886592 12267520 12271616 12316672 12320768 12378112 12382208 12398592 12402688
9 88 147456 151552 389120 393216 405504 409600 425984 430080 462848 466944 581632 593920 610304 614400 704512 708608 1101824 1105920 1130496 1134592 1773568 1781760 2162688 2179072 2187264 2191360 2400256 2412544 2416640 2420736 2502656 2506752 2519040 2527232 2531328 2539520 2719744 2723840 2809856 2813952 2876416 2937856 3284992 3317760 3543040 3547136 3796992 3801088 4005888 4018176 4198400 4206592 4210688 4214784 4972544 4980736 4984832 4993024 4997120 5009408 5013504 5021696 5025792 5038080 5042176 5054464 5058560 5066752 5070848 5074944 5079040 5083136 5087232 5091328 5095424 5099520 5238784 5242880 5300224 5304320 5541888 5545984 5652480 5656576 5906432 5922816 6246400 6250496 6406144 6410240 6496256 6500352 6508544 6512640 6520832 6529024 6545408 6549504 6590464 6610944 6828032 6832128 6950912 6955008 7073792 7077888 7110656 7340032 7340032 7749632 7831552 7835648 8007680 8015872 8040448 8044544 8048640 8073216 8077312 8085504 8249344 8253440 8486912 8491008 8544256 8548352 8560640 8564736 8581120 8585216 8777728 8794112 9035776 9039872 9084928 9089024 9138176 9142272 9187328 9191424 9236480 9240576 9551872 9555968 9670656 9674752 9703424 9707520 10088448 10092544 10244096 10248192 10543104 10547200 10604544 10608640 10768384 10772480 10891264 10899456 10907648 10911744 10997760 11001856 11137024 11141120 11452416 11456512 11632640 11710464 11907072 12333056 12361728 12365824 12439552 12443648
10 53 233472 237568 602112 606208 704512 708608 806912 811008 872448 876544 880640 1048576 1048576 1523712 2068480 2080768 2134016 2142208 2244608 2260992 2367488 2371584 2580480 2588672 2670592 2674688 2736128 2740224 3772416 3776512 4518912 4523008 5087232 5091328 5312512 5324800 5804032 5805056 6541312 6545408 7020544 7028736 7159808 7163904 7331840 7335936 9023488 9027584 9478144 9482240 9887744 9891840 10051584 10055680 10125312 10129408 10137600 10141696 10203136 10207232 10219520 10223616 10240000 10244096 10440704 10444800 10502144 10518528 10571776 10575872 10735616 10739712 10743808 10747904 10817536 10821632 10862592 10863616 10936320 10940416 10989568 10993664 11018240 11022336 11194368 11198464 11300864 11304960 11444224 11448320 11501568 11505664 11624448 11628544 11776000 11780096 11800576 11804672 11849728 11853824 12005376 12017664 12029952 12058624 12169216 12173312
11 50 77824 81920 356352 360448 503808 507904 552960 561152 577536 581632 737280 749568 962560 974848 978944 983040 1220608 1224704 1236992 1249280 1478656 1482752 1794048 1802240 1953792 1961984 2539520 2547712 2805760 2809856 2867200 2871296 2879488 2883584 3719168 3720192 3821568 3825664 3923968 3928064 4083712 4096000 4165632 4173824 4194304 4210688 4280320 4284416 4427776 4428800 4841472 4842496 5246976 5255680 5345280 5349376 5562368 5566464 5795840 5799936 5808128 5812224 5849088 5869568 6713344 6721536 7069696 7077888 7221248 7225344 7278592 7282688 7294976 7296000 7798784 7815168 8024064 8028160 8470528 8486912 8552448 8553472 9555968 9560064 9728000 10485760 10485760 10498048 10772480 10776576 11079680 11096064 11195904 11215360 11497472 11501568 11534336 11538432 11730944 11739136
12 60 66048 70144 135168 147456 152064 156160 160256 164352 172544 176640 197120 201216 204800 212992 246272 254464 270848 274944 287232 291328 328192 332288 381440 385536 389632 393728 406016 414208 442880 446976 541184 549376 1048576 1056768 1060864 1101824 1105920 1118208 1179648 1183744 1208320 1212416 1224704 1228800 1605632 1609728 1638400 1642496 1753088 1757184 2072576 2084864 2093056 2097152 2097152 2109440 2297856 2301952 2609152 2613248 2932736 2936832 3096576 3100672 3121152 3129344 3260416 3276800 3772416 3776512 3821568 3829760 3899392 3903488 4038656 4046848 4091904 4100096 4206592 4210688 4251648 4255744 4419584 4423680 4513792 4526080 5283840 5287936 6258688 6262784 6799360 6803456 7725056 7729152 9506816 9523200 9691136 9695232 9715712 9719808 9842688 9846784 9908224 9912320 10153984 10158080 10412032 10416128 10424320 10428416 10711040 10712064 11268096 11272192 12247040 12251136 12304384 12312576 12468224 12472320
13 56 8192 12288 45056 49152 90112 94208 151552 152576 241664 245760 393216 397312 540672 544768 561152 565248 925696 929792 1146880 1150976 1200128 1204224 1761280 1765376 1785856 1786880 1826816 1830912 1929216 1933312 2088960 2093056 2179072 2183168 2367488 2371584 2441216 3145728 3145728 4182016 4194304 4204032 4235264 4239360 4792320 4800512 4898816 4902912 5107712 5111808 5128192 5132288 5144576 5148672 5238784 5242880 5242880 5246976 5292032 5296128 5378048 5382144 5525504 5529600 5545984 5550080 5599232 5603328 5619712 5623808 5902336 5910528 6963200 6967296 7852032 7860224 7950336 7974912 8474624 8491008 8519680 8523776 9183232 9187328 9376768 9417728 9535488 9539584 9883648 9887744 9981952 9986048 10170368 10174464 10612736 10620928 11055104 11071488 11231232 11232256 11268096 11272192 11489280 11505664 11517952 11522048 11534336 11538432 11681792 11685888 12541952 12546048
14 65 8192 12288 118784 122880 180224 184320 782336 786432 1126400 1130496 1134592 1138688 1142784 1146880 1159168 1163264 1175552 1179648 1187840 1191936 1200128 1208320 1228800 1245184 1523712 1531904 1851392 1867776 2564096 2568192 2732032 2736128 2805760 2813952 3100672 3108864 3948544 3964928 4632576 4636672 4837376 4841472 5107712 5136384 5450240 6291456 6291456 7000576 7778304 7794688 8007680 8024064 8167424 8175616 8658944 8675328 8823296 8827392 8933376 8957952 8982528 8986624 9015296 9019392 9232384 9244672 9281536 9285632 9404416 9408512 9445376 9469952 9486336 9490432 9498624 9502720 9580544 9584640 9592832 9596928 9601024 9605120 9625600 9637888 9678848 9682944 9687040 9801728 9818112 9936896 9949184 10063872 10080256 10485760 10485760 10604544 10608640 10616832 10625024 10629120 10633216 10637312 10641408 10645504 10969088 10973184 11059200 11063296 11157504 11161600 11223040 11224064 11243520 11251712 11321344 11341824 11440128 11444224 11632640 11649024 11689984 11710464 11739136 11743232 11841536 11845632 12214272 12215296 12296192 12300288
15 97 118784 122880 151552 152576 188416 196608 303104 307200 315392 319488 376832 380928 446464 447488 471040 472064 475136 483328 561152 562176 696320 716800 724992 733184 1179648 1183744 1490944 1491968 1785856 1786880 1925120 1929216 1949696 1950720 2088960 2093056 2359296 2363392 2428928 2429952 2465792 2466816 2482176 2486272 2498560 2499584 2772992 2777088 2830336 2834432 2879488 2883584 2928640 2932736 3047424 3063808 3301376 3305472 3534848 3538944 3756032 3760128 4210688 4214784 4558848 4562944 4665344 4669440 4984832 4988928 5046272 5062656 5124096 5128192 5211136 5219328 5910528 5918720 5922816 5931008 6025216 6045696 6103040 6107136 6156288 6160384 6328320 6332416 6516736 6520832 6680576 6684672 6721536 6762496 6782976 6787072 6832128 6836224 6909952 6946816 6983680 6987776 7135232 7139328 7286784 7303168 7716864 7720960 7852032 7856128 8065024 8073216 8318976 8323072 8339456 8343552 8609792 8626176 8732672 8773632 9035776 9052160 9183232 9187328 9768960 9773056 9936896 9940992 10125312 10129408 10235904 10240000 10510336 10518528 10727424 10731520 10829824 10833920 10915840 10919936 10969088 10973184 11030528 11034624 11038720 11042816 11173888 11177984 11304960 11309056 11321344 11325440 11341824 11345920 11358208 11362304 11374592 11378688 11390976 11395072 11407360 11411456 11423744 11427840 11440128 11444224 11464704 11468800 11481088 11485184 11497472 11501568 11513856 11517952 11530240 11534336 11550720 11554816 11571200 11575296 11587584 11591680 11653120 11657216 11780096 11784192 11968512 11972608 12050432 12054528 12201984 12222464 12537856 12541952
16 42 28672 32768 147456 151552 409600 413696 647680 651776 684032 688128 704512 708608 745472 749568 1110016 1114112 1327104 1331200 1732608 1740800 2043904 2072576 2125824 2129920 2551808 2560000 2675712 2695680 2737152 2753024 2842624 2846720 3276800 3547136 3633152 3637248 4255744 4276224 4542464 4546560 4939776 4952064 4997120 5001216 5455872 5459968 5505024 5513216 6184960 6193152 6774784 6778880 7122944 7127040 7229440 7237632 7294976 7299072 7413760 7417856 7761920 7766016 8216576 8220672 8671232 8675328 9125888 9129984 9486336 9490432 9523200 9527296 10133504 10137600 10919936 10924032 10936320 10940416 11550720 11554816 11685888 11689984 11833344 11837440
17 154 294912 307200 790528 794624 1052672 1053696 1851392 1867776 2564096 2568192 2613248 2617344 2822144 2826240 3031040 3039232 4268032 4272128 4300800 4304896 4632576 4644864 4882432 4886528 5259264 5263360 5271552 5275648 5279744 5283840 5324800 5328896 5365760 5369856 5373952 5378048 5419008 5423104 5439488 5443584 5447680 5451776 5509120 5513216 5562368 5566464 5578752 5582848 5591040 5595136 5603328 5607424 5636096 5640192 5644288 5652480 5681152 5685248 5791744 5795840 5812224 5816320 5869568 5873664 5947392 5951488 5963776 5967872 5971968 5976064 5988352 5992448 6000640 6004736 6045696 6049792 6070272 6074368 6094848 6098944 6168576 6172672 6209536 6213632 6221824 6225920 6238208 6246400 6266880 6270976 6279168 6283264 6348800 6352896 6434816 6438912 6574080 6578176 6598656 6602752 6631424 6635520 6639616 6643712 6668288 6672384 6684672 6692864 6701056 6705152 6725632 6729728 6803456 6807552 6819840 6832128 6852608 6856704 6860800 6864896 6881280 6889472 6950912 6955008 6959104 6967296 6971392 6975488 6983680 6987776 7036928 7041024 7053312 7057408 7073792 7077888 7094272 7098368 7122944 7127040 7155712 7159808 7168000 7172096 7192576 7196672 7233536 7237632 7278592 7282688 7315456 7319552 7340032 7344128 7348224 7360512 7397376 7401472 7417856 7421952 7426048 7430144 7442432 7446528 7450624 7454720 7467008 7471104 7491584 7495680 7499776 7503872 7573504 7577600 7684096 7688192 7692288 7696384 7704576 7708672 7712768 7725056 7745536 7749632 7778304 7786496 7815168 7835648 7888896 7892992 7905280 7913472 8003584 8007680 8028160 8032256 8052736 8056832 8089600 8093696 8105984 8110080 8114176 8122368 8142848 8146944 8151040 8155136 8159232 8163328 8183808 8192000 8200192 8204288 8237056 8241152 8286208 8290304 8372224 8376320 8380416 8388608 8388608 8392704 8396800 8400896 8445952 8450048 8458240 8462336 8466432 8474624 8482816 8486912 8519680 8523776 8540160 8544256 8593408 8597504 8609792 8613888 8626176 8634368 8650752 8654848 8658944 8663040 8736768 8740864 8749056 8753152 8757248 8761344 8769536 8773632 8785920 8790016 8794112 8802304 8806400 8810496 8814592 8818688 8843264 8847360 8880128 8884224 8970240 8982528 8998912 9007104 9011200 9019392 9134080 9138176 9150464 9154560 9158656 9162752 9166848 9175040 9437184 9441280 9564160 9568256 9572352 9576448 9699328 9703424 9949184 9953280 10371072 10375168 11075584 11079680 11530240 11534336 11685888 11694080 12054528 12058624 12144640 12148736 12255232 12271616 12328960 12333056
18 44 45056 49152 376832 380928 393216 397312 925696 929792 999424 1003520 1048576 1052672 1384448 1384960 1388544 1392640 1589248 1613824 3096576 3145728 3145728 4194304 4194304 4292608 4382720 4386816 4591616 4603904 5132288 5160960 5165056 5177344 5450240 6291456 6291456 7000576 7241728 7245824 7487488 7491584 7802880 7811072 8437760 8441856 9441280 9449472 9453568 9469952 9474048 9502720 9515008 9535488 9568256 9572352 9764864 9773056 9891840 9895936 10211328 10215424 10301440 10313728 10612736 10616832 10665984 10670080 10715136 10719232 10874880 10883072 11112448 11116544 11329536 11337728 11534336 11538432 11689984 11694080 11706368 11710464 11755520 11763712 11780096 11788288 11907072 11915264 12189696 12193792
19 48 491520 495616 1126400 1134592 1236992 1245184 1474560 1478656 1662976 1667072 1835008 1851392 2207744 2220032 3133440 3137536 3223552 3235840 3608576 3616768 3964928 3981312 4501504 4509696 4521984 4534272 4972544 4980736 5144576 5160960 5558272 5591040 5603328 5607424 6266880 6270976 6463488 6467584 6475776 7340032 7340032 7528448 7581696 7585792 7704576 7712768 7745536 7749632 7839744 7843840 7979008 7987200 8216576 8220672 8564736 8585216 9007104 9027584 9093120 9097216 9166848 9170944 9355264 9363456 9445376 9461760 9478144 9494528 9641984 9658368 9674752 9691136 9932800 9936896 10461184 10469376 10518528 10522624 10735616 10743808 10895360 10899456 10903552 10907648 11104256 11112448 11227648 11235840 11628544 11632640 11710464 11714560 11771904 11776000 12423168 12451840
20 51 24576 32768 598016 602112 606208 614400 659456 663552 819200 823296 1073152 1077248 1110016 1114112 1433600 1441792 1576960 1581056 1601536 1605632 1777664 1781760 1867776 1871872 1912832 1916928 2011136 2019328 2285568 2297856 2510848 2514944 2555904 2560000 3035136 3043328 3362816 3379200 3383296 3391488 3403776 3407872 3465216 4194304 4194304 5173248 5275648 5279744 5296128 5300224 5365760 5373952 5832704 5840896 5996544 6000640 6234112 6238208 6709248 6722560 6811648 6815744 7082496 7086592 7270400 7274496 7299072 7303168 7409664 7413760 7544832 7548928 7553024 7557120 7757824 7761920 7974912 7979008 8163328 8167424 8216576 8224768 8294400 8310784 8749056 8753152 8904704 8925184 8929280 8974336 9338880 9342976 9580544 9584640 10485760 10502144 12095488 12111872 12275712 12279808 12460032 12464128
21 44 110592 114688 634880 659456 1163264 1167360 1413120 1441792 1540096 1556480 1650688 1667072 1712128 1724416 1822720 1826816 1835008 1851392 1867776 1871872 2674688 2678784 3002368 3006464 4571136 4579328 5120000 5124096 5464064 5465088 5591040 5592064 5603328 5604352 6066176 6074368 6352896 6356992 6365184 6369280 6619136 6643712 6762496 6766592 7098368 7106560 7225344 7229440 7389184 7393280 7720960 8093696 8429568 8433664 8507392 8511488 8720384 8724480 8806400 8814592 8888320 8892416 9105408 9109504 9240576 9244672 9371648 9375744 9433088 9437184 9539584 9560064 9908224 9920512 9965568 9969664 10661888 10665984 11206656 11223040 11796480 11821056 12238848 12242944 12439552 12451840 12460032 12464128
22 46 135168 139264 868352 880640 995328 999424 1044480 1048576 1048576 1105920 1204224 1216512 1331200 1335296 1368064 1380352 1490944 1503232 1597440 1622016 2646016 2650112 2818048 2830336 2908160 2920448 2924544 2936832 4153344 4157440 4186112 4194304 4194304 4210688 4214784 4218880 4534272 4538368 5476352 5480448 5709824 5722112 6242304 6254592 6451200 6455296 6680576 6688768 7266304 7307264 7393280 7397376 7766016 7770112 7913472 7917568 8290304 8298496 8318976 8323072 8597504 8601600 8962048 8970240 9330688 9334784 9801728 9805824 9969664 10006528 10493952 10498048 11173888 11177984 11259904 11264000 11317248 11321344 11554816 11558912 11874304 11878400 12099584 12103680 12136448 12144640 12328960 12341248 12455936 12460032 12529664 12582912
23 95 0 20480 90112 94208 106496 110592 221184 225280 565248 569344 1093632 1097728 1130496 1142784 1146880 1150976 1253376 1257472 1392640 1396736 1462272 1466368 1622016 1626112 2191360 2195456 2490368 2506752 2564096 2568192 2686976 2691072 3018752 3022848 3072000 3076096 3129344 3145728 3145728 3149824 3347456 3736576 3850240 3866624 4034560 4038656 4268032 4272128 4411392 4415488 4530176 4534272 4608000 4612096 4759552 4833280 4911104 4915200 4984832 4988928 5353472 5357568 5517312 5521408 5664768 5775360 6172672 6176768 6209536 6213632 6295552 6299648 6341120 6345216 6393856 6479872 6541824 6545920 6623232 6631424 6930432 6934528 7077888 7081984 7319552 7323648 7450624 7454720 7462912 7467008 7696384 7700480 7716864 7720960 7876608 7880704 7892992 7897088 8040448 8044544 8101888 8105984 8204288 8208384 8228864 8232960 8499200 8503296 8736768 8740864 8888320 8925184 9043968 9048064 9125888 9129984 9252864 9273344 9314304 9318400 9596928 9621504 9650176 9658368 10059776 10076160 10084352 10088448 10240000 10256384 10383360 10403840 10436608 10469376 10493952 10498048 10530816 10534912 10555392 10559488 10608640 10612736 10743808 10747904 10960896 10964992 11030528 11034624 11046912 11051008 11055104 11059200 11141120 11145216 11182080 11186176 11206656 11210752 11304960 11325440 11329536 11333632 11337728 11370496 11374592 11378688 11419648 11423744 11517952 11534336 11534336 11550720 11583488 11599872 11681792 11698176 11706368 11710464 11747328 11751424 11771904 11780096 11792384 11796480 11956224 11960320 12365824 12369920 12550144 12582912
24 82 0 12288 376832 393216 507904 524288 565248 569344 634880 745472 950272 983040 1048576 1064960 1069056 1101824 1159168 1163264 1245184 1261568 1277952 1294336 1323008 1327104 1343488 1347584 1368064 1372160 1589248 1593344 1613824 1675264 1736704 1740800 1748992 1757184 1769472 1802240 2207744 2215936 2252800 2269184 3006464 3010560 3117056 3121152 3174400 3178496 3272704 3276800 3428352 3436544 3448832 3452928 3653632 3670016 3846144 3854336 4018176 4026368 4067328 4071424 4276224 4280320 4358144 4390912 4546560 4550656 4767744 4771840 4837376 4841472 4866048 4890624 5222400 5230592 5664768 5779456 6008832 6012928 6123520 6127616 6336512 6340608 6578176 6590464 6619136 6623232 6651904 6656000 6684672 6688768 6750208 6770688 7200768 7204864 7274496 7307264 7335936 7336960 7405568 7409664 7577600 7581184 7643136 7647232 7700480 7733248 7847936 7880704 7979008 7983104 8245248 8249344 8482816 8486912 8617984 8626176 8675328 8683520 8708096 8724480 8728576 8736768 8765440 8810496 8830976 8839168 8851456 9437184 9437184 9834496 10031104 10035200 10076160 10080256 10227712 10235904 10469376 10485760 10571776 10575872 10747904 10752000 11419648 11423744 11481088 11501568 11538432 11550720 11587584 11591680 11599872 11603968 11698176 11710464 11800576 11804672 12128256 12132352 12173312 12206080 12345344 12361728
25 107 147456 180224 319488 335872 458752 491520 503808 507904 647168 651264 688128 720896 1097728 1130496 1425408 1429504 1581056 1585152 1638400 1671168 1708032 1716224 1802240 1818624 1835008 1839104 1998848 2015232 2031616 2035712 2093056 2097152 2142208 2146304 2170880 2359296 2441216 2473984 2478080 2482176 2564096 2568192 2596864 2600960 2605056 2609152 2633728 2641920 2723840 2727936 2744320 2748416 2850816 2883584 2965504 2998272 3076096 3100672 3731456 3735552 3805184 3809280 3821568 3825664 4091904 4096000 4145152 4161536 4276224 4280320 4833280 4849664 5029888 5046272 5226496 5242880 5283840 5287936 5320704 5324800 5373952 5378048 5423104 5427200 5550080 5554176 5668864 5672960 5783552 5799936 5865472 5881856 6078464 6111232 6123520 6127616 6197248 6205440 6365184 6369280 6389760 6393856 6529024 6533120 6594560 6602752 6606848 6610944 6615040 6619136 6762496 6766592 6819840 6823936 6832128 6864896 6934528 6946816 7061504 7077888 7135232 7139328 7155712 7159808 7303168 7307264 7335936 7340032 7389184 7405568 7450624 7454720 7577600 7581696 7614464 7618560 7696384 7700480 7811072 7815168 7852032 7958528 8048640 8052736 8060928 8069120 8228864 8232960 8323072 8327168 8372224 8380416 8384512 8388608 8388608 8392704 8589824 8643072 8716288 8720384 8749056 8753152 8908800 8912896 8970240 8990720 9031680 9035776 9109504 9125888 9248768 9261056 9265152 9269248 9338880 9355264 9396224 9400320 9404416 9408512 9437184 9461760 9879552 9895936 10092544 10096640 10235904 10244096 10588160 10592256 10633216 10665984 10731520 10735616 11108352 11124736 11313152 11317248 11333632 11337728 11436032 11468800 11534336 11538432 11743232 11751424 12009472 12013568 12349440 12353536 12402688 12406784 12566528 12582912
26 89 0 16384 86016 90112 110592 114688 155648 159744 176128 180224 192512 196608 208896 212992 225280 229376 241664 245760 258048 299008 311296 315392 327680 331776 380928 385024 397312 401408 516096 520192 536576 540672 557056 589824 733184 737280 753664 786432 991232 995328 1294336 1298432 1540096 1572864 1642496 1646592 1929216 1933312 2260992 2265088 2269184 2277376 2478080 2482176 2519040 2539520 2580480 2584576 2678784 2748416 2973696 2977792 3092480 3145728 3145728 3457024 3604480 3608576 3883008 3915776 4399104 4403200 4800512 4816896 4857856 4861952 5242880 5246976 5312512 5316608 5332992 5337088 5640192 5644288 5681152 5689344 5767168 5771264 5914624 5918720 5996544 6029312 6111232 6144000 6221824 6225920 6254592 6258688 6430720 6438912 6676480 6680576 6709248 6713344 6848512 6881280 6930432 6963200 6975488 6979584 7122944 7127040 7131136 7135232 7143424 7159808 7438336 7442432 7598080 7602176 7794688 8388608 8388608 8523776 8810496 8884224 9125888 9158656 9310208 9314304 9433088 9437184 9437184 9453568 9461760 9465856 9736192 9740288 9752576 9756672 9859072 9863168 10256384 10289152 10309632 10313728 10338304 10346496 10485760 10489856 10493952 10498048 10584064 10588160 10604544 10616832 10698752 10731520 10907648 10911744 11026432 11030528 11276288 11280384 11382784 11390976 11419648 11436032 11534336 11546624 11988992 11993088 12042240 12075008 12148736 12152832 12451840 12484608
27 38 98304 114688 172032 180224 638976 655360 880640 884736 2924544 2940928 3473408 3502080 3735552 3751936 4227072 4243456 5238784 5242880 5468160 5476352 5558272 5562368 5865472 5881856 6291456 6373376 6426624 6430720 6569984 6586368 6590464 6594560 6782976 6791168 6979584 6983680 7155712 7159808 7290880 7340032 7340032 7364608 7536640 7565312 8069120 8081408 8368128 8388608 8388608 9244672 9433088 9437184 9437184 9441280 9445376 9453568 9527296 9531392 9650176 9666560 9809920 9814016 10649600 10653696 10719232 10720768 10801152 10805248 10956800 10960896 11829248 11845632 12156928 12161024 12550144 12582912
28 317 114688 131072 196608 200704 557056 573440 610304 618496 663552 667648 1015808 1032192 1073152 1085440 1089536 1093632 1130496 1138688 1200128 1204224 1216512 1228800 1253376 1261568 1339392 1343488 1359872 1363968 1372160 1380352 1470464 1474560 1490944 1495040 1507328 1544192 1560576 1564672 1572864 1576960 1646592 1650688 1654784 1658880 1662976 1667072 1679360 1687552 1695744 1699840 1716224 1724416 1761280 1765376 1798144 1802240 1822720 1835008 1871872 1900544 1933312 1937408 1974272 2064384 2084864 2088960 2101248 2109440 2134016 2142208 2220032 2224128 2260992 2265088 2273280 2277376 2281472 2285568 2297856 2306048 2412544 2416640 2420736 2424832 2473984 2490368 2519040 2523136 2531328 2535424 2539520 2543616 2572288 2576384 2727936 2732032 2740224 2744320 2781184 2785280 2834432 2838528 2846720 2850816 2854912 2859008 2863104 2867200 2908160 2912256 2949120 2953216 3018752 3022848 3072000 3076096 3080192 3084288 3129344 3133440 3198976 3203072 3215360 3223552 3231744 3235840 3268608 3276800 3334144 3338240 3403776 3407872 3489792 3493888 3518464 3629056 3637248 3641344 3686400 3702784 3768320 3772416 3784704 3788800 3792896 3801088 3825664 3829760 3837952 3842048 3846144 3850240 3870720 3874816 3936256 3940352 3964928 3969024 4009984 4014080 4018176 4022272 4030464 4034560 4050944 4055040 4079616 4083712 4087808 4091904 4112384 4116480 4128768 4194304 4194304 4251648 4268032 4272128 4292608 4313088 4333568 4341760 4382720 4390912 4399104 4403200 4427776 4431872 4448256 4452352 4456448 4460544 4505600 4509696 4534272 4538368 4595712 4599808 4661248 4665344 4673536 4677632 4698112 4702208 4775936 4784128 4849664 4853760 4956160 4960256 5046272 5066752 5070848 5087232 5091328 5095424 5103616 5115904 5120000 5140480 5144576 5156864 5160960 5165056 5251072 5312512 5341184 5345280 5386240 5390336 5525504 5533696 5627904 5636096 5652480 5685248 5718016 5754880 5984256 5988352 6045696 6049792 6082560 6090752 6213632 6217728 6258688 6262784 6348800 6352896 6500352 6504448 6537216 6545408 6602752 6635520 6651904 6656000 6803456 6807552 6873088 6877184 6959104 6963200 6995968 7000064 7110656 7114752 7127040 7135232 7221248 7237632 7262208 7270400 7274496 7278592 7450624 7454720 7458816 7462912 7491584 7495680 7606272 7610368 7905280 7909376 7991296 8056832 8224768 8228864 8241152 8273920 8359936 8364032 8814592 8818688 8908800 8912896 8982528 9437184 9437184 9441280 9445376 9457664 9465856 9469952 9490432 9494528 9498624 9506816 9510912 9515008 9539584 9551872 9555968 9560064 9572352 9576448 9584640 9588736 9592832 9596928 9601024 9605120 9621504 9633792 9637888 9650176 9658368 9662464 9695232 9699328 9707520 9711616 9728000 9732096 9760768 9773056 9785344 9797632 9801728 9818112 9822208 9834496 9838592 9846784 9859072 9863168 9871360 9875456 9879552 9883648 9887744 9891840 9908224 9912320 9916416 9920512 9936896 9945088 9949184 9953280 9977856 9981952 9986048 9994240 10010624 10014720 10035200 10043392 10076160 10088448 10096640 10100736 10108928 10113024 10129408 10133504 10137600 10141696 10145792 10153984 10178560 10182656 10207232 10223616 10235904 10244096 10248192 10252288 10256384 10260480 10276864 10285056 10309632 10313728 10317824 10326016 10330112 10334208 10346496 10350592 10354688 10362880 10371072 10407936 10416128 10436608 10440704 10444800 10448896 10452992 10461184 10473472 10477568 10485760 10485760 10489856 10502144 10510336 10534912 10539008 10551296 10559488 10567680 10608640 10612736 10625024 10629120 10633216 10645504 10653696 10665984 10674176 10678272 10719232 10727424 10731520 10739712 10743808 10747904 10752000 10756096 10760192 10768384 10772480 10780672 10788864 10797056 10813440 10829824 10833920 10842112 10846208 10850304 10854400 10866688 10878976 10887168 10891264 10895360 10899456 10903552 10907648 10932224 10936320 10940416 10985472 10993664 10997760 11001856 11018240 11022336 11071488 11075584 11083776 11100160 11104256 11124736 11128832 11137024 11141120 11145216 11149312 11153408 11173888 11177984 11182080 11194368 11198464 11206656 11227136 11231232 11239424 11247616 11251712 11255808 11259904 11276288 11304960 11345920 11350016 11354112 11362304 11370496 11386880 11395072 11403264 11407360 11411456 11431936 11436032 11456512 11460608 11464704 11472896 11481088 11485184 11497472 11522048 11526144 11530240 11534336 11538432 11542528 11546624 11554816 11558912 11563008 11567104 11571200 11575296 11579392 11583488 11591680 11616256 11620352 11624448 11628544 11640832 11644928 11649024 11661312 11665408 11673600 11677696 11685888 11698176 11710464 11730944 11780096 11784192 11796480 11804672 11808768 11812864 11837440 11841536 11849728 11853824 11862016 11870208 11882496 11886592 11890688 11894784 11902976 11907072 11915264 11931648 11943936 11948032 11952128 11968512 11997184 12001280 12005376 12013568 12017664 12038144 12046336 12050432 12058624 12066816 12075008 12107776 12120064 12124160 12140544 12144640 12156928 12189696 12193792 12197888 12206080 12210176 12226560 12242944 12255232 12259328 12263424 12271616 12275712 12283904 12312576 12316672 12320768 12328960 12357632 12361728 12390400 12398592 12410880 12419072 12427264 12431360 12439552 12443648 12447744 12460032 12464128 12472320 12480512 12484608 12496896 12500992 12505088 12529664 12533760 12537856 12546048 12550144 12578816 12582912
29 138 8192 12288 36864 40960 49152 53248 69632 73728 110592 118784 122880 126976 143360 147456 172032 176128 200704 204800 212992 237568 241664 262144 290816 294912 299008 307200 311296 315392 327680 331776 348160 352256 364544 368640 372736 376832 380928 385024 389120 393216 401408 405504 409600 413696 425984 446464 450560 454656 458752 462848 466944 471040 475136 483328 491520 495616 544768 552960 557056 569344 573440 577536 581632 593920 602112 618496 659456 663552 667648 684032 716800 720896 745472 757760 798720 802816 835584 839680 847872 849408 950272 966656 1024000 1028096 1032192 1036288 1142784 1159168 1351680 1355776 1360896 1491968 1548288 1552384 1691648 1695744 1929216 1937408 1966080 1974272 2084864 2088960 2232320 2236416 2301952 2306048 2437120 2445312 2490368 2494464 2527232 2531328 2654208 2658304 2752512 2756608 3219456 3223552 3248128 3252224 3371008 3375104 3555328 3571712 3575808 3579904 3637248 3653632 3919872 3928064 3948544 3952640 3956736 3960832 3964928 3969024 3981312 4014080 4046848 4063232 4124672 4128768 4141056 4149248 4190208 4194304 4194304 4206592 4214784 4218880 4341760 4374528 4452352 4456448 4567040 4571136 4603904 4636672 4833280 4837376 4960256 4964352 5001216 5005312 5079040 5111808 5140480 5144576 5287936 5292032 5308416 5312512 5332992 5337088 5390336 5394432 5484544 5505024 5599232 5603328 5652480 5911552 5931008 5935104 6049792 6053888 6066176 6070272 6107136 6115328 6123520 6127616 6205440 6209536 6299648 6303744 6515200 6576640 6623232 6627328 6799360 6815744 6922240 6926336 7471104 7479296 7495680 7512064 7618560 7626752 7634944 7667712 7684096 7716864 7933952 7942144 8060928 8093696 8376320 8388608 8388608 8400896 8441856 8445952 8486912 8503296 8564736 8568832 8572928 8577024 8585216 8589312 8601600 8605696 8687616 8691712 8695808 8716288 8757248 8863744 8949760 8953856 9146368 9150464 9162752 9166848 9256960 9273344 9482240 9486336 9695232 9699328 9740288 9744384 10162176 10166272 10371072 10403840 10436608 10452992 10469376 10477568 10518528 10551296 10637312 10641408 10788864 11534336 11534336 11669504 11730944 11735040 12144640 12259328 12533760 12550144
30 65 0 4096 32768 36864 200704 323584 421888 446464 569344 573440 602112 606208 733184 737280 770048 802816 942080 946176 950272 954368 978944 987136 1495040 1499136 1507328 1540096 1720320 1724416 1982464 1986560 2023424 2027520 2555904 2588672 2650112 2748416 2772992 2781184 3309568 3313664 3452928 3461120 4128768 4145152 4218880 4222976 4313088 4317184 4341760 4345856 4370432 4407296 4464640 4468736 4505600 4509696 4571136 4603904 4653056 4657152 4718592 4751360 4788224 4792320 4845568 4849664 4931584 4935680 4947968 4952064 4980736 5128192 5214208 5218304 5246976 5312512 5410816 5419008 5603328 5607424 5947392 5951488 6066176 6070272 6082560 6086656 6098944 6103040 6242304 6246400 6258688 6262784 6340608 6344704 6541312 6549504 6742016 6746112 6758400 6762496 7364608 7507968 7520256 7536640 8392704 8396800 8589312 8593408 8921088 8925184 9441280 9449472 9453568 9498624 9515008 9519104 9527296 9531392 9535488 10485760 10485760 11177984 11431936 11436032 11534336 11538432 11706368 11714560 11862016 11878400
31 54 192512 196608 377856 488448 1175552 1253376 2031616 2039808 2068480 2072576 2682880 2686976 2703360 2719744 3039232 3043328 3620864 3624960 3637248 3641344 3682304 3686400 3715072 3739648 3821568 3825664 4575232 4694016 5234688 5238784 5263360 5275648 5361664 5464064 5472256 5505024 5914624 5918720 5926912 5931008 6393856 6397952 6475776 6500352 6508544 6520832 6893568 6897664 7311360 7319552 7368704 7372800 7598080 7602176 7737344 7741440 7860224 7864320 7917568 7933952 7966720 7970816 8060928 8073216 8445952 8466432 8777728 8781824 9011200 9015296 9035776 9039872 9072640 9076736 9138176 9142272 9146368 9154560 9908224 9912320 9949184 9953280 10145792 10149888 10244096 10248192 10289152 10293248 10321920 10326016 10596352 10604544 10788864 10792960 11091968 11096064 11100160 11108352 11354112 11358208 11546624 11554816 11841536 11845632 12054528 12058624 12316672 12320768
32 45 8192 12288 122880 131072 462848 466944 688128 720896 770048 774144 802816 806912 917504 921600 1036288 1040384 1130496 1146880 1171456 1175552 1191936 1196032 1343488 1376256 1646592 1650688 1974272 1994752 2101248 2105344 2400256 2404352 3108864 3145728 3145728 3219456 3424256 3543040 3743744 3747840 3756032 3760128 4481024 4542464 4689920 4698112 5005312 5009408 5390336 5394432 5427200 5431296 5869568 5873664 6094848 6098944 6901760 6905856 6918144 7061504 7364608 7376896 8015872 8019968 8167424 8171520 8318976 8323072 8470528 8474624 8622080 8626176 8699904 8704000 9859072 9871360 10739712 10743808 10747904 10752000 11108352 11112448 11382784 11399168 11874304 11878400 12013568 12017664 12316672 12414976
33 33 352256 360448 536576 540672 1646592 1650688 2396160 2400256 3002368 3006464 3018752 3022848 3674112 3686400 3694592 3698688 4190208 4194304 4194304 4210688 4636672 4644864 4820992 4825088 5320704 5324800 5672960 5677056 5804032 5808128 6283264 6287360 6426624 6430720 6537216 6541312 6557696 6896128 6987776 6991872 7155712 7159808 8519680 8638464 8912896 9310208 9646080 9666560 10227712 10235904 10301440 10313728 10485760 10502144 11104256 11108352 11202560 11206656 11276288 11280384 11976704 11980800 12382208 12398592 12406784 12410880
34 117 540672 544768 937984 942080 1044480 1048576 1048576 1052672 1105920 1110016 1118208 1122304 1126400 1134592 1142784 1146880 1179648 1196032 1298432 1302528 1351680 1355776 1433600 1437696 1449984 1454080 1458176 1462272 1527808 1531904 1601536 1605632 1687552 1691648 1765376 1773568 1867776 1871872 1884160 1888256 1933312 1937408 1941504 1945600 1998848 2002944 2035712 2043904 2076672 2080768 2109440 2113536 2142208 2146304 2150400 2154496 2187264 2191360 2265088 2269184 2285568 2289664 2310144 2314240 2367488 2371584 2400256 2404352 2514944 2523136 2543616 2547712 2568192 2572288 2617344 2625536 2666496 2670592 2715648 2719744 2760704 2768896 2772992 2777088 2818048 2822144 2830336 2834432 2850816 2854912 2985984 2990080 3051520 3055616 3072000 3080192 3092480 3096576 3108864 3112960 3121152 3125248 3149824 3158016 3289088 3293184 3321856 3325952 3383296 3387392 3461120 3465216 3497984 3502080 3514368 3518464 3538944 3543040 3584000 3588096 3629056 3637248 3727360 3731456 3751936 3760128 3821568 3825664 3842048 3846144 3874816 3878912 3952640 3956736 3977216 3981312 4001792 4005888 4018176 4022272 4059136 4063232 4100096 4104192 4124672 4128768 4165632 4169728 4186112 4190208 4194304 4198400 4218880 4227072 4313088 4321280 4325376 4329472 4390912 4599808 4636672 4640768 4644864 4648960 4710400 4714496 4751360 4755456 4759552 4763648 4775936 4796416 4808704 4816896 4837376 4841472 4939776 4960256 4968448 4972544 4997120 5001216 5013504 5144576 5169152 5173248 5177344 5185536 5574656 5578752 7856128 7864320 7966720 7970816 7999488 8003584 8388608 8392704 8478720 8486912 8724480 8728576 9388032 9392128 9494528 9502720 9515008 9535488 10327040 10331136 10412032 10416128 10474496 10478592 10653696 10657792 10662912 10667008 10825728 10829824 10888192 10892288 11632640 11649024 11849728 11853824 12386304 12390400 12398592 12402688 12455936 12464128 12550144 12554240
35 64 81920 86016 196608 200704 208896 212992 217088 225280 237568 245760 323584 327680 458752 462848 573440 606208 622592 626688 696320 700416 831488 835584 1040384 1044480 1126400 1130496 1388544 1392640 1458176 1474560 2015232 2064384 2097152 2105344 2170880 2174976 2326528 2330624 2478080 2482176 2629632 2633728 2785280 2789376 2830336 2834432 2973696 2977792 3035136 3039232 3084288 3088384 3133440 3137536 3268608 3272704 3342336 3346432 3366912 3371008 3416064 3420160 3465216 3469312 3518464 3522560 3567616 3571712 3616768 3624960 3674112 3678208 3739648 3743744 3784704 3788800 3878912 3883008 3932160 3936256 3981312 3985408 4272128 4276224 4325376 4329472 4374528 4378624 4714496 4718592 4808704 4812800 4833280 4837376 4931584 4943872 5132288 5136384 5140480 5148672 5230592 5234688 5292032 5308416 5996544 6000640 6021120 6025216 7208960 7213056 7221248 7229440 9433088 9437184 9490432 9494528 9506816 9515008 9797632 9801728 10366976 10371072 10395648 10399744 11526144 11530240 12484608 12500992
36 45 495616 503808 942080 946176 1052672 1056768 1077248 1085440 1089536 1093632 1114112 1130496 1179648 1183744 1187840 1191936 1204224 1208320 1212416 1216512 1220608 1228800 1257472 1261568 1298432 1302528 1359872 1363968 1376256 1380352 1409024 1413120 1421312 1425408 1449984 1454080 1482752 1486848 1552384 2097152 2097152 2813952 2883584 2985984 3022848 3067904 3145728 3489792 3600384 3604480 3919872 3928064 4337664 4349952 5148672 5156864 5242880 5246976 5296128 5300224 5496832 5500928 5779456 5783552 6426624 6430720 6832128 6840320 6983680 6991872 7340032 7344128 7467008 7475200 8282112 8286208 8695808 8704000 9383936 9388032 9838592 9842688 11079680 11083776 11116544 11120640 11268096 11272192 11280384 11284480
37 29 1417216 1421312 1449984 1454080 1536000 1540096 1667072 1683456 1912832 1921024 2551808 2752512 2834432 2842624 3063808 3145728 3145728 4194304 4194304 4792320 5259264 5263360 5341184 5349376 6275072 6279168 6955008 6959104 7839744 7843840 8306688 8323072 8372224 8376320 8454144 8458240 8527872 8531968 9334784 9338880 9678848 9682944 10117120 10121216 10576896 10626048 10842112 10846208 11452416 11464704 11649024 11653120 11689984 11694080 11722752 11735040 12513280 12525568
38 49 69632 73728 81920 1048576 1126400 1134592 1470464 1474560 1572864 1576960 2019328 2023424 2244608 2252800 2482176 2490368 2801664 2818048 3146240 3150336 3170816 3174912 3923968 3928064 4260352 4264448 4825088 4833280 5337088 5341184 5521408 5529600 5533696 5541888 5591040 5595136 6787584 6791680 7327744 7331840 7409664 7413760 7618560 7622656 7991296 7999488 8388608 8392704 8495104 8503296 8753152 8769536 9469952 9474048 9519104 9527296 9531392 9535488 9568256 9572352 9576448 9580544 9584640 9588736 9592832 9596928 9822208 9826304 9863168 9867264 9904128 9908224 10035200 10039296 10067968 10072064 10203136 10207232 10518528 10526720 10563584 10567680 10588160 10592256 11014144 11018240 11296768 11300864 11620352 11624448 11653120 11657216 11948032 11952128 11976704 11988992 12386304 12402688
39 128 86016 90112 245760 253952 356352 364544 569344 577536 581632 598016 765952 770048 888832 909312 1216512 1220608 1314816 1318912 1974272 1978368 2125824 2134016 2147328 2159616 2396160 2400256 2478080 2486272 2531328 2539520 2625536 2629632 2637824 2658304 2666496 2686976 2863104 2867200 2916352 2928640 3104768 3108864 3145728 3149824 3186688 3190784 3219456 3223552 3235840 3239936 3289088 3293184 3305472 3309568 3317760 3321856 3330048 3338240 3354624 3358720 3371008 3375104 3383296 3391488 3403776 3407872 3420160 3424256 3428352 3432448 3436544 3440640 3452928 3457024 3465216 3469312 3477504 3485696 3497984 3502080 3510272 3518464 3526656 3534848 3563520 3567616 3661824 3665920 3866624 3870720 3977216 3981312 4149248 4153344 4182016 4186112 4194304 4198400 4206592 4210688 4227072 4231168 4235264 4239360 4239872 4243968 4284416 4288512 4337664 4341760 4386816 4390912 4391424 4395520 4407808 4411904 4435968 4440064 4506112 4510208 4518400 4522496 4530688 4534784 4575232 4583424 4600320 4604416 4760064 4764160 4801024 4805120 4817408 4821504 4846080 4850176 4853760 4857856 4903424 4907520 4944384 4948480 4956160 4960256 4960768 4964864 5022208 5026304 5050880 5054976 5058560 5062656 5108224 5112320 5124608 5128704 5136896 5140992 5202432 5206528 5259776 5263872 5276160 5280256 5321216 5341184 5353472 5369856 5373952 5378048 5382144 5386240 5394944 5399040 5415424 5419520 5427712 5431808 5484544 5488640 5575168 5579264 5603328 5607424 5652480 5656576 5673472 5815296 5820416 5824512 5898240 5902336 5906432 5910528 5926912 5931008 6037504 6041600 6176768 6180864 6193152 6197248 6291456 6295552 6344704 6348800 6668288 6795264 6803456 6807552 7069696 7073792 7311360 7315456 7516160 7520256 7684096 7700480 7761920 7778304 7843840 7847936 7884800 7888896 7905280 7909376 7921664 7925760 7954432 7958528 7974912 7979008 8359936 8372224 8552448 8556544 8638464 8646656 9138176 9142272 9240576 9289728 10149888 10158080 10465792 10469888 10547200 10555392 10936320 10940416 11075584 11087872 12218880 12284928 12386304 12394496
40 34 0 4096 32768 36864 131072 135168 262144 294912 712704 717312 1052672 1056768 1253376 1327104 1363968 1413120 1617920 1622016 2105344 2113536 2386944 2387968 3981312 4194304 4194304 5242880 5242880 5771776 6012928 6017024 6258688 6266880 6270976 6275072 6692864 6705152 6791168 6815744 7607296 7611392 8617984 8687616 9404416 9412608 9990144 10100736 10305536 10321920 10600448 10616832 11030528 11038720 11100160 11108352 11354112 11386880 11444224 11448320 11583488 11616256 11776000 11784192 11980800 11988992 12206080 12238848 12533760 12582912
41 47 0 16384 196608 200704 335872 339968 442368 475136 827392 831488 1114112 1130496 1438208 1446400 1462272 1466368 1507328 1523712 1589248 1593344 1609728 1687552 1802240 1806336 2400256 2408448 2584576 2588672 2838528 2842624 2879488 2883584 3194880 3227648 3301376 4194304 4194304 5242880 5242880 5853184 5988352 5992448 6156288 6164480 6197248 6201344 6324224 6340608 6426624 6447104 6770688 6774784 6864896 6868992 6975488 6995968 7733248 7766016 7938048 7942144 8577024 8593408 8851456 8863744 9154560 9158656 9728000 9732096 10006528 10010624 10063872 10067968 10125312 10141696 10182656 10186752 10637312 10641408 11091968 11096064 11173888 11190272 11231232 11259904 11268096 11272192 11403264 11419648 11517952 11534336 11935744 11939840 12226560 12238848
42 20 503808 507904 532480 544768 557056 573440 696320 700416 737280 770048 884736 995328 1245184 1277952 1523712 1527808 1929216 2097152 2097152 3145728 3145728 3170304 4091904 4194304 4194304 5242880 5242880 6291456 6291456 7340032 7340032 8388608 8388608 9437184 9437184 10485760 10485760 11534336 11534336 12582912
43 12 0 1048576 1048576 2097152 2097152 3145728 3145728 4194304 4194304 5242880 5242880 6291456 6291456 7340032 7340032 8388608 8388608 9437184 9437184 10485760 10485760 11534336 11534336 12582912
44 40 0 1048576 1048576 2097152 2097152 3145728 3145728 4194304 4194304 5242880 5242880 6291456 6291456 7340032 7340032 8388608 8388608 9437184 9474048 9478144 9494528 9498624 9510912 9515008 9527296 9531392 9543680 9547776 9560064 9564160 9621504 9633792 9719808 9723904 9773056 9777152 10121216 10125312 10190848 10194944 10211328 10215424 10346496 10354688 10366976 10371072 10403840 10407936 10637312 10641408 10948608 10952704 10993664 10996224 11120640 11124736 11259904 11264000 11272192 11276288 11300864 11313152 11337728 11370496 11677696 11681792 11730944 11735040 11845632 11849728 11927552 11960320 12115968 12120064 12242944 12247040 12369920 12402688 12406784 12410880
45 36 8192 12288 106496 110592 221184 225280 385024 389120 483328 487424 524288 528384 1478656 1490944 1495040 1499136 1503232 1511424 1515520 1523712 1880064 1884160 2064384 2088960 2375680 2392064 2740224 2744320 2764800 2768896 3006464 3010560 3170304 3174400 3215360 3219456 3522560 3555328 3760128 3764224 3907584 3911680 4194304 4198400 4259840 4263936 4276224 4280320 4403200 4407296 4653056 4657152 4907008 4911104 5001216 5005312 5099520 5242880 5242880 6291456 6291456 7340032 7340032 8388608 8388608 9437184 9437184 10485760 10485760 11534336 11534336 12582912
46 12 0 1048576 1048576 2097152 2097152 3145728 3145728 4194304 4194304 5242880 5242880 6291456 6291456 7340032 7340032 8388608 8388608 9437184 9437184 10485760 10485760 11534336 11534336 12582912
47 12 0 1048576 1048576 2097152 2097152 3145728 3145728 4194304 4194304 5242880 5242880 6291456 6291456 7340032 7340032 8388608 8388608 9437184 9437184 10485760 10485760 11534336 11534336 12582912
48 12 0 1048576 1048576 2097152 2097152 3145728 3145728 4194304 4194304 5242880 5242880 6291456 6291456 7340032 7340032 8388608 8388608 9437184 9437184 10485760 10485760 11534336 11534336 12582912
49 31 0 1048576 1048576 2097152 2097152 3145728 3145728 4194304 4194304 5242880 5242880 5369856 5513216 5529600 5619712 5623808 5640192 5677056 5947392 5955584 5959680 5967872 6377472 6422528 6582272 6586368 6905856 6950912 7213056 7217152 8146944 8163328 8347648 8351744 8794112 8810496 9166848 9170944 9261056 9265152 9494528 9498624 9506816 9519104 9596928 9601024 10203136 10219520 10604544 10608640 10784768 10854400 11079680 11137024 11202560 11210752 11608064 11616256 11640832 11649024 11673600 11681792
50 29 262144 266240 1048576 1056768 1130496 1146880 2088960 2097152 2097152 2248704 2641920 2646016 2736128 2740224 3072000 3076096 3207168 3211264 3383296 3391488 3403776 3555328 3985408 4009984 4468736 4472832 4734976 4751360 5570560 5586944 5820416 5824512 5906432 5926912 6119424 6283264 6684672 6688768 7766016 7835648 7839744 7843840 7995392 8011776 8019968 8028160 8445952 8450048 8454144 8458240 8519680 8523776 9437184 10485760 10485760 11534336 11534336 12582912
51 12 0 1048576 1048576 2097152 2097152 3145728 3145728 4194304 4194304 5242880 5242880 6291456 6291456 7340032 7340032 8388608 8388608 9437184 9437184 10485760 10485760 11534336 11534336 12582912
52 37 0 1048576 1048576 2097152 2097152 3145728 3145728 4194304 4194304 5242880 5242880 6291456 6291456 7340032 7340032 8388608 8388608 9437184 9568256 9572352 9580544 9584640 9732096 9744384 9818112 9822208 9830400 9834496 9838592 9842688 9887744 9895936 9904128 9908224 10219520 10223616 10252288 10256384 10461184 10465280 10469376 10473472 10616832 10620928 10747904 11014144 11018240 11022336 11063296 11067392 11124736 11128832 11157504 11173888 11194368 11198464 11272192 11280384 11292672 11296768 11395072 11415552 11649024 11657216 11685888 11689984 11853824 11857920 11894784 11898880 11927552 11935744 12156928 12165120
53 58 77824 81920 98304 106496 139264 143360 155648 159744 167936 172032 368640 376832 385024 389120 438272 442368 450560 458752 659456 684032 802816 835584 1019904 1028096 1175552 1179648 1216512 1220608 1232896 1236992 1261568 1277952 1343488 1359872 1380352 1384448 1437696 1441792 1454080 1458176 1462272 1474560 1478656 1482752 1519616 1523712 1552384 1556480 1699840 1703936 1773568 1785856 1929216 1933312 2015232 2023424 2101248 2105344 2191360 2195456 2744320 2760704 2764800 2768896 2940928 3031040 3047424 3051520 3444736 3624960 3653632 3661824 3698688 3702784 4014080 4046848 4218880 4227072 4259840 4268032 4296704 4300800 4317184 4321280 4362240 4370432 4374528 4386816 4694016 4698112 4702208 4706304 4710400 4714496 4841472 4861952 4890624 4894720 5046272 5062656 5107712 5111808 5242880 6291456 6291456 7340032 7340032 8388608 8388608 9437184 9437184 10485760 10485760 11534336 11534336 12582912
54 12 0 1048576 1048576 2097152 2097152 3145728 3145728 4194304 4194304 5242880 5242880 6291456 6291456 7340032 7340032 8388608 8388608 9437184 9437184 10485760 10485760 11534336 11534336 12582912
55 12 0 1048576 1048576 2097152 2097152 3145728 3145728 4194304 4194304 5242880 5242880 6291456 6291456 7340032 7340032 8388608 8388608 9437184 9437184 10485760 10485760 11534336 11534336 12582912
56 12 0 1048576 1048576 2097152 2097152 3145728 3145728 4194304 4194304 5242880 5242880 6291456 6291456 7340032 7340032 8388608 8388608 9437184 9437184 10485760 10485760 11534336 11534336 12582912
57 12 0 1048576 1048576 2097152 2097152 3145728 3145728 4194304 4194304 5242880 5242880 6291456 6291456 7340032 7340032 8388608 8388608 9437184 9437184 10485760 10485760 11534336 11534336 12582912
58 27 0 1048576 1048576 2097152 2097152 3145728 3145728 4194304 4194304 5242880 5242880 6291456 6291456 7340032 7340032 8388608 8388608 9437184 9605120 9609216 9953280 9957376 10043392 10047488 10113024 10117120 10170368 10174464 10227712 10231808 10260480 10264576 10498048 10526720 10641408 10645504 10985472 10989568 11010048 11296768 11419648 11423744 11526144 11534336 11583488 11599872 11603968 11608064 11698176 11702272 12341248 12406784 12419072 12423168
59 27 53248 57344 192512 245760 344064 348160 1101824 1105920 1175552 1179648 1208320 1212416 1421312 1425408 1736704 1744896 2170880 2187264 2326528 2347008 2400256 2441216 3203072 3207168 3297280 3301376 3321856 3325952 3395584 3399680 3448832 3452928 3551744 3555840 3735552 4194304 4194304 4329472 4902912 4907008 5242880 6291456 6291456 7340032 7340032 8388608 8388608 9437184 9437184 10485760 10485760 11534336 11534336 12582912
60 12 0 1048576 1048576 2097152 2097152 3145728 3145728 4194304 4194304 5242880 5242880 6291456 6291456 7340032 7340032 8388608 8388608 9437184 9437184 10485760 10485760 11534336 11534336 12582912
61 26 0 1048576 1048576 2097152 2097152 3145728 3145728 4194304 4194304 5242880 5242880 5271552 5308416 5312512 5373952 5378048 5435392 5439488 6270976 6275072 6447104 6451200 6987776 6991872 7462912 7471104 7999488 8003584 8441856 8458240 9502720 9506816 9515008 9519104 9617408 9846784 10260480 10280960 10334208 10338304 11120640 11149312 11264000 11272192 11489280 11493376 11730944 11759616 11841536 11849728 11857920 11862016
62 12 643072 651264 1048576 2097152 2097152 3145728 3145728 4194304 4194304 5242880 5242880 6291456 6291456 7340032 7340032 8388608 8388608 9437184 9437184 10485760 10485760 11534336 11534336 12582912
63 12 0 1048576 1048576 2097152 2097152 3145728 3145728 4194304 4194304 5242880 5242880 6291456 6291456 7340032 7340032 8388608 8388608 9437184 9437184 10485760 10485760 11534336 11534336 12582912
64 34 0 1048576 1335296 1404928 1699840 1703936 2105344 2109440 2707456 2711552 3096576 3100672 3141632 3145728 3149824 3153920 3502080 3506176 3670016 3682304 4194304 4198400 4206592 4210688 4214784 4218880 4247552 4251648 4263936 4284416 4374528 4378624 4382720 4386816 4464640 4468736 4472832 4476928 4481024 4485120 4489216 4493312 4775936 4780032 5599232 5603328 6139904 6144000 6754304 6758400 6766592 6770688 7241728 7245824 7557120 7565312 7577600 7581696 7663616 7700480 7954432 7958528 9437184 10485760 10485760 11534336 11534336 12582912
65 12 0 1048576 1048576 2097152 2097152 3145728 3145728 4194304 4194304 5242880 5242880 6291456 6291456 7340032 7340032 8388608 8388608 9437184 9437184 10485760 10485760 11534336 11534336 12582912
66 12 0 1048576 1048576 2097152 2097152 3145728 3145728 4194304 4194304 5242880 5242880 6291456 6291456 7340032 7340032 8388608 8388608 9437184 9437184 10485760 10485760 11534336 11534336 12582912
67 12 0 1048576 1048576 2097152 2097152 3145728 3145728 4194304 4194304 5242880 5242880 6291456 6291456 7340032 7340032 8388608 8388608 9437184 9437184 10485760 10485760 11534336 11534336 12582912
68 12 0 1048576 1048576 2097152 2097152 3145728 3145728 4194304 4194304 5242880 5242880 6291456 6291456 7340032 7340032 8388608 8388608 9437184 9437184 10485760 10485760 11534336 11534336 12582912
69 12 0 1048576 1048576 2097152 2097152 3145728 3145728 4194304 4194304 5242880 5242880 6291456 6291456 7340032 7340032 8388608 8388608 9437184 9437184 10485760 10485760 11534336 11534336 12582912
70 37 0 1048576 1499136 1503232 1671168 1675264 1761280 1769472 2146304 2150400 2240512 2244608 2547712 2551808 3137536 3141632 3444736 3448832 3690496 3702784 4669440 4673536 4870144 4874240 5148672 5173248 5857280 5869568 6504448 6512640 6516736 6520832 6553600 6569984 6631424 6656000 6746112 6750208 7159808 7163904 7168000 7180288 7225344 7229440 7282688 7286784 7360512 7368704 7393280 7397376 7434240 7438336 7499776 7503872 7585792 7589888 7647232 7655424 7909888 7918080 8151040 8155136 9019392 9031680 9363456 9367552 9392128 9396224 9437184 10485760 10485760 11534336 11534336 12582912
71 47 0 1048576 1048576 2097152 2097152 2514944 3473408 3489792 4521984 4526080 5210112 5214208 5222400 5226496 5586944 5591040 5795840 5799936 5931008 5935104 6643712 6647808 6766592 6893568 7225344 7226368 7245824 7340032 7340032 7360512 7376896 7618560 7643136 7647232 7692288 7696384 7823360 7827456 7843840 7847936 8089600 8093696 8585216 8589312 8605696 8609792 8794112 8798208 8802304 8810496 8814592 8822784 8863744 8867840 9068544 9072640 9248768 9252864 9273344 9289728 9314304 9318400 9465856 9469952 9617408 9621504 9768960 9773056 9920512 9924608 10006528 10137600 10223616 10227712 10735616 10739712 10960896 10969088 11087872 11104256 11108352 11112448 11358208 11362304 11669504 11677696 11800576 11804672 11943936 11948032 11952128 11956224 12156928 12161024
72 83 77824 81920 335872 344064 479232 1048576 1048576 2097152 2097152 3145728 3145728 4194304 4194304 5206528 5591040 5599232 5681152 5689344 5722112 5726208 5730816 5739008 5771264 5775360 5783552 5791744 5869568 5873664 6201344 6205440 6242304 6246400 6631424 6635520 6647808 6651904 6733824 6746112 7045120 7049216 7143424 7168000 7200768 7204864 7254016 7258112 7290880 7323648 7340032 7344128 7434240 7438336 7454720 7458816 7487488 7536640 7553024 7569408 7639040 7643136 7692288 7696384 7749632 7753728 7782400 7786496 7815168 7847936 7860224 7864320 7970816 7979008 8097792 8101888 8118272 8122368 8126464 8130560 8159232 8192000 8241152 8245248 8261632 8265728 8323072 8331264 8355840 8372224 8421376 8454144 8585216 8601600 8617984 8634368 8671232 8675328 8765440 8798208 8921088 8925184 8929280 8945664 9019392 9023488 9191424 9224192 9326592 9334784 9363456 9367552 9404416 9437184 9469952 9486336 9572352 9576448 9588736 9592832 9814016 9830400 9953280 9969664 10076160 10092544 10133504 10137600 10264576 10268672 10452992 10485760 10616832 10620928 10715136 10747904 10760192 10764288 10895360 10899456 10928128 10944512 11018240 11022336 11034624 11038720 11075584 11108352 11276288 11280384 11321344 11337728 11354112 11370496 11714560 11747328 11829248 11845632 12034048 12054528 12091392 12107776 12189696 12193792 12369920 12386304 12451840 12472320
73 104 57344 61440 135168 143360 229376 245760 294912 311296 770048 802816 831488 835584 851968 884736 913408 917504 1146880 1179648 1187840 1191936 1262080 1266176 1368064 1376256 1540096 1572864 1929216 1933312 1966080 1998848 2150400 2154496 2244608 2260992 2297856 2310144 2392064 2424832 2605056 2637824 3014656 3026944 3035136 3039232 3096576 3112960 3432448 3436544 3522560 3538944 3670016 3686400 3751936 3768320 4423680 4456448 4579328 4583424 4632576 4636672 4653056 4669440 5242880 5259264 5279744 5283840 5308416 5312512 5373952 5378048 5390336 5394432 5406720 5439488 5464064 5468160 5472256 5476352 5488640 5492736 5550080 5554176 5619712 5652480 5771264 5775360 5824512 5828608 5849088 5885952 5902336 5906432 5931008 5939200 5984256 5988352 5996544 6029312 6033408 6037504 6082560 6086656 6135808 6139904 6184960 6189056 6225920 6258688 6275072 6291456 6307840 6324224 6344704 6348800 6598656 6602752 6627328 6631424 6717440 6750208 6844416 6848512 6963200 6995968 7180288 7184384 7258112 7274496 7278592 7282688 7540736 7544832 7749632 7782400 7946240 7962624 8175616 8208384 8314880 8318976 8392704 8396800 8507392 8511488 8552448 8556544 8568832 8601600 8605696 8609792 8650752 8667136 9138176 9146368 9207808 9240576 9404416 9420800 9531392 9535488 9650176 9666560 9748480 9781248 9830400 9846784 9912320 9945088 10280960 10285056 10309632 10313728 10321920 10326016 10338304 10371072 10420224 10452992 10481664 10485760 10485760 10534912 10633216 10637312 11255808 11288576 11304960 11337728 11485184 11517952 11718656 11722752 11735040 11739136 11833344 11837440 11866112 11870208 12111872 12120064 12128256 12132352 12140544 12144640 12152832 12161024 12173312 12177408
74 52 311296 315392 458752 462848 491520 524288 671744 704512 786432 819200 966656 999424 1146880 1163264 1327104 1359872 1720320 1753088 1851392 1884160 1908736 1912832 2015232 2048000 2138112 2146304 2355200 2359296 2686976 2703360 2818048 2850816 2949120 2965504 3604480 3612672 3915776 3948544 3981312 4014080 4825088 4898816 5193728 5226496 5242880 5275648 5464064 5476352 5914624 5931008 6029312 6033408 6037504 6045696 6103040 6107136 6270976 6279168 6307840 6324224 7307264 7340032 7536640 7553024 7667712 7684096 7794688 7798784 8560640 8564736 9101312 9105408 9125888 9158656 9535488 9551872 9572352 9576448 9814016 9830400 9863168 9895936 9924608 9928704 9961472 9994240 10604544 10608640 10616832 10620928 11223040 11239424 11444224 11448320 11681792 11698176 12058624 12091392 12124160 12156928 12431360 12439552 12566528 12582912
75 29 737792 745984 901120 917504 929792 933888 995328 999424 1556480 2097152 2097152 3145728 3145728 3784704 3817472 3821568 3874816 3878912 3928064 3932160 3936256 3944448 3985408 3989504 4042752 4046848 4067328 4075520 4079616 4087808 4100096 4120576 4149248 4161536 4653056 4669440 5775360 5791744 6897664 6901760 7032832 7045120 7086080 7090176 7376896 7380992 7577600 7581696 7720960 7725056 8552448 8568832 9687040 9695232 11038720 11042816 12132352 12144640
76 75 8192 12288 32768 36864 118784 131072 1015808 1032192 1077248 1089536 1404928 1409024 1437696 1441792 1605632 1609728 2031616 2043904 2056192 2060288 2134016 2138112 2142208 2146304 2191360 2195456 2224128 2228224 2236416 2240512 2318336 2330624 2441216 2445312 2502656 2506752 2523136 2539520 2555904 2564096 3026944 3031040 3629056 3633152 3641344 3649536 3928064 3932160 3948544 3956736 4202496 4206592 4239360 4243456 4317184 4329472 4354048 4358144 4505600 4509696 4550656 4554752 4657152 4661248 4743168 4747264 4812800 4816896 4968448 4972544 5029888 5033984 5087232 5103616 5115904 5156864 5242880 5255168 5324800 5328896 5410816 5414912 5525504 5529600 5627904 5632000 5636096 5644288 5738496 5742592 5857280 5861376 5881856 5885952 6053888 6057984 6242304 6246400 6270976 6275072 6406144 6410240 6643712 6647808 6893568 6901760 7069696 7073792 7213056 7217152 7331840 7335936 7749632 7753728 7811072 7815168 7852032 7872512 8007680 8011776 8015872 8019968 8024064 8028160 8040448 8044544 8110080 8114176 8179712 8183808 8351744 8355840 8400896 8404992 8548352 8552448 8613888 8617984 8663040 8683520 8781824 8785920 9195520 9199616 9564160 9568256 10866688 10878976 11804672 11808768
77 86 831488 835584 1064960 1093632 1339392 1343488 2330624 2334720 2806272 2810368 2945024 2953216 3952640 3956736 4259840 4268032 4272128 4276224 5062656 5066752 5234688 5238784 5246976 5283840 5287936 5300224 5308416 5312512 5316608 5320704 5373952 5378048 5390336 5394432 5402624 5410816 5419008 5423104 5431296 5435392 5595136 5599232 5746688 5750784 5947392 5951488 6012928 6017024 6201344 6205440 6311936 6316032 6365184 6369280 6586368 6590464 6619136 6623232 6770688 6774784 6840320 6844416 6856704 6860800 6864896 6877184 6893568 6897664 7049216 7053312 7184384 7188480 7221248 7229440 7282688 7299072 7364608 7372800 7380992 7393280 7397376 7405568 7417856 7421952 7430144 7434240 7438336 7467008 7503872 7507968 7602176 7606272 7671808 7692288 7942144 7946240 7950336 7954432 8531968 8536064 8634368 8650752 8699904 8704000 8773632 8777728 8814592 8847360 8892416 8896512 8908800 8912896 8916992 8921088 8929280 8933376 8970240 8982528 8994816 9028096 9048064 9052160 9056256 9064448 9117696 9121792 9191424 9224192 9338880 9355264 9367552 9371648 9633792 9637888 9670656 9674752 9687040 9691136 9715712 9797632 9879552 9912320 9928704 10059776 10104832 10108928 10149888 10153984 10166272 10174464 10223616 10227712 10231808 10235904 10436608 10452992 10469376 10485760 10559488 10563584 10731520 10735616 10928128 10960896 11468800 11534336 11857920 11862016 11943936 11976704 12125184 12582912
78 34 0 1048576 1048576 2097152 2097152 3145728 3145728 4194304 4194304 5242880 5242880 6291456 6291456 7340032 7340032 8388608 8388608 8745984 8757248 8761344 8798208 8896512 9011200 9027584 9175040 9187328 9428992 9437184 9535488 9551872 9564160 9576448 9682944 9691136 9781248 9814016 10141696 10158080 10190848 10207232 10362880 10369024 10698752 10706944 10752000 10756096 10862592 10895360 11005952 11010048 11108352 11141120 11177984 11190272 11194368 11198464 11337728 11354112 11550720 11567104 11943936 11960320 12124160 12156928 12419072 12435456 12505088 12509184
79 70 69632 73728 339968 344064 720896 786432 827392 831488 851968 872448 966656 970752 983040 1048576 1048576 1052672 1142784 1146880 1228800 1232896 1282048 1286144 1327104 1343488 1376256 1425408 1802240 1818624 1847296 1855488 2023424 2031616 2424832 2457600 2588672 2605056 2752512 2768896 2772992 2777088 2899968 2916352 3162112 3178496 3494400 3502592 3637248 3653632 4059136 4067328 4177920 4194304 4194304 4210688 4423680 4427776 4820992 4825088 5169152 5181440 5242880 5246976 5275648 5308416 5328896 5332992 5390336 5406720 5521408 5537792 6225920 6258688 6291456 6295552 6340608 6373376 6438912 6471680 6918144 6934528 7663616 7667712 8011776 8028160 8052736 8056832 8388608 8392704 8937472 8949760 9027584 9031680 9048064 9052160 9146368 9150464 9453568 9469952 9658368 9670656 9674752 9687040 9691136 9711616 9715712 9728000 9736192 9740288 9764864 9785344 9789440 9814016 10059776 10076160 10125312 10158080 10273280 10281472 10391552 10395648 10547200 10551296 10567680 10600448 11010048 11059200 11325440 11374592 11677696 11689984 11714560 11747328 11759616 11763712 11776000 11784192 11927552 11976704 12247040 12582912
80 51 0 1048576 1048576 2097152 2097152 3145728 3145728 3461120 3833856 3837952 3936256 3940352 4141056 4153344 4161536 4165632 4169728 4173824 4177920 4190208 4198400 4202496 4214784 4218880 4243456 4247552 4272128 4276224 4292608 4296704 4313088 4337664 4354048 4358144 4878848 4887040 4931584 4939776 5754880 5869568 5885952 6131712 6180864 6291456 6291456 6295552 6311936 6426624 6443008 6541312 6676480 6680576 6860800 6864896 6909952 6914048 7598080 7602176 7880704 7897088 7909376 7913472 8335360 8355840 8384512 8388608 8454144 8458240 8617984 8622080 8749056 8765440 9191424 9195520 9584640 9601024 9793536 9797632 10174464 10207232 10665984 10682368 10760704 10768896 10772480 10780672 11173888 11206656 11735040 11747328 11767808 11771904 12042240 12058624 12062720 12083200 12165120 12181504 12288000 12292096 12435456 12451840
81 53 0 32768 692224 696320 761856 770048 921600 929792 1028096 1032192 1044480 1048576 1093632 1130496 1294336 1634304 1769472 1773568 1798144 1802240 1875968 1880064 1933312 1949696 1990656 1994752 2179072 2211840 2228224 2244608 2359296 2375680 4579328 4583424 4734976 4751360 5373952 5378048 5423104 5632000 6377472 6393856 6422528 6426624 6643712 6672384 7012352 7028736 7340032 7364608 7659520 7663616 8175616 8179712 8262656 8266752 8384512 8388608 8773632 8986624 9003008 9248768 9265152 9379840 9396224 9437184 9437184 9510912 9515008 9519104 9527296 9625600 9920512 9924608 10018816 10022912 10252288 10256384 10321920 10326016 10379264 10383360 10395648 10399744 10473472 10477568 10625024 10629120 11055104 11059200 11227136 11231232 11259904 11264000 11382784 11386880 12095488 12111872 12181504 12185600 12349440 12361728 12369920 12419072 12468224 12480512
82 74 643072 647168 811008 815104 1155072 1159168 1200128 1208320 1314816 1318912 1429504 1474560 1654784 1662976 1744896 1748992 1794048 1798144 1982464 2015232 2686976 2703360 2932736 2936832 3825664 3829760 4079616 4100096 4313088 4317184 4571136 4583424 4878336 4882432 4997120 5005312 5177344 5193728 5320704 5324800 5410816 5439488 5480448 5496832 5640192 5685248 5795840 5799936 5808128 5812224 6615040 6619136 6684672 6717440 7032832 7036928 7348224 7356416 7782400 7798784 8077312 8093696 8192000 8196096 8388608 8392704 8617984 8650752 8781824 8798208 9019392 9023488 9142272 9158656 9437184 9441280 9445376 9453568 9457664 9465856 9469952 9478144 9486336 9502720 9592832 9596928 9740288 9744384 9764864 9797632 9904128 9908224 10186752 10194944 10231808 10235904 10559488 10563584 10694656 10698752 10842112 11026432 11042816 11046912 11210752 11214848 11395072 11399168 11444224 11448320 11481088 11485184 11505664 11509760 11517952 11522048 11534336 11538432 11567104 11571200 11702272 11706368 11755520 11771904 11796480 11800576 11890688 11898880 11911168 11915264 11948032 11952128 11964416 11972608 12025856 12029952 12099584 12103680 12124160 12140544 12144640 12148736 12161024 12165120 12267520 12271616 12488704 12492800
83 74 24576 28672 86528 377856 385024 389120 438272 442368 524288 532480 844288 848384 892928 897024 1048576 1052672 1347584 1351680 1523712 1527808 1703936 1708032 1744896 1753088 1802240 1806336 1949696 1953792 1978368 1982464 2073088 2081280 2207744 2215936 2224128 2236416 2244608 2248704 2260992 2265088 2281472 2285568 2297856 2301952 2330624 2334720 2469888 2473984 2486272 2490368 2502656 2506752 2519040 2523136 2564096 2568192 2580480 2584576 2596864 2600960 2613248 2617344 2629632 2633728 2666496 2670592 3145728 3162112 3178496 3211264 3637248 3645440 3768320 3772416 3776512 3780608 3915776 3940352 4026368 4030464 4300800 4304896 4374528 4390912 4489216 4493312 4915200 4919296 4943872 4947968 5242880 5324800 5365760 5369856 5591040 5599232 5754880 5758976 6258688 6262784 6807552 6811648 7254016 7270400 7299072 7299584 7340032 7344128 7405568 7409664 7831552 7847936 8597504 8601600 8851456 8855552 8974848 8983040 9072640 9076736 9240576 9248768 9609216 9613312 9818112 9826304 9830400 9834496 9842688 9846784 9854976 9875456 9936896 9949184 10272768 10276864 10522624 10526720 10555392 10563584 10575872 10645504 10731520 10735616 11292672 11296768 12021760 12582912
84 33 0 1048576 1048576 1359872 1454080 1458176 1572864 1576960 2084864 2097152 2572288 2576384 3141632 3145728 3391488 3407872 3751936 3764224 3833856 3858432 4542464 4567040 4583424 4689920 4833280 4841472 5140480 5156864 5201920 5210112 6427136 6435328 7946240 7950336 8404992 8409088 8450048 8470528 8601600 8605696 8773632 8781824 8794112 8798208 9412608 9416704 9453568 9457664 9641984 9646080 9797632 9801728 10788864 10792960 11010048 11014144 11022336 11051008 11538432 11542528 11591680 11595776 11792896 11801088 11878400 11882496
85 50 28672 32768 393216 397312 581632 593920 704512 712704 1179648 1183744 1290752 1294848 1401344 1405440 1462272 1466368 1545216 1549312 1556992 1561088 1573376 1577472 1659392 1663488 1704448 1708544 1794048 1798144 1802752 1806848 1815040 1819136 1827328 1831424 1856000 1860096 1872384 1876480 1962496 1966592 2007552 2011648 2023936 2028032 2044416 2048512 2077184 2081280 2379776 2383872 2494464 2498560 2502656 2506752 2621440 2641920 2793472 2797568 2932736 2936832 3031040 3035136 3477504 3481600 3682304 3686400 4800512 4816896 4972544 4976640 5279744 5287936 5300224 5308416 6197248 6217728 6230016 6234112 6467584 6471680 7692288 7712768 7770112 7774208 7843840 7847936 8994816 9003008 9768960 9781248 9871360 9875456 10297344 10301440 11411456 11419648 12058624 12062720 12533760 12537856
86 129 917504 921600 1036288 1040384 1110016 1118208 1306624 1310720 1908736 1912832 1916928 1933312 2142208 2146304 2150400 2154496 2170880 2174976 2232320 2236416 2269184 2273280 2281472 2285568 2408448 2412544 2424832 2428928 2646016 2650112 2687488 2691584 2707456 2711552 2940928 2945024 3145728 3149824 3264512 3284992 3313664 3317760 3346432 3350528 3600384 3604480 3801088 3805184 4063232 4067328 4313088 4317184 4395008 4399104 4464640 4468736 4558848 4562944 4567040 4571136 4591616 4595712 4603904 4608000 4907008 4911104 4960256 4968448 5328896 5332992 5545984 5550080 5636608 5644800 5832704 5836800 5951488 5955584 6094848 6103040 6348800 6352896 6475776 6479872 6832128 6836224 6938624 6942720 6983680 6995968 7012352 7016448 7094272 7102464 7311360 7315456 7364608 7368704 7413760 7417856 7421952 7438336 7467008 7471104 7516160 7520256 7569408 7573504 7634944 7639040 7675904 7680000 7733248 7737344 7802880 7806976 8122368 8130560 8179712 8183808 8187904 8196096 8237056 8241152 8286208 8294400 8339456 8343552 8388608 8396800 8441856 8445952 8491008 8495104 8540160 8544256 8589312 8593408 8978432 8994816 9048064 9052160 9113600 9117696 9482240 9486336 9711616 9715712 9760768 9764864 9932800 9936896 9949184 9957376 9994240 9998336 10002432 10006528 10084352 10088448 10104832 10108928 10145792 10149888 10153984 10162176 10186752 10190848 10297344 10301440 10395648 10399744 10457088 10461184 10473472 10477568 10493952 10502144 10571776 10575872 10596352 10600448 10645504 10649600 10702848 10706944 10711040 10715136 10731520 10735616 10788864 10792960 10838016 10842112 10903552 10907648 10952704 10956800 10964992 10969088 10989568 10993664 11124736 11128832 11141120 11145216 11157504 11161600 11214848 11218944 11288576 11313152 11362304 11366400 11444224 11448320 11526144 11534336 11595776 11599872 11612160 11616256 11755520 11759616 11894784 11898880 11907072 11911168 11993088 11997184 12050432 12054528 12058624 12062720 12066816 12070912 12140544 12144640 12177408 12181504 12210176 12218368 12255232 12259328 12267520 12271616 12349440 12353536 12365824 12374016 12419072 12423168 12525568 12529664 12537856 12546048 12574720 12578816
87 50 102400 106496 110592 114688 221184 225280 282624 286720 364544 368640 413696 421888 430080 434176 442368 450560 483328 487424 585728 606208 675840 679936 733184 737280 782336 786432 815104 856064 1019904 1024000 1130496 1134592 1302528 1306624 1425408 1429504 1695744 1699840 1712128 1716224 1720320 1724416 1740800 1744896 1900544 2097152 2097152 3145728 3145728 3215360 3403776 3407872 3837952 3842048 4046848 4050944 4055040 4059136 4329472 4333568 4534272 4538368 5058560 5066752 5099520 5103616 5324800 5337088 5599232 5603328 6434816 6438912 6651904 6684672 7966720 7970816 8159232 8163328 8499200 8503296 8716800 8724992 8982528 8998912 9682944 9728000 9736192 9744384 10171392 10175488 10261504 10265600 10305536 10317824 11055104 11063296 11399168 11403264 11784192 11792384
88 46 405504 409600 1110016 1114112 1204224 1208320 1605632 1638400 1691648 1695744 1699840 1703936 1753088 1761280 1789952 1794048 1822720 1826816 1892352 1896448 1961984 1966080 1998848 2002944 2007040 2015232 2150400 2154496 2277376 2285568 2433024 2437120 2813952 2818048 2912256 2924544 2961408 2969600 3039232 3047424 3072000 3076096 3137536 3141632 3366912 3379200 3518464 3567616 3612672 3616768 3674112 3678208 3915776 3928064 3932160 3936256 4161536 4169728 4308992 4313088 4526080 4530176 4984832 4988928 4997120 5001216 5206016 5210112 5750784 5754880 6291456 7340032 7340032 8388608 8388608 9437184 9437184 10485760 10571776 10579968 11448320 11464704 11542528 11546624 12005888 12014080 12173312 12177408 12320768 12324864 12562432 12566528
89 38 999424 1003520 1036288 1044480 1220608 1228800 1232896 1241088 1605632 1622016 2101248 2113536 2437120 2441216 2527232 2535424 3653632 3661824 4616192 4620288 5173248 5177344 5226496 5238784 5242880 5263360 5267456 5308416 5320704 5324800 5480448 5513216 5689344 5693440 6086656 6090752 6094848 6103040 6434816 6447104 6623232 6631424 6701056 6709248 6770688 6774784 7045120 7049216 7073792 7081984 7102464 7340032 7340032 8216576 8421376 8425472 8835072 8855552 8916992 8929280 9166848 9175040 9203712 9211904 9297920 9302016 10051584 10129408 10960896 10977280 11526144 11530240 12197888 12201984 12300288 12308480
90 57 237568 1048576 1048576 2027520 2277376 2281472 2535424 2539520 2560000 2564096 2813952 2834432 3145728 4194304 4194304 5242880 6098944 6111232 6258688 6291456 6291456 6467584 7049216 7057408 7266304 7270400 8069120 8388608 8388608 9437184 9437184 9826304 9842688 9846784 9871360 9875456 9924608 9928704 9973760 9981952 10002432 10006528 10022912 10027008 10076160 10080256 10170368 10174464 10199040 10203136 10211328 10215424 10285056 10289152 10489856 10498048 10567680 10571776 10588160 10592256 10608640 10612736 10665984 10670080 10702848 10706944 10711040 10715136 10731520 10735616 10813440 10817536 10825728 10829824 11014144 11018240 11026432 11034624 11071488 11079680 11087872 11091968 11116544 11120640 11128832 11132928 11182080 11194368 11288576 11292672 11431936 11436032 11509760 11513856 11624448 11628544 11714560 11718656 11726848 11735040 11907072 11911168 11956224 11960320 12226560 12230656 12296192 12300288 12312576 12316672 12464128 12468224 12525568 12529664
91 35 8192 12288 65536 69632 159744 163840 212992 217088 266240 950272 1040384 1048576 1232896 1236992 1368064 1372160 1802240 1806336 2437120 2453504 2478080 2486272 2641920 2646016 2667008 2671104 3182592 3190784 4136960 4141056 4521984 4538368 5537792 5541888 5709824 5713920 6291456 7340032 7340032 8269824 8765440 8769536 8781824 8785920 8937472 8945664 9076736 9084928 9179136 9183232 9453568 9461760 9637888 9641984 9936896 9940992 10633216 10641408 10743808 10747904 10920448 10924544 10944512 10952704 11517952 11522048 12320768 12328960 12541952 12546048
92 25 376832 377856 1060864 1064960 1302528 1314816 1441792 1445888 2265088 2269184 2580480 2637824 3404288 3416576 4194304 4198400 4390912 4395008 4431872 4435968 4935680 4943872 6262784 6266880 6733824 6766592 7417856 7421952 8507392 8511488 9420800 9437184 9437184 9469952 9568256 9572352 9687040 9695232 9699328 9703424 9900032 9904128 9957376 9961472 11444224 11448320 11644928 11649024 11739136 11743232
93 65 340480 348672 851968 876544 909312 913408 1060864 1064960 1523712 1531904 1540096 1544192 1970176 1974272 2228224 2232320 3751936 3760128 4243456 4247552 5242880 5259264 5263360 5267456 5308416 5312512 5472256 5566464 5648384 5652480 5763072 5767168 5943296 5947392 6029312 6033408 6074368 6078464 6144000 6148096 6279168 6291456 6291456 6316032 6344704 6393856 6557696 6561792 6615040 6619136 6635520 6660096 6737920 6742016 6762496 6770688 6815744 6832128 6938624 7020544 7094272 7098368 7155712 7176192 7290880 7340032 7340032 7458816 7479296 7483392 7860224 7888896 8101888 8105984 8167424 8171520 8388608 8454144 8499712 8507904 8564736 8568832 8884224 8888320 9023488 9093120 9232384 9236480 9252864 9261056 9478144 9498624 9695232 9719808 9768960 9785344 9920512 9924608 9957376 10031104 10055680 10059776 10072064 10076160 10092544 10096640 10170368 10186752 10231808 10235904 10555392 10801152 10809344 10813440 11022336 11026432 11153408 11227136 11395072 11464704 11505664 11534336 11534336 11558912 11587584 11599872 12054528 12099584 12533760 12582912
94 70 0 1048576 1048576 1445888 1540096 1544192 1617920 1667072 1880064 1896448 1925120 1929216 2064384 2084864 2420736 2469888 2613248 2621440 2772992 2818048 3014656 3076096 3092480 3104768 3149824 3203584 3227648 3256320 3481600 3497984 3510272 3518464 3764224 3768320 3805184 3842048 3899392 3907584 3997696 4001792 4050944 4100096 4120576 4124672 4190208 4194304 4194304 4235264 4313088 4349952 4374528 4636672 4644864 4857856 5013504 5103616 5275648 5292032 5423104 5496832 5812224 5816320 5840896 5844992 5873664 5890048 5947392 6012928 6721536 6889472 6987776 7069696 7127040 7143424 7217152 7254016 8003584 8167424 8462336 8470528 9191424 9195520 9347072 9379840 9445376 9523200 9568256 9576448 9670656 9674752 9732096 9748480 9830400 9850880 9945600 9953792 9957376 9969664 9981952 9986048 10035200 10039296 10063872 10067968 10096640 10137600 10248192 10252288 10342400 10485760 10485760 10686464 10780672 10784768 10838016 10924032 11022336 11026432 11063296 11067392 11202560 11206656 11272192 11329536 11337728 11354112 11460608 11534336 11554816 11558912 11571200 11587584 11636736 11644928 11829248 11841536 12206080 12210176 12222464 12582912
95 62 0 258048 434176 438272 851968 1048576 1048576 1339392 1597440 1810432 1945600 1990656 2076672 2097152 2097152 2170880 2228224 2232320 2543616 2695168 3215360 3256320 3403776 3538944 3620864 3624960 3842048 4132864 4521984 4526080 4550656 4554752 4562944 4747264 4960768 4968960 5038080 5066752 5120000 5136384 5214208 5218304 5226496 5230592 5287936 5308416 5435392 5492736 5582848 5586944 5677056 5738496 5808128 5840896 6414336 6463488 6483968 6643712 6754304 6770688 6778880 6782976 7344128 7348224 7372800 7401472 7933952 7938048 7962624 7966720 8122368 8138752 8151040 8204288 8265728 8269824 8273920 8388608 8388608 8454144 8482816 8527872 8552448 8556544 8613888 8663040 9138176 9170944 9187328 9220096 9502720 9519104 9596928 9601024 9797632 10080256 10244096 10301440 10452992 10473472 10534912 10584064 10625024 10686464 10891264 10895360 10907648 10960896 11104256 11337728 11501568 11522048 11595776 11620352 11833344 11849728 11882496 11902976 12001280 12046336 12419072 12431360 12521472 12525568
96 80 65536 81920 98304 102400 151552 167936 229376 245760 278528 487424 496128 504320 569344 589824 925696 933888 954368 1048576 1048576 1089536 1163264 1216512 1294336 1388544 1449984 1495040 1646592 1658880 1761280 1777664 1875968 1949696 1990656 2027520 2207744 2224128 2420736 2424832 2506752 2510848 2686976 2691072 2818048 2822144 2932736 2949120 2953216 3088384 3252224 3321856 3502080 3534848 3555328 3571712 3588096 3690496 3801088 3850240 3977216 4026368 4067328 4194304 4194304 4231168 4464640 4481024 4657152 4669440 4886528 4935680 5021696 5070848 5079040 5242880 5242880 5480448 5849088 5873664 5894144 5910528 5935104 5955584 6000640 6004736 6066176 6082560 6189056 6205440 6238208 6242304 6332416 6344704 6381568 6397952 6500352 6569984 6856704 6897664 7143424 7159808 7307264 7311360 7577600 7761920 7835648 7970816 7979008 7983104 8105984 8163328 8609792 8630272 9015808 9024000 9203712 9265152 9441280 9445376 9531392 9564160 9596928 9601024 9670656 9674752 9687040 9842688 9916416 9920512 9936896 9990144 10006528 10010624 10039296 10043392 10137600 10297344 10346496 10350592 10354688 10358784 10498048 10502144 10555392 10559488 10575872 10579968 10620928 10625024 10723328 10727424 10784768 10788864 10821632 10825728 11317248 11489280 11747328 11751424 11956224 12582912
97 45 0 811008 860160 864256 909312 913408 1019904 1040384 1241088 1245184 1335296 1396736 1429504 1642496 1650688 1835008 2064384 2097152 2097152 2105344 2113536 2174976 2228224 2379776 2564096 2605056 2617344 2633728 2772992 2859008 3100672 3117056 3768320 3772416 4046848 4194304 4194304 4202496 4210688 4214784 4354048 4370432 5062656 5066752 5140480 5242880 5242880 5312512 5373952 5378048 5628416 5640704 5644288 5873664 6062080 6078464 6164480 6184960 6475776 6508544 6885376 6967296 7020544 7024640 7065600 7069696 7467008 7634944 7745536 7753728 7757824 7760384 7856128 7958528 7999488 8388608 8388608 9437184 9437184 10485760 10485760 11534336 11534336 11849728 11939840 12210176 12226560 12230656 12324864 12328960
98 38 0 4096 32768 36864 155648 225280 360448 376832 626688 733184 1015808 1048576 1048576 1093632 1150976 1155072 1208320 1556480 1765376 1789952 1818624 1822720 1957888 1978368 2314240 2437120 2543616 2703360 3063808 3067904 3108864 3129344 3862528 4009984 4329472 4452352 4681728 4685824 4698112 4702208 4714496 4718592 4730880 4734976 4747264 4751360 4767744 4771840 4997120 5032448 5353472 6291456 6291456 7340032 7340032 8388608 8388608 9437184 9437184 10371072 10407936 10432512 10452992 10473472 10502144 10543104 10813440 10821632 11145216 11149312 11153408 11157504 11476992 11493376 11698176 12582912
99 29 0 1048576 1048576 1282048 1331200 1335296 1351680 1355776 1585152 1708032 1785856 1789952 2109440 2113536 2146304 2244608 2564096 2568192 2613248 2686976 3080192 3145728 3145728 3371008 3448832 4194304 4194304 4333568 4378624 4599808 4624384 4640768 4767744 4771840 4784128 4800512 4833280 4878336 4947968 4952064 5021696 5046272 5238784 5242880 5242880 6291456 6291456 7340032 7340032 8388608 8388608 9437184 9437184 10485760 10485760 11534336 11534336 12582912
