#StripeID,rangenumber,BlockOffsetStart,BlockOffsetEnd
0 50 0 356352 442368 446464 458752 471040 499712 503808 851968 1048576 1048576 1376256 1441792 1572864 1572864 1712128 1896448 1900544 1908736 2015232 2088960 2097152 2097152 2248704 2478080 2482176 2494464 2498560 2539520 2543616 2609152 2621440 2621440 2838528 2879488 3145728 3145728 3309568 3383296 3391488 3403776 3555328 3575808 3579904 3633152 3637248 3710976 3715072 3760128 3792896 3985408 4009984 4120576 4124672 4128768 4145152 4349952 4354048 4468736 4472832 4497408 4526080 4575232 4579328 4603904 4608000 4734976 4751360 4755456 4759552 4874240 4878336 4907008 4911104 5025792 5029888 5058560 5062656 5087232 5242880 5242880 5267456 5283840 5287936 5296128 5300224 5308416 5312512 5332992 5365760 5521408 5746688 5820416 5824512 5844992 5849088 5906432 5926912 5971968 6279168
1 29 57344 241664 331776 348160 393216 397312 413696 524288 643072 847872 937984 974848 978944 995328 1204224 1228800 1474560 1544192 1548288 1552384 1564672 1572864 1572864 1605632 1667072 1687552 1703936 1720320 1728512 1736704 2154496 2158592 2162688 2166784 2228224 2232320 2375680 2404352 2441216 2482176 2588672 2592768 2723840 2764800 2957312 3100672 3145728 3670016 3670016 4194304 4194304 4718592 4718592 5242880 5242880 5767168 5767168 6291456
2 12 0 524288 524288 1048576 1048576 1572864 1572864 2097152 2097152 2621440 2621440 3145728 3145728 3670016 3670016 4194304 4194304 4718592 4718592 5242880 5242880 5767168 5767168 6291456
3 12 0 524288 524288 1048576 1048576 1572864 1572864 2097152 2097152 2621440 2621440 3145728 3145728 3670016 3670016 4194304 4194304 4718592 4718592 5242880 5242880 5767168 5767168 6291456
4 12 0 524288 524288 1048576 1048576 1572864 1572864 2097152 2097152 2621440 2621440 3145728 3145728 3670016 3670016 4194304 4194304 4718592 4718592 5242880 5242880 5767168 5767168 6291456
5 30 0 524288 524288 1048576 1048576 1572864 1572864 2097152 2097152 2621440 2621440 3145728 3145728 3670016 3670016 4194304 4194304 4251648 4325376 4329472 4366336 4382720 4456448 4718592 4718592 4722688 4726784 4730880 4771840 4775936 4833280 4837376 4866048 4882432 4902912 4907008 4980736 4988928 5001216 5005312 5066752 5083136 5095424 5242880 5242880 5255168 5357568 5365760 5394432 5398528 5562368 5566464 5603328 5607424 5636096 5644288 5865472 5873664 6021120 6111232
6 54 45056 61440 77824 81920 98304 106496 139264 143360 155648 159744 167936 172032 233472 245760 352256 421888 438272 442368 450560 458752 659456 684032 704512 708608 716800 720896 802816 843776 942080 958464 1019904 1028096 1175552 1179648 1216512 1220608 1228800 1236992 1261568 1277952 1343488 1359872 1380352 1384448 1392640 1572864 1572864 1638400 1662976 1679360 1699840 1703936 1765376 2097152 2097152 2621440 2621440 3072000 3125248 3145728 3145728 3203072 3239936 3244032 3444736 3670016 3670016 3911680 3932160 3936256 3997696 4071424 4190208 4194304 4218880 4227072 4259840 4268032 4296704 4300800 4317184 4321280 4362240 4370432 4374528 4386816 4612096 4661248 4694016 4698112 4702208 4706304 4710400 4714496 4792320 4968448 5046272 5062656 5107712 5111808 5136384 5152768 5156864 5160960 5242880 5767168 5767168 6291456
7 12 0 524288 524288 1048576 1048576 1572864 1572864 2097152 2097152 2621440 2621440 3145728 3145728 3670016 3670016 4194304 4194304 4718592 4718592 5242880 5242880 5767168 5767168 6291456
8 12 0 524288 524288 1048576 1048576 1572864 1572864 2097152 2097152 2621440 2621440 3145728 3145728 3670016 3670016 4194304 4194304 4718592 4718592 5242880 5242880 5767168 5767168 6291456
9 12 0 524288 524288 1048576 1048576 1572864 1572864 2097152 2097152 2621440 2621440 3145728 3145728 3670016 3670016 4194304 4194304 4718592 4718592 5242880 5242880 5767168 5767168 6291456
10 12 0 524288 524288 1048576 1048576 1572864 1572864 2097152 2097152 2621440 2621440 3145728 3145728 3670016 3670016 4194304 4194304 4718592 4718592 5242880 5242880 5767168 5767168 6291456
11 12 0 524288 524288 1048576 1048576 1572864 1572864 2097152 2097152 2621440 2621440 3145728 3145728 3670016 3670016 4194304 4194304 4718592 4718592 5242880 5242880 5767168 5767168 6291456
12 12 0 524288 524288 1048576 1048576 1572864 1572864 2097152 2097152 2621440 2621440 3145728 3145728 3670016 3670016 4194304 4194304 4718592 4718592 5242880 5242880 5767168 5767168 6291456
13 12 0 524288 524288 1048576 1048576 1572864 1572864 2097152 2097152 2621440 2621440 3145728 3145728 3670016 3670016 4194304 4194304 4718592 4718592 5242880 5242880 5767168 5767168 6291456
14 12 0 524288 524288 1048576 1048576 1572864 1572864 2097152 2097152 2621440 2621440 3145728 3145728 3670016 3670016 4194304 4194304 4718592 4718592 5242880 5242880 5767168 5767168 6291456
15 12 0 524288 524288 1048576 1048576 1572864 1572864 2097152 2097152 2621440 2621440 3145728 3145728 3670016 3670016 4194304 4194304 4718592 4718592 5242880 5242880 5767168 5767168 6291456
16 12 0 524288 524288 1048576 1048576 1572864 1572864 2097152 2097152 2621440 2621440 3145728 3145728 3670016 3670016 4194304 4194304 4718592 4718592 5242880 5242880 5767168 5767168 6291456
17 42 0 524288 524288 1048576 1048576 1572864 1572864 2097152 2097152 2621440 2621440 3145728 3313664 3317760 3407872 3416064 3584000 3588096 3604480 3608576 3661824 3665920 3751936 3756032 3821568 3825664 3878912 3883008 3936256 3940352 3969024 3973120 4030464 4034560 4050944 4055040 4067328 4071424 4108288 4112384 4182016 4186112 4206592 4235264 4349952 4354048 4370432 4374528 4452352 4456448 4562944 4567040 4601856 4718592 4718592 5005312 5013504 5017600 5042176 5046272 5128192 5132288 5210112 5214208 5234688 5242880 5292032 5308416 5312512 5320704 5406720 5410816 5578752 5582848 5591040 5595136 5976064 5980160 6025216 6029312 6049792 6115328 6127616 6131712
18 51 53248 57344 147456 151552 192512 245760 344064 348160 389120 393216 405504 409600 425984 430080 462848 466944 581632 593920 610304 614400 704512 708608 1101824 1105920 1130496 1134592 1175552 1179648 1208320 1212416 1421312 1425408 1736704 1744896 1773568 1781760 2162688 2191360 2326528 2347008 2400256 2441216 2502656 2506752 2519040 2527232 2531328 2539520 2719744 2723840 2809856 2813952 2876416 2937856 3203072 3207168 3284992 3317760 3321856 3325952 3395584 3399680 3448832 3452928 3543040 3547136 3551744 3555840 3735552 4194304 4194304 4329472 4902912 4907008 4972544 4980736 4984832 4993024 4997120 5009408 5013504 5021696 5025792 5038080 5042176 5054464 5058560 5066752 5070848 5074944 5079040 5083136 5087232 5091328 5095424 5099520 5238784 5242880 5242880 5767168 5767168 6291456
19 12 0 524288 524288 1048576 1048576 1572864 1572864 2097152 2097152 2621440 2621440 3145728 3145728 3670016 3670016 4194304 4194304 4718592 4718592 5242880 5242880 5767168 5767168 6291456
20 12 0 524288 524288 1048576 1048576 1572864 1572864 2097152 2097152 2621440 2621440 3145728 3145728 3670016 3670016 4194304 4194304 4718592 4718592 5242880 5242880 5767168 5767168 6291456
21 12 0 524288 524288 1048576 1048576 1572864 1572864 2097152 2097152 2621440 2621440 3145728 3145728 3670016 3670016 4194304 4194304 4718592 4718592 5242880 5242880 5767168 5767168 6291456
22 20 0 524288 524288 1048576 1048576 1572864 1572864 2097152 2097152 2621440 2621440 3145728 3145728 3670016 3670016 4194304 4194304 4718592 4718592 5242880 5242880 5271552 5308416 5312512 5345280 5349376 5373952 5378048 5435392 5439488 5562368 5566464 5795840 5799936 5808128 5812224 5849088 5869568 6270976 6275072
23 31 155648 159744 421888 430080 696320 700416 778240 786432 929792 933888 987136 991232 1003520 1004544 1171456 1179648 1507328 1523712 1708032 1712128 1732608 1736704 2150400 2166784 2179072 2195456 2260992 2262016 3211264 3215360 3223552 3227648 3264512 3268608 3325952 3670016 3670016 4194304 4194304 4206592 4481024 4485120 4788224 4804608 4829184 4857856 4904448 4923904 4972544 4980736 5197824 5201920 5206016 5210112 5242880 5246976 5439488 5468160 5550080 5558272 5566464 5570560
24 27 66048 70144 135168 147456 152064 156160 160256 164352 172544 176640 197120 201216 204800 212992 246272 254464 270848 274944 287232 291328 328192 332288 381440 385536 389632 393728 406016 414208 442880 446976 541184 549376 643072 651264 1048576 1572864 1572864 2097152 2097152 2621440 2621440 3145728 3145728 3670016 3670016 4194304 4194304 4718592 4718592 5242880 5242880 5767168 5767168 6291456
25 12 0 524288 524288 1048576 1048576 1572864 1572864 2097152 2097152 2621440 2621440 3145728 3145728 3670016 3670016 4194304 4194304 4718592 4718592 5242880 5242880 5767168 5767168 6291456
26 12 0 524288 524288 1048576 1048576 1572864 1572864 2097152 2097152 2621440 2621440 3145728 3145728 3670016 3670016 4194304 4194304 4718592 4718592 5242880 5242880 5767168 5767168 6291456
27 12 0 524288 524288 1048576 1048576 1572864 1572864 2097152 2097152 2621440 2621440 3145728 3145728 3670016 3670016 4194304 4194304 4718592 4718592 5242880 5242880 5767168 5767168 6291456
28 43 0 524288 524288 1048576 1126400 1130496 1134592 1138688 1142784 1146880 1159168 1163264 1175552 1179648 1187840 1191936 1200128 1208320 1228800 1245184 1335296 1404928 1523712 1531904 1699840 1703936 1851392 1867776 2105344 2109440 2564096 2568192 2707456 2711552 2732032 2736128 2805760 2813952 3096576 3108864 3141632 3145728 3149824 3153920 3502080 3506176 3670016 3682304 3948544 3964928 4194304 4198400 4206592 4210688 4214784 4218880 4247552 4251648 4263936 4284416 4358144 4362240 4374528 4378624 4382720 4386816 4464640 4468736 4472832 4476928 4481024 4485120 4489216 4493312 4632576 4636672 4775936 4780032 4837376 4841472 5107712 5136384 5450240 5767168 5767168 6291456
29 24 0 524288 524288 709120 950272 954368 1265664 1273856 1286144 1290240 1372160 1409024 1486848 1503232 1662976 1667072 1716224 1732608 1875968 1884160 2367488 2383872 2531840 2535936 2641920 2666496 2691072 2695168 2723840 2727936 2940928 2953216 2990080 2994176 3112960 3117056 3145728 3670016 3670016 4194304 4194304 4718592 4718592 5242880 5242880 5767168 5767168 6291456
30 12 0 524288 524288 1048576 1048576 1572864 1572864 2097152 2097152 2621440 2621440 3145728 3145728 3670016 3670016 4194304 4194304 4718592 4718592 5242880 5242880 5767168 5767168 6291456
31 12 0 524288 524288 1048576 1048576 1572864 1572864 2097152 2097152 2621440 2621440 3145728 3145728 3670016 3670016 4194304 4194304 4718592 4718592 5242880 5242880 5767168 5767168 6291456
32 12 0 524288 524288 1048576 1048576 1572864 1572864 2097152 2097152 2621440 2621440 3145728 3145728 3670016 3670016 4194304 4194304 4718592 4718592 5242880 5242880 5767168 5767168 6291456
33 12 0 524288 524288 1048576 1048576 1572864 1572864 2097152 2097152 2621440 2621440 3145728 3145728 3670016 3670016 4194304 4194304 4718592 4718592 5242880 5242880 5767168 5767168 6291456
34 12 0 524288 524288 1048576 1048576 1572864 1572864 2097152 2097152 2621440 2621440 3145728 3145728 3670016 3670016 4194304 4194304 4718592 4718592 5242880 5242880 5767168 5767168 6291456
35 12 0 524288 524288 1048576 1048576 1572864 1572864 2097152 2097152 2621440 2621440 3145728 3145728 3670016 3670016 4194304 4194304 4718592 4718592 5242880 5242880 5767168 5767168 6291456
36 12 0 524288 524288 1048576 1048576 1572864 1572864 2097152 2097152 2621440 2621440 3145728 3145728 3670016 3670016 4194304 4194304 4718592 4718592 5242880 5242880 5767168 5767168 6291456
37 12 0 524288 524288 1048576 1048576 1572864 1572864 2097152 2097152 2621440 2621440 3145728 3145728 3670016 3670016 4194304 4194304 4718592 4718592 5242880 5242880 5767168 5767168 6291456
38 12 0 524288 524288 1048576 1048576 1572864 1572864 2097152 2097152 2621440 2621440 3145728 3145728 3670016 3670016 4194304 4194304 4718592 4718592 5242880 5242880 5767168 5767168 6291456
39 12 0 524288 524288 1048576 1048576 1572864 1572864 2097152 2097152 2621440 2621440 3145728 3145728 3670016 3670016 4194304 4194304 4718592 4718592 5242880 5242880 5767168 5767168 6291456
40 37 0 524288 524288 1048576 1073152 1077248 1110016 1114112 1433600 1441792 1499136 1503232 1576960 1581056 1601536 1605632 1671168 1675264 1761280 1769472 1777664 1781760 1867776 1871872 1912832 1916928 2011136 2019328 2146304 2150400 2240512 2244608 2285568 2297856 2510848 2514944 2547712 2551808 2555904 2560000 3035136 3043328 3137536 3141632 3362816 3379200 3383296 3391488 3403776 3407872 3444736 3448832 3465216 3670016 3670016 4194304 4194304 4718592 4718592 5173248 5275648 5279744 5296128 5300224 5365760 5373952 5832704 5840896 5857280 5869568 5996544 6000640 6234112 6238208
41 44 212992 221184 225280 229376 262144 278528 339968 364544 417792 431104 454656 458752 520192 524288 791040 795136 868352 872448 876544 888832 933888 937984 978944 983040 991232 995328 1007616 1011712 1069056 1077248 1101824 1105920 1118208 1122304 1142784 1146880 1208320 1212416 1253376 1257472 1261568 1265664 1294336 1298432 1355776 1363968 1466368 1470464 1618432 1626624 1683456 1687552 1859584 1863680 1871872 1875968 1925120 1933312 2002944 2019328 2457600 2461696 2613248 2621440 2621440 2633728 2637824 2682880 2727936 2740224 3047424 3051520 3072000 3076096 3100672 3104768 3145728 3670016 3670016 4194304 4194304 4718592 4718592 5242880 5242880 5767168 5767168 6291456
42 19 0 524288 524288 1048576 1048576 1572864 1572864 2097152 2097152 2514944 2674688 2678784 3002368 3006464 3473408 3489792 4521984 4526080 4571136 4579328 5120000 5124096 5210112 5214208 5222400 5226496 5464064 5465088 5586944 5592064 5603328 5604352 5795840 5799936 5931008 5935104 6066176 6074368
43 55 61440 65536 73728 77824 327680 356352 471040 524288 524288 602112 806912 815104 933888 937984 954368 1048576 1048576 1069056 1085440 1327104 1351680 1355776 1400832 1404928 1429504 1572864 1572864 1802240 2138112 2142208 2215936 2220032 2293760 2297856 2314240 2318336 2428928 2433024 2502656 2506752 2510848 2531328 2572288 2576384 2596864 2600960 2777088 2781184 2813952 2818048 2949120 2953216 2957312 2961408 2981888 2998272 3022848 3026944 3080192 3084288 3141632 3145728 3174400 3178496 3248128 3268608 3325952 3330048 3411968 3416064 3477504 3481600 3616768 3633152 3674112 3678208 3715072 3846144 3932160 3936256 4370432 4374528 4444160 4448256 4669440 4677632 4796416 4812800 4816896 4820992 4915200 4931584 5066752 5070848 5378048 5386240 5505024 5529600 5652480 5656576 5660672 5664768 5865472 5869568 5947392 5951488 6148096 6160384 6168576 6172672
44 23 77824 81920 135168 139264 335872 344064 479232 524288 524288 1048576 1048576 1572864 1572864 2097152 2097152 2621440 2621440 3145728 3145728 3670016 3670016 4194304 4194304 4718592 4718592 5206528 5476352 5480448 5591040 5599232 5681152 5689344 5709824 5726208 5730816 5739008 5771264 5775360 5783552 5791744 5869568 5873664 6201344 6205440 6242304 6254592
45 84 159744 163840 339968 344064 356352 360448 389120 397312 442368 454656 753664 757760 851968 876544 909312 913408 962560 966656 974848 1032192 1048576 1052672 1101824 1105920 1142784 1146880 1163264 1167360 1196032 1245184 1261568 1277952 1347584 1351680 1400832 1404928 1458176 1462272 1474560 1478656 1490944 1495040 1523712 1556480 1568768 1572864 1622016 1626112 1679360 1687552 1806336 1810432 1826816 1830912 1835008 1839104 1867776 1900544 1949696 1953792 1970176 1974272 1998848 2007040 2027520 2039808 2064384 2080768 2129920 2162688 2293760 2310144 2326528 2342912 2379776 2383872 2473984 2506752 2629632 2633728 2637824 2654208 2670592 2678784 2727936 2732032 2899968 2932736 3035136 3043328 3072000 3076096 3112960 3145728 3178496 3194880 3280896 3284992 3297280 3301376 3510272 3514368 3522560 3538944 3661824 3670016 3670016 3715072 3784704 3801088 3842048 3846144 3973120 3977216 4161536 4194304 4202496 4206592 4325376 4329472 4423680 4456448 4468736 4472832 4603904 4608000 4636672 4653056 4726784 4730880 4743168 4747264 4784128 4816896 4882432 4886528 4968448 4972544 4984832 4988928 5025792 5046272 5062656 5079040 5263360 5267456 5423104 5455872 5537792 5554176 5582848 5586944 5742592 5763072 5799936 5816320 5844992 5853184 5898240 5902336 6037504 6049792 6078464 6094848 6160384 6180864 6238208 6291456
46 87 0 20480 57344 61440 90112 94208 106496 110592 135168 143360 221184 225280 229376 245760 294912 311296 565248 569344 770048 802816 831488 835584 851968 884736 913408 917504 1093632 1097728 1130496 1142784 1146880 1179648 1187840 1191936 1253376 1257472 1262080 1266176 1368064 1376256 1392640 1396736 1462272 1466368 1540096 1572864 1622016 1626112 1929216 1933312 1966080 1998848 2150400 2154496 2191360 2195456 2244608 2260992 2297856 2310144 2392064 2424832 2490368 2506752 2564096 2568192 2605056 2621440 2621440 2637824 2686976 2691072 3014656 3026944 3035136 3039232 3072000 3076096 3096576 3112960 3129344 3145728 3145728 3149824 3347456 3670016 3670016 3736576 3751936 3768320 3850240 3866624 4034560 4038656 4268032 4272128 4411392 4415488 4423680 4456448 4530176 4534272 4579328 4583424 4608000 4612096 4632576 4636672 4653056 4669440 4759552 4833280 4911104 4915200 4984832 4988928 5242880 5259264 5279744 5283840 5308416 5312512 5353472 5357568 5373952 5378048 5390336 5394432 5406720 5439488 5464064 5468160 5472256 5476352 5488640 5492736 5517312 5521408 5550080 5554176 5619712 5652480 5664768 5767168 5767168 5775360 5824512 5828608 5849088 5885952 5902336 5906432 5931008 5939200 5984256 5988352 5996544 6029312 6033408 6037504 6082560 6086656 6135808 6139904 6172672 6176768 6184960 6189056 6209536 6213632 6225920 6258688 6275072 6291456
47 99 4096 8192 16384 32768 49664 57344 102400 188416 250368 254464 307200 311296 331776 339968 425984 458752 552960 557056 638976 643072 671744 704512 786432 790528 888832 892928 966656 983040 987136 991232 1028096 1032192 1159168 1163264 1171456 1175552 1249280 1253376 1404928 1409024 1425408 1429504 1458176 1490944 1585152 1589248 1601536 1605632 1654784 1671168 1748992 1753088 1810432 1814528 1884160 1916928 1937408 1941504 2023424 2027520 2101248 2105344 2207744 2211840 2215936 2220032 2260992 2265088 2277376 2310144 2314240 2318336 2359296 2375680 2445312 2449408 2596864 2621440 2621440 2633728 2752512 2756608 2834432 2838528 2846720 2854912 2916352 2949120 2961408 2981888 3022848 3026944 3112960 3129344 3239936 3244032 3305472 3330048 3358720 3375104 3457024 3489792 3538944 3555328 3620864 3653632 3768320 3784704 3792896 3796992 3948544 3964928 3989504 3993600 4018176 4022272 4030464 4034560 4046848 4079616 4091904 4112384 4128768 4177920 4190208 4194304 4194304 4243456 4263936 4268032 4317184 4321280 4341760 4345856 4452352 4456448 4669440 4673536 4739072 4743168 4755456 4759552 4763648 4767744 4849664 4853760 4890624 4894720 4915200 4919296 4964352 4997120 5013504 5079040 5083136 5087232 5128192 5132288 5193728 5242880 5242880 5259264 5292032 5308416 5390336 5406720 5414912 5419008 5427200 5431296 5443584 5447680 5455872 5459968 5480448 5488640 5500928 5505024 5541888 5545984 5574656 5578752 5664768 5668864 5820416 5828608 5836800 5840896 5849088 5853184 5861376 5869568 5881856 5885952 6074368 6078464 6258688 6291456
48 60 0 12288 311296 315392 376832 393216 458752 462848 491520 524288 565248 569344 634880 745472 786432 819200 950272 999424 1048576 1064960 1069056 1101824 1146880 1163264 1245184 1261568 1277952 1294336 1323008 1359872 1368064 1372160 1589248 1593344 1613824 1675264 1720320 1757184 1769472 1802240 1851392 1884160 1908736 1912832 2015232 2048000 2138112 2146304 2207744 2215936 2252800 2269184 2355200 2359296 2686976 2703360 2818048 2850816 2949120 2965504 3006464 3010560 3117056 3121152 3174400 3178496 3272704 3276800 3428352 3436544 3448832 3452928 3604480 3612672 3653632 3670016 3846144 3854336 3915776 3948544 3981312 4014080 4018176 4026368 4067328 4071424 4276224 4280320 4358144 4390912 4546560 4550656 4767744 4771840 4825088 4898816 5193728 5230592 5242880 5275648 5464064 5476352 5664768 5767168 5767168 5779456 5914624 5931008 6008832 6012928 6029312 6033408 6037504 6045696 6103040 6107136 6123520 6127616 6270976 6279168
49 57 16384 32768 45056 49152 286720 299008 327680 331776 360448 364544 393216 397312 458752 479232 909312 913408 983040 1048576 1114112 1118208 1245184 1261568 1286144 1289728 1351680 1355776 1376256 1392640 1409024 1441792 1503232 1507328 1556480 1572864 1572864 1589248 1687552 1691648 1953792 1957888 2191360 2195456 2269184 2273280 2326528 2334720 2383872 2392064 2416640 2433024 2437120 2445312 2473984 2519040 2539520 2547712 2560000 2621440 2621440 3145728 3145728 3543040 3571712 3604480 3633152 3637248 3670016 3702784 3739648 3743744 3784704 3788800 3936256 3944448 4177920 4194304 4280320 4284416 4313088 4317184 4325376 4329472 4456448 4460544 4931584 4947968 5128192 5132288 5152768 5156864 5189632 5210112 5246976 5259264 5296128 5300224 5308416 5312512 5390336 5419008 5509120 5513216 5767168 5799936 5832704 5865472 5881856 5914624 6053888 6070272 6139904 6148096 6275072 6291456
50 46 147456 180224 319488 335872 458752 491520 503808 507904 647168 651264 688128 720896 737792 745984 901120 917504 929792 933888 995328 999424 1097728 1130496 1425408 1429504 1556480 1572864 1572864 2097152 2097152 2621440 2621440 3145728 3145728 3670016 3670016 3784704 3805184 3809280 3817472 3825664 3874816 3878912 3928064 3932160 3936256 3944448 3985408 3989504 4042752 4046848 4067328 4075520 4079616 4087808 4091904 4096000 4100096 4120576 4145152 4161536 4276224 4280320 4653056 4669440 4833280 4849664 5029888 5046272 5226496 5242880 5283840 5287936 5320704 5324800 5373952 5378048 5423104 5427200 5550080 5554176 5668864 5672960 5775360 5799936 5865472 5881856 6078464 6111232 6123520 6127616 6197248 6205440
51 68 73728 77824 98304 102400 237568 241664 303104 311296 315392 319488 323584 327680 471040 475136 528384 532480 540672 573440 606208 610304 643072 655360 741376 753664 770048 786432 794624 798720 843776 847872 864256 868352 1011712 1015808 1044480 1048576 1085440 1089536 1097728 1114112 1159168 1163264 1286144 1290240 1323008 1327104 1404928 1409024 1429504 1433600 1519616 1523712 1560576 1572864 1572864 1667072 1757184 1761280 1769472 1777664 1937408 1941504 2031616 2035712 2080768 2088960 2093056 2097152 2097152 2101248 2260992 2277376 2298368 2351616 2424832 2428928 2457600 2461696 2617344 2621440 2678784 2699264 2740224 2744320 2818048 2834432 2957312 2969600 2973696 2977792 3047424 3063808 3104768 3108864 3112960 3117056 3145728 3170304 3395584 3403776 3588096 3604480 3801088 3805184 3944448 3952640 4296704 4300800 4341760 4374528 4440064 4444160 4747264 4751360 4816896 4833280 5021696 5025792 5042176 5046272 5144576 5177344 5242880 5246976 5451776 5459968 5718016 5722112 5840896 5853184 6057984 6062080 6111232 6115328 6275072 6291456
52 94 0 16384 32768 36864 86016 90112 110592 114688 118784 131072 155648 159744 176128 180224 192512 196608 208896 212992 225280 229376 241664 245760 258048 299008 311296 315392 327680 331776 380928 385024 397312 401408 516096 520192 536576 540672 557056 589824 733184 737280 753664 786432 991232 995328 1015808 1032192 1077248 1089536 1294336 1298432 1404928 1409024 1437696 1441792 1540096 1572864 1605632 1609728 1642496 1646592 1929216 1933312 2031616 2043904 2056192 2060288 2134016 2138112 2142208 2146304 2191360 2195456 2224128 2228224 2236416 2240512 2260992 2265088 2269184 2277376 2318336 2330624 2441216 2445312 2478080 2482176 2502656 2506752 2519040 2539520 2555904 2564096 2580480 2584576 2678784 2748416 2973696 2977792 3026944 3031040 3092480 3145728 3145728 3457024 3604480 3608576 3629056 3633152 3641344 3649536 3883008 3915776 3928064 3932160 3948544 3956736 4202496 4206592 4239360 4243456 4317184 4329472 4354048 4358144 4399104 4403200 4505600 4509696 4550656 4554752 4657152 4661248 4743168 4747264 4800512 4816896 4857856 4861952 4968448 4972544 5029888 5033984 5087232 5103616 5115904 5156864 5242880 5255168 5312512 5316608 5324800 5328896 5332992 5337088 5410816 5414912 5525504 5529600 5627904 5632000 5636096 5644288 5681152 5689344 5738496 5742592 5767168 5771264 5857280 5861376 5881856 5885952 5914624 5918720 5996544 6029312 6053888 6057984 6111232 6144000 6221824 6225920 6242304 6246400 6254592 6258688 6270976 6275072
53 57 114688 118784 139264 147456 352256 356352 385024 389120 417792 421888 557056 589824 602112 610304 638976 671744 684032 688128 778240 782336 831488 835584 839680 843776 851968 868352 921600 925696 1040384 1044480 1146880 1150976 1306624 1310720 1458176 1462272 1503232 1572864 1572864 2097152 2097152 2232320 2256896 2260992 2322432 2326528 2371584 2392064 2490368 2494464 2519040 2592768 2834432 2867200 2904064 2908160 3018752 3022848 3141632 3145728 3145728 3162112 3170304 3174400 3272704 3276800 3444736 3448832 3461120 3465216 3567616 3571712 3964928 3997696 4018176 4022272 4046848 4055040 4194304 4198400 4202496 4206592 4292608 4296704 4313088 4325376 4407296 4440064 4575232 4587520 4616192 4620288 4734976 4739072 4984832 4988928 5091328 5099520 5128192 5144576 5242880 5255168 5513216 5517312 5697536 5701632 5750784 5767168 5767168 5783552 5857280 5861376 6160384 6193152
54 36 98304 114688 172032 180224 638976 655360 831488 835584 880640 884736 1064960 1093632 1339392 1343488 2330624 2334720 2806272 2810368 2924544 2940928 2945024 2953216 3473408 3502080 3735552 3751936 3952640 3956736 4227072 4243456 4259840 4268032 4272128 4276224 5062656 5066752 5234688 5242880 5246976 5283840 5287936 5300224 5308416 5312512 5316608 5320704 5373952 5378048 5390336 5394432 5402624 5410816 5419008 5423104 5431296 5435392 5468160 5476352 5558272 5562368 5595136 5599232 5746688 5750784 5865472 5881856 5947392 5951488 6012928 6017024 6201344 6205440
55 65 0 81920 135168 139264 278528 303104 327680 331776 479232 483328 491520 499712 548864 552960 565248 569344 573440 585728 602112 606208 688128 692224 757760 761856 864256 868352 892928 897024 929792 937984 991232 1048576 1048576 1081344 1089536 1101824 1105920 1114112 1126400 1130496 1138688 1142784 1146880 1175552 1212416 1216512 1245184 1273856 1310720 1314816 1380352 1400832 1650688 1654784 1658880 1662976 1777664 1789952 2076672 2097152 2097152 2621440 2621440 2953216 3047424 3063808 3076096 3080192 3141632 3145728 3145728 3149824 3153920 3162112 3235840 3239936 3342336 3346432 3358720 3375104 3379200 3383296 3395584 3399680 3424256 3506176 3518464 3522560 3588096 3620864 3637248 3670016 3670016 3768320 3813376 3817472 3858432 3862528 3874816 3883008 3932160 3936256 3940352 3944448 4145152 4161536 4177920 4194304 4268032 4272128 4358144 4362240 4427776 4429312 4440064 4444160 4509696 4513792 4636672 4669440 5177344 5242880 5537792 5554176 5566464 5570560 5652480 5685248 5833728 6291456
56 12 0 524288 524288 1048576 1048576 1572864 1572864 2097152 2097152 2621440 2621440 3145728 3145728 3670016 3670016 4194304 4194304 4718592 4718592 5242880 5242880 5767168 5767168 6291456
57 166 0 524288 524288 1048576 1048576 1572864 1572864 2097152 2097152 2454528 2465792 2469888 2506752 2605056 2617344 2621440 2691072 3145728 3145728 3149824 3153920 3166208 3174400 3178496 3198976 3203072 3207168 3215360 3219456 3223552 3244032 3260416 3264512 3268608 3272704 3284992 3293184 3297280 3301376 3305472 3309568 3313664 3330048 3342336 3346432 3358720 3366912 3371008 3391488 3399680 3403776 3407872 3416064 3420160 3436544 3440640 3469312 3481600 3489792 3526656 3530752 3543040 3547136 3555328 3567616 3571712 3579904 3584000 3588096 3592192 3596288 3600384 3616768 3620864 3624960 3629056 3645440 3653632 3657728 3661824 3686400 3690496 3694592 3702784 3719168 3723264 3743744 3751936 3784704 3796992 3805184 3809280 3817472 3821568 3837952 3842048 3846144 3866624 3887104 3891200 3899392 3932160 3944448 3952640 3956736 3960832 3964928 3969024 3985408 3993600 4018176 4022272 4026368 4034560 4038656 4042752 4055040 4059136 4063232 4077568 4079616 4116480 4124672 4145152 4149248 4153344 4157440 4161536 4169728 4182016 4186112 4194304 4194304 4198400 4210688 4218880 4243456 4247552 4259840 4268032 4276224 4317184 4321280 4333568 4337664 4341760 4354048 4362240 4374528 4382720 4386816 4427776 4435968 4440064 4448256 4452352 4456448 4468736 4476928 4481024 4489216 4497408 4505600 4521984 4538368 4542464 4550656 4554752 4558848 4562944 4571136 4608000 4612096 4616192 4640768 4644864 4648960 4694016 4702208 4706304 4710400 4718592 4718592 4726784 4730880 4780032 4784128 4792320 4808704 4812800 4816896 4849664 4853760 4857856 4861952 4882432 4886528 4898816 4902912 4907008 4915200 4935680 4939776 4947968 4956160 4960256 4964352 4968448 4984832 5013504 5046272 5070848 5079040 5095424 5103616 5111808 5115904 5120000 5140480 5144576 5165056 5169152 5173248 5181440 5189632 5193728 5206016 5230592 5234688 5238784 5242880 5246976 5251072 5255168 5259264 5275648 5279744 5283840 5287936 5292032 5300224 5324800 5328896 5332992 5337088 5349376 5353472 5357568 5369856 5373952 5382144 5386240 5394432 5406720 5419008 5439488 5488640 5492736 5505024 5513216 5517312 5521408 5545984 5550080 5558272 5562368 5570560 5578752 5591040 5595136 5599232 5603328 5611520 5615616 5623808 5640192 5652480 5677056 5705728 5709824 5713920 5722112 5726208 5746688 5754880 5758976 5767168 5775360 5783552 5816320 5828608 5898240 5902336 5906432 5914624 5918720 5935104 5951488 5963776 5967872 5971968 5980160 5984256 5992448 6021120 6025216 6029312 6037504 6066176 6070272 6098944 6107136 6119424 6144000 6148096 6152192 6156288 6168576 6172672 6180864 6189056 6193152 6205440 6209536 6213632 6238208 6242304 6246400 6254592 6258688 6287360 6291456
58 116 8192 12288 36864 40960 49152 53248 69632 73728 110592 118784 122880 126976 143360 147456 172032 176128 200704 204800 212992 237568 241664 262144 290816 294912 299008 307200 311296 315392 327680 331776 339968 344064 348160 352256 364544 368640 372736 376832 380928 385024 389120 393216 401408 405504 409600 413696 425984 446464 450560 454656 458752 462848 466944 471040 475136 483328 491520 495616 544768 552960 557056 569344 573440 577536 581632 593920 602112 618496 659456 663552 667648 684032 716800 786432 798720 802816 827392 831488 835584 839680 847872 849408 851968 872448 950272 970752 983040 1048576 1048576 1052672 1142784 1159168 1228800 1232896 1282048 1286144 1327104 1343488 1351680 1355776 1360896 1491968 1548288 1552384 1691648 1695744 1802240 1818624 1847296 1855488 1929216 1937408 1966080 1974272 2023424 2031616 2084864 2088960 2232320 2236416 2301952 2306048 2424832 2457600 2490368 2494464 2527232 2531328 2588672 2605056 2654208 2658304 2752512 2768896 2772992 2777088 2899968 2916352 3162112 3178496 3219456 3223552 3248128 3252224 3371008 3375104 3494400 3502592 3555328 3571712 3575808 3579904 3637248 3653632 3919872 3928064 3948544 3952640 3956736 3960832 3964928 3969024 3981312 4014080 4046848 4067328 4124672 4128768 4141056 4149248 4177920 4194304 4194304 4210688 4214784 4218880 4341760 4374528 4423680 4427776 4452352 4456448 4567040 4571136 4603904 4636672 4820992 4825088 4833280 4837376 4960256 4964352 5001216 5005312 5079040 5111808 5140480 5144576 5169152 5181440 5242880 5246976 5275648 5312512 5328896 5337088 5390336 5406720 5484544 5505024 5521408 5537792 5599232 5603328 5652480 5767168 5767168 5911552 5931008 5935104 6049792 6053888 6066176 6070272 6107136 6115328 6123520 6127616 6205440 6209536 6225920 6258688
59 62 0 4096 8192 12288 49152 81920 147456 180224 223744 285184 331776 335872 507904 524288 626688 643072 1179648 1187840 1204224 1220608 1327104 1335296 1343488 1376256 1392640 1425408 1642496 1650688 1720320 1736704 1761280 1765376 1769472 1802240 2084864 2097152 2097152 2109440 2150400 2154496 2195456 2211840 2273280 2277376 2281472 2285568 2293760 2297856 2310144 2314240 2396160 2400256 2404352 2424832 2465792 2572288 2646016 2662400 2736128 2740224 2756608 2760704 2854912 2859008 2871296 2875392 2965504 2981888 3162112 3178496 3190784 3194880 3366912 3379200 3383296 3395584 3399680 3420160 3424256 3436544 3444736 3452928 3473408 3493888 3497984 3522560 3768320 3784704 3833856 3866624 3870720 3874816 3981824 3990016 4079616 4112384 4145152 4161536 4177920 4186112 4227072 4259840 4276224 4308992 4345856 4349952 4497408 4718592 4718592 5242880 5242880 5378048 5386240 5398528 5423104 5455872 5468160 5472256 5484544 5492736 5636096 5685248 5853184 6291456
60 41 0 524288 524288 1048576 1048576 1572864 1572864 2097152 2097152 2621440 2621440 3145728 3145728 3461120 3833856 3837952 3936256 3940352 4128768 4153344 4161536 4165632 4169728 4173824 4177920 4190208 4198400 4202496 4214784 4222976 4243456 4247552 4272128 4276224 4292608 4296704 4313088 4337664 4341760 4345856 4354048 4358144 4370432 4407296 4464640 4468736 4505600 4509696 4571136 4603904 4653056 4657152 4718592 4751360 4788224 4792320 4845568 4849664 4878848 4887040 4931584 4939776 4947968 4952064 4980736 5128192 5214208 5218304 5246976 5312512 5410816 5419008 5603328 5607424 5754880 5767168 5767168 5869568 5885952 6131712 6180864 6291456
61 41 0 4096 20480 135168 151552 258048 385024 389120 450560 454656 466944 471040 569344 573440 618496 622592 1073152 1216512 1228800 1245184 1306624 1310720 1589248 1605632 1617920 1622016 2043904 2064384 2093056 2097152 2101248 2105344 2162688 2166784 2297856 2301952 2326528 2330624 2457600 2473984 2629632 2633728 2899968 2904064 3149824 3158016 3162112 3207168 3223552 3227648 3235840 3239936 3244032 3670016 3670016 4194304 4194304 4718592 4718592 4915200 5140480 5144576 5242880 5246976 5414912 5423104 5443584 5455872 5476352 5480448 5570560 5586944 5750784 5767168 5771264 5791744 5873664 5890048 5996544 6000640 6144000 6160384
62 37 0 32768 192512 196608 377856 488448 692224 696320 761856 770048 921600 929792 1028096 1032192 1044480 1048576 1093632 1130496 1175552 1253376 1294336 1572864 1572864 1634304 1769472 1773568 1798144 1802240 1875968 1880064 1933312 1949696 1990656 1994752 2031616 2039808 2068480 2072576 2179072 2211840 2228224 2244608 2359296 2375680 2682880 2686976 2703360 2719744 3039232 3043328 3620864 3624960 3637248 3641344 3682304 3686400 3715072 3739648 3821568 3825664 4575232 4694016 4734976 4751360 5234688 5238784 5263360 5275648 5361664 5632000 5914624 5918720 5926912 5931008
63 60 86016 106496 131072 135168 184320 208896 217088 229376 352256 380928 602112 606208 720896 737280 1019904 1028096 1048576 1073152 1077248 1081344 1306624 1310720 1368064 1372160 1445888 1449984 1568768 1572864 1626112 1642496 1675264 1679360 1769472 1781760 1884160 1888256 1971200 1975296 2093056 2097152 2154496 2174976 2482176 2621440 2621440 2695168 2711552 2957312 2973696 3088384 3104768 3145728 3145728 3219456 3223552 3227648 3235840 3334144 3616768 3620864 3629056 3633152 3657728 3661824 3727360 3731456 3854336 3858432 3952640 3956736 3960832 3964928 3997696 4001792 4030464 4034560 4087808 4091904 4104192 4108288 4182016 4186112 4304896 4313088 4333568 4337664 4497408 4501504 4763648 4767744 4800512 4804608 4808704 4816896 4935680 4939776 4968448 4972544 5062656 5066752 5091328 5095424 5255168 5263360 5550080 5554176 5763072 5767168 5804032 5820416 5890048 5894144 6025216 6029312 6057984 6070272 6078464 6127616 6176768 6189056
64 50 8192 12288 122880 131072 462848 466944 643072 647168 688128 720896 770048 774144 802816 806912 811008 815104 917504 921600 1036288 1040384 1130496 1146880 1155072 1159168 1171456 1175552 1191936 1196032 1200128 1208320 1314816 1318912 1343488 1376256 1429504 1474560 1646592 1650688 1654784 1662976 1744896 1748992 1794048 1798144 1974272 2015232 2101248 2105344 2400256 2404352 2686976 2703360 2932736 2936832 3108864 3145728 3145728 3219456 3424256 3543040 3743744 3747840 3756032 3760128 3825664 3829760 4079616 4100096 4313088 4317184 4481024 4542464 4571136 4583424 4689920 4698112 4878336 4882432 4997120 5009408 5177344 5193728 5320704 5324800 5390336 5394432 5410816 5439488 5480448 5496832 5640192 5685248 5795840 5799936 5808128 5812224 5869568 5873664 6094848 6098944
65 64 323584 327680 393216 425984 610304 614400 626688 770048 1056768 1064960 1073152 1085440 1490944 1507328 1724416 1728512 1785856 1802240 1875968 1880064 1900544 1904640 2027520 2031616 2097152 2101248 2179072 2183168 2326528 2359296 2408448 2412544 2490368 2506752 2727936 2732032 2850816 2867200 3145728 3149824 3153920 3162112 3166208 3174400 3178496 3186688 3194880 3211264 3301376 3305472 3448832 3452928 3473408 3506176 3567616 3579904 3612672 3616768 3895296 3903488 3940352 3944448 4268032 4272128 4403200 4407296 4448256 4452352 4456448 4460544 4550656 4718592 4718592 4734976 4751360 4755456 4816896 4820992 4919296 4923392 5091328 5107712 5152768 5156864 5189632 5193728 5214208 5218304 5226496 5230592 5242880 5246976 5275648 5279744 5410816 5414912 5464064 5480448 5505024 5509120 5582848 5586944 5599232 5607424 5619712 5623808 5656576 5660672 5672960 5681152 5722112 5726208 5734400 5738496 5808128 5812224 5832704 5849088 5853184 5857280 5869568 5873664 5976064 5980160 6025216 6123520 6197248 6201344
66 64 24576 28672 86528 377856 385024 389120 438272 442368 524288 532480 536576 540672 844288 848384 892928 897024 1048576 1052672 1347584 1351680 1523712 1527808 1646592 1650688 1703936 1708032 1744896 1753088 1802240 1806336 1949696 1953792 1978368 1982464 2073088 2081280 2207744 2215936 2224128 2236416 2244608 2248704 2260992 2265088 2281472 2285568 2297856 2301952 2330624 2334720 2396160 2400256 2469888 2473984 2486272 2490368 2502656 2506752 2519040 2523136 2564096 2568192 2580480 2584576 2596864 2600960 2613248 2617344 2629632 2633728 2666496 2670592 3002368 3006464 3018752 3022848 3145728 3162112 3178496 3211264 3637248 3645440 3674112 3686400 3694592 3698688 3768320 3772416 3776512 3780608 3915776 3940352 4026368 4030464 4190208 4194304 4194304 4210688 4300800 4304896 4374528 4390912 4489216 4493312 4636672 4644864 4820992 4825088 4915200 4919296 4943872 4947968 5242880 5324800 5365760 5369856 5591040 5599232 5672960 5677056 5754880 5758976 5804032 5808128 6258688 6262784 6283264 6287360
67 36 135168 139264 245760 249856 266240 524288 524288 604672 696320 700416 864256 868352 962560 978944 1007616 1008128 1048576 1052672 1114112 1118208 1540096 1556480 2228224 2347008 2560000 2564096 2621440 3018752 3317760 3321856 3354624 3375104 3526656 3534848 3538944 3543040 3551232 3555328 3563520 3584000 3645440 3657728 3936256 3944448 3981312 3985408 4009984 4022272 4194304 4210688 4231168 4235264 4263936 4272128 4284416 4354048 4440064 4444160 4812800 4816896 4911104 4915200 4984832 4988928 5001216 5005312 5685248 5689344 5730304 5767168 5767168 6291456
68 90 0 524288 524288 1048576 1048576 1359872 1433600 1437696 1449984 1462272 1527808 1531904 1572864 1576960 1601536 1605632 1687552 1691648 1765376 1773568 1867776 1871872 1884160 1888256 1933312 1937408 1941504 1945600 1998848 2002944 2035712 2043904 2076672 2080768 2084864 2097152 2109440 2113536 2142208 2146304 2150400 2154496 2187264 2191360 2265088 2269184 2285568 2289664 2310144 2314240 2367488 2371584 2400256 2404352 2514944 2523136 2543616 2547712 2568192 2576384 2617344 2621440 2621440 2625536 2666496 2670592 2715648 2719744 2760704 2768896 2772992 2777088 2818048 2822144 2830336 2834432 2850816 2854912 2985984 2990080 3051520 3055616 3072000 3080192 3092480 3096576 3108864 3112960 3121152 3125248 3141632 3145728 3149824 3158016 3289088 3293184 3321856 3325952 3383296 3387392 3391488 3407872 3461120 3465216 3497984 3502080 3514368 3518464 3538944 3543040 3584000 3588096 3629056 3637248 3727360 3731456 3751936 3764224 3821568 3825664 3833856 3858432 3874816 3878912 3952640 3956736 3977216 3981312 4001792 4005888 4018176 4022272 4059136 4063232 4100096 4104192 4124672 4128768 4165632 4169728 4186112 4190208 4194304 4198400 4218880 4227072 4313088 4321280 4325376 4329472 4390912 4689920 4710400 4714496 4751360 4755456 4759552 4763648 4775936 4796416 4808704 4816896 4833280 4841472 4939776 4960256 4968448 4972544 4997120 5001216 5013504 5156864 5169152 5173248 5177344 5185536 5201920 5210112 5574656 5578752
69 40 135680 143872 1564672 1572864 1654784 1658880 1675264 1679360 1708032 1712128 2097152 2101248 2113536 2117632 2158592 2179072 2187264 2195456 2310144 2314240 2433024 2437120 2482176 2490368 2502656 2506752 3096576 3100672 3121152 3125248 3162112 3166208 3203072 3211264 3223552 3244032 3350528 3354624 3506176 3510272 4035584 4039680 4120576 4124672 4183040 4187136 4362240 4366336 4371456 4375552 4497408 4501504 4534272 4538368 4596736 4600832 4718592 4722688 4730880 4759552 5246976 5251072 5300224 5304320 5341184 5357568 5501440 5509632 5558272 5562368 5586944 5591040 6094848 6098944 6107136 6111232 6164480 6172672 6258688 6262784
70 85 28672 32768 81920 86016 196608 200704 208896 212992 217088 225280 237568 245760 323584 327680 393216 397312 458752 462848 573440 606208 622592 626688 696320 700416 704512 712704 831488 835584 1040384 1044480 1126400 1130496 1179648 1183744 1290752 1294848 1388544 1392640 1401344 1405440 1458176 1474560 1545216 1549312 1556992 1561088 1573376 1577472 1659392 1663488 1704448 1708544 1794048 1798144 1802752 1806848 1815040 1819136 1827328 1831424 1856000 1860096 1872384 1876480 1962496 1966592 2007552 2011648 2015232 2064384 2077184 2081280 2097152 2105344 2170880 2174976 2326528 2330624 2379776 2383872 2478080 2482176 2494464 2498560 2502656 2506752 2621440 2641920 2785280 2789376 2793472 2797568 2830336 2834432 2932736 2936832 2973696 2977792 3031040 3039232 3084288 3088384 3133440 3137536 3268608 3272704 3342336 3346432 3366912 3371008 3416064 3420160 3465216 3469312 3477504 3481600 3518464 3522560 3567616 3571712 3616768 3624960 3674112 3678208 3682304 3686400 3739648 3743744 3784704 3788800 3878912 3883008 3932160 3936256 3981312 3985408 4272128 4276224 4325376 4329472 4374528 4378624 4714496 4718592 4800512 4816896 4833280 4837376 4931584 4943872 4972544 4976640 5132288 5136384 5140480 5148672 5230592 5234688 5279744 5287936 5292032 5308416 5996544 6000640 6021120 6025216 6197248 6217728 6230016 6234112
71 21 176128 180224 917504 921600 929792 937984 1400832 1421312 1478656 1482752 1552384 1556480 2703360 2711552 3141632 3145728 3198976 3203072 3215360 3223552 3477504 3489792 3506176 3510272 3579904 3584000 4005888 4009984 4075520 4079616 4104192 4108288 5120000 5128192 5234688 5238784 5767168 5771264 6193152 6209536 6242304 6246400
72 54 495616 503808 917504 921600 942080 946176 1036288 1040384 1052672 1056768 1077248 1085440 1089536 1093632 1110016 1130496 1179648 1183744 1187840 1191936 1204224 1208320 1212416 1216512 1220608 1228800 1257472 1261568 1298432 1302528 1306624 1310720 1359872 1363968 1376256 1380352 1409024 1413120 1421312 1425408 1449984 1454080 1482752 1486848 1552384 1572864 1572864 2097152 2097152 2621440 2621440 2813952 2883584 2985984 3022848 3067904 3145728 3489792 3600384 3604480 3801088 3805184 3919872 3928064 4063232 4067328 4313088 4317184 4337664 4349952 4395008 4399104 4464640 4468736 4558848 4562944 4567040 4571136 4591616 4595712 4603904 4608000 4907008 4911104 4960256 4968448 5148672 5156864 5242880 5246976 5296128 5300224 5328896 5332992 5496832 5500928 5545984 5550080 5636608 5644800 5779456 5783552 5832704 5836800 5951488 5955584 6094848 6103040
73 98 57344 61440 135168 139264 184320 188416 540672 548864 647168 651264 692224 704512 720896 724992 802816 811008 1019904 1024000 1048576 1052672 1073152 1077248 1122304 1126400 1130496 1146880 1175552 1183744 1224704 1228800 1277952 1282048 1343488 1347584 1384448 1388544 1441792 1445888 1511424 1515520 1830912 1839104 1888256 1892352 1896448 1904640 1945600 1949696 1990656 2002944 2048000 2052096 2097152 2105344 2150400 2154496 2199552 2203648 2248704 2252800 2297856 2301952 2404352 2412544 2686976 2703360 2756608 2760704 2822144 2826240 3092480 3096576 3190784 3194880 3420160 3424256 3469312 3473408 3547136 3551232 3641344 3645440 3657728 3665920 3702784 3706880 3710976 3715072 3792896 3796992 3813376 3817472 3854336 3858432 3862528 3870720 3895296 3899392 4005888 4009984 4104192 4108288 4165632 4169728 4182016 4186112 4202496 4210688 4280320 4284416 4304896 4308992 4354048 4358144 4411392 4415488 4419584 4423680 4440064 4444160 4497408 4501504 4546560 4550656 4612096 4616192 4661248 4665344 4673536 4677632 4698112 4702208 4788224 4792320 4825088 4829184 4833280 4837376 4849664 4853760 4866048 4870144 4923392 4927488 4976640 4980736 4988928 4993024 4997120 5021696 5070848 5074944 5152768 5156864 5234688 5242880 5304320 5308416 5320704 5324800 5464064 5468160 5603328 5607424 5615616 5619712 5701632 5705728 5758976 5763072 5767168 5771264 5775360 5779456 5849088 5853184 5885952 5890048 5918720 5926912 5963776 5967872 5976064 5980160 6057984 6062080 6074368 6082560 6127616 6131712 6234112 6238208 6246400 6254592 6283264 6287360
74 40 102400 106496 110592 114688 221184 225280 282624 286720 364544 368640 413696 421888 430080 434176 442368 450560 483328 487424 585728 606208 675840 679936 733184 737280 782336 786432 815104 856064 1019904 1024000 1130496 1134592 1302528 1306624 1417216 1421312 1425408 1429504 1449984 1454080 1536000 1540096 1667072 1683456 1695744 1699840 1712128 1716224 1720320 1724416 1740800 1744896 1900544 2097152 2097152 2621440 2621440 3145728 3145728 3670016 3670016 4194304 4194304 4718592 4718592 4792320 5058560 5066752 5099520 5103616 5259264 5263360 5324800 5337088 5341184 5349376 5599232 5603328 6275072 6279168
75 30 143360 147456 360448 393216 663552 667648 1548288 1552384 1675264 1679360 1867776 1871872 2015232 2031616 2080768 2084864 2162688 2166784 2207744 2211840 2236416 2240512 2425344 2433536 2691072 2707456 3043328 3047424 3387392 3436544 3444736 3452928 3825664 3829760 3879936 3884032 3970048 3974144 4014080 4026368 4285440 4334592 4550656 4554752 4763648 4771840 5107712 5111808 5160960 5173248 5357568 5361664 5398528 5402624 5431296 5443584 5492736 5500928 6221824 6234112
76 51 69632 73728 81920 524288 524288 1048576 1110016 1114112 1126400 1134592 1204224 1208320 1470464 1474560 1572864 1576960 1605632 1638400 1691648 1695744 1699840 1703936 1753088 1761280 1789952 1794048 1822720 1826816 1892352 1896448 1961984 1966080 1998848 2002944 2007040 2015232 2019328 2023424 2150400 2154496 2244608 2252800 2277376 2285568 2433024 2437120 2482176 2490368 2801664 2818048 2912256 2924544 2961408 2969600 3039232 3047424 3072000 3076096 3137536 3141632 3146240 3150336 3170816 3174912 3366912 3379200 3518464 3567616 3612672 3616768 3674112 3678208 3915776 3928064 3932160 3936256 4161536 4169728 4260352 4264448 4308992 4313088 4526080 4530176 4825088 4833280 4984832 4988928 4997120 5001216 5206016 5210112 5337088 5341184 5521408 5529600 5533696 5541888 5591040 5595136 5750784 5754880
77 25 0 524288 524288 1048576 1048576 1572864 1572864 2097152 2097152 2621440 2621440 3145728 3145728 3670016 3670016 4194304 4227072 4235264 4272128 4276224 4280320 4288512 4296704 4300800 4722688 4726784 5005312 5009408 5156864 5173248 5251072 5255168 5328896 5332992 5361664 5365760 5656576 5660672 5685248 5697536 5714432 5722624 5881856 5885952 6029312 6033408 6094848 6111232 6270976 6275072
78 113 86016 90112 245760 253952 356352 364544 569344 577536 581632 598016 765952 770048 888832 909312 999424 1003520 1036288 1044480 1216512 1228800 1232896 1241088 1314816 1318912 1605632 1622016 1974272 1978368 2101248 2113536 2125824 2134016 2147328 2159616 2396160 2400256 2437120 2441216 2478080 2486272 2527232 2539520 2625536 2629632 2637824 2658304 2666496 2686976 2863104 2867200 2916352 2928640 3104768 3108864 3145728 3149824 3186688 3190784 3219456 3223552 3235840 3239936 3289088 3293184 3305472 3309568 3317760 3321856 3330048 3338240 3354624 3358720 3371008 3375104 3383296 3391488 3403776 3407872 3420160 3424256 3428352 3432448 3436544 3440640 3452928 3457024 3465216 3469312 3477504 3485696 3497984 3502080 3510272 3518464 3526656 3534848 3563520 3567616 3653632 3665920 3866624 3870720 3977216 3981312 4149248 4153344 4182016 4186112 4194304 4198400 4206592 4210688 4227072 4231168 4235264 4239360 4239872 4243968 4284416 4288512 4337664 4341760 4386816 4390912 4391424 4395520 4407808 4411904 4435968 4440064 4506112 4510208 4518400 4522496 4530688 4534784 4575232 4583424 4600320 4604416 4616192 4620288 4760064 4764160 4801024 4805120 4817408 4821504 4846080 4850176 4853760 4857856 4903424 4907520 4944384 4948480 4956160 4960256 4960768 4964864 5022208 5026304 5050880 5054976 5058560 5062656 5108224 5112320 5124608 5128704 5136896 5140992 5173248 5177344 5202432 5206528 5226496 5238784 5242880 5263872 5267456 5308416 5320704 5341184 5353472 5369856 5373952 5378048 5382144 5386240 5394944 5399040 5415424 5419520 5427712 5431808 5480448 5513216 5575168 5579264 5603328 5607424 5652480 5656576 5673472 5767168 5767168 5815296 5820416 5824512 5898240 5902336 5906432 5910528 5926912 5931008 6037504 6041600 6086656 6090752 6094848 6103040 6176768 6180864 6193152 6197248
79 34 0 4096 53248 57344 143360 155648 331776 339968 376832 503808 512000 516096 753664 757760 778240 790528 811008 1048576 1048576 1572864 1572864 1925120 2068480 2080768 2129920 2134016 2260992 2265088 2347008 2355200 2543616 2564096 2625536 2637824 2846720 2850816 2875392 2883584 2912256 2920448 2949120 2998272 3006464 3010560 3760128 3837952 3858432 3866624 4174336 4178432 4255744 4263936 4644864 4648960 4669440 4685824 4784128 4796416 5234688 5238784 5906432 5910528 5927424 5993472 6008832 6017024 6094848 6103040
80 22 0 4096 32768 36864 131072 135168 237568 524288 524288 1048576 1048576 1572864 1572864 2027520 2105344 2113536 2277376 2281472 2386944 2387968 2535424 2539520 2560000 2564096 2813952 2834432 3145728 3670016 3670016 4194304 4194304 4718592 4718592 5242880 5242880 5767168 5767168 5771776 6012928 6017024 6098944 6111232 6258688 6291456
81 57 0 176128 401408 413696 499712 524288 757760 765952 974848 978944 1315840 1319936 1777664 2097152 2097152 2621440 2621440 3145728 3145728 3534848 3551232 3555328 3579904 3584000 3633152 3637248 3682304 3690496 3698688 3809280 3878912 3883008 3907584 3911680 3919872 3923968 3993600 3997696 4014080 4030464 4198400 4206592 4276224 4280320 4296704 4300800 4308992 4325376 4374528 4378624 4411392 4415488 4419584 4423680 4440064 4444160 4521984 4526080 4534272 4538368 4722688 4726784 4734976 4747264 4780032 4788224 4796416 4800512 4808704 4816896 4825088 4829184 4837376 4841472 4890624 4902912 4997120 5001216 5062656 5095424 5140480 5144576 5152768 5156864 5218304 5222400 5292032 5324800 5332992 5337088 5423104 5427200 5435392 5443584 5484544 5492736 5615616 5619712 5664768 5668864 5689344 5697536 5914624 5947392 6004736 6008832 6021120 6025216 6172672 6176768 6234112 6238208 6242304 6291456
82 36 0 16384 65536 69632 159744 163840 196608 200704 212992 217088 266240 524288 524288 950272 1040384 1048576 1114112 1130496 1232896 1236992 1368064 1372160 1438208 1446400 1462272 1466368 1507328 1523712 1589248 1593344 1609728 1687552 1802240 1806336 2400256 2408448 2437120 2453504 2478080 2486272 2584576 2588672 2641920 2646016 2667008 2671104 2838528 2842624 2879488 2883584 3182592 3190784 3194880 3227648 3301376 3670016 3670016 4194304 4194304 4718592 4718592 5242880 5242880 5767168 5767168 5853184 5988352 5992448 6156288 6164480 6197248 6201344
83 34 0 524288 524288 1048576 1048576 1572864 1572864 1978368 2285568 2301952 2473984 2478080 2490368 2494464 2560000 2572288 2646016 2654208 2785280 2793472 2863104 2867200 2887680 2891776 3162112 3170304 3346432 3350528 3436544 3440640 3645440 3649536 3715072 3719168 3772416 3776512 3833856 3850240 3891200 3895296 4341760 4349952 4452352 4456448 4628992 4633088 4653056 4661248 4800512 4804608 4882432 4898816 4939776 4968448 4976640 4980736 5111808 5128192 5226496 5242880 5644288 5648384 5935104 5947392 6029312 6037504 6250496 6254592
84 22 376832 377856 503808 507904 532480 544768 557056 573440 696320 700416 737280 770048 884736 995328 1060864 1064960 1245184 1277952 1302528 1314816 1441792 1445888 1523712 1527808 1929216 2097152 2097152 2621440 2621440 3145728 3145728 3170304 3404288 3416576 4091904 4194304 4194304 4718592 4718592 5242880 5242880 5767168 5767168 6291456
85 12 0 524288 524288 1048576 1048576 1572864 1572864 2097152 2097152 2621440 2621440 3145728 3145728 3670016 3670016 4194304 4194304 4718592 4718592 5242880 5242880 5767168 5767168 6291456
86 12 0 524288 524288 1048576 1048576 1572864 1572864 2097152 2097152 2621440 2621440 3145728 3145728 3670016 3670016 4194304 4194304 4718592 4718592 5242880 5242880 5767168 5767168 6291456
87 12 0 524288 524288 1048576 1048576 1572864 1572864 2097152 2097152 2621440 2621440 3145728 3145728 3670016 3670016 4194304 4194304 4718592 4718592 5242880 5242880 5767168 5767168 6291456
88 12 0 524288 524288 1048576 1048576 1572864 1572864 2097152 2097152 2621440 2621440 3145728 3145728 3670016 3670016 4194304 4194304 4718592 4718592 5242880 5242880 5767168 5767168 6291456
89 52 0 524288 524288 1048576 1048576 1572864 1572864 2097152 2097152 2621440 2621440 3145728 3153920 3231744 3235840 3239936 3252224 3256320 3268608 3272704 3276800 3284992 3330048 3342336 3379200 3383296 3428352 3432448 3440640 3457024 3481600 3485696 3538944 3559424 3654144 3662336 3665920 3670016 3670016 3678208 3690496 3694592 3743744 3747840 3772416 3776512 3805184 3846144 3899392 3903488 3919872 3923968 3956736 3960832 4050944 4194304 4194304 4395008 4489216 4493312 4546560 4632576 4657152 4661248 4702208 4704768 4730880 4734976 4771840 4775936 4829184 4833280 4911104 4915200 4968448 4972544 4980736 5038080 5046272 5079040 5169152 5242880 5263360 5267456 5279744 5296128 5345280 5353472 5386240 5390336 5439488 5443584 5537792 5550080 5554176 5558272 5636096 5668864 5824512 5828608 5914624 5918720 5931008 6291456
90 44 0 258048 385024 389120 434176 438272 483328 487424 524288 528384 851968 1048576 1048576 1339392 1478656 1490944 1495040 1499136 1503232 1511424 1515520 1523712 1597440 1810432 1880064 1884160 1945600 1990656 2064384 2097152 2097152 2170880 2228224 2232320 2375680 2392064 2543616 2621440 2621440 2695168 2740224 2744320 2764800 2768896 3006464 3010560 3170304 3174400 3215360 3256320 3403776 3555328 3620864 3624960 3760128 3764224 3842048 4132864 4194304 4198400 4259840 4263936 4276224 4280320 4403200 4407296 4521984 4526080 4550656 4554752 4562944 4718592 4718592 4747264 4907008 4911104 4960768 4968960 5001216 5005312 5038080 5066752 5099520 5242880 5242880 5767168 5767168 6291456
91 12 0 524288 524288 1048576 1048576 1572864 1572864 2097152 2097152 2621440 2621440 3145728 3145728 3670016 3670016 4194304 4194304 4718592 4718592 5242880 5242880 5767168 5767168 6291456
92 12 0 524288 524288 1048576 1048576 1572864 1572864 2097152 2097152 2621440 2621440 3145728 3145728 3670016 3670016 4194304 4194304 4718592 4718592 5242880 5242880 5767168 5767168 6291456
93 12 0 524288 524288 1048576 1048576 1572864 1572864 2097152 2097152 2621440 2621440 3145728 3145728 3670016 3670016 4194304 4194304 4718592 4718592 5242880 5242880 5767168 5767168 6291456
94 12 0 524288 524288 1048576 1048576 1572864 1572864 2097152 2097152 2621440 2621440 3145728 3145728 3670016 3670016 4194304 4194304 4718592 4718592 5242880 5242880 5767168 5767168 6291456
95 12 0 524288 524288 1048576 1048576 1572864 1572864 2097152 2097152 2621440 2621440 3145728 3145728 3670016 3670016 4194304 4194304 4718592 4718592 5242880 5242880 5767168 5767168 6291456
96 12 0 524288 524288 1048576 1048576 1572864 1572864 2097152 2097152 2621440 2621440 3145728 3145728 3670016 3670016 4194304 4194304 4718592 4718592 5242880 5242880 5767168 5767168 6291456
97 12 0 524288 524288 1048576 1048576 1572864 1572864 2097152 2097152 2621440 2621440 3145728 3145728 3670016 3670016 4194304 4194304 4718592 4718592 5242880 5242880 5767168 5767168 6291456
98 12 0 524288 524288 1048576 1048576 1572864 1572864 2097152 2097152 2621440 2621440 3145728 3145728 3670016 3670016 4194304 4194304 4718592 4718592 5242880 5242880 5767168 5767168 6291456
99 12 0 524288 524288 1048576 1048576 1572864 1572864 2097152 2097152 2621440 2621440 3145728 3145728 3670016 3670016 4194304 4194304 4718592 4718592 5242880 5242880 5767168 5767168 6291456
