#StripeID,rangenumber,BlockOffsetStart,BlockOffsetEnd
0 57 0 40960 49152 53248 163840 172032 180224 204800 262144 266240 348160 360448 458752 471040 524800 525824 528384 540672 704512 708608 765952 770048 802816 811008 929792 933888 1007616 1011712 1048576 1077248 1081344 1085440 1097728 1101824 1126400 1146880 1175552 1179648 1183744 1187840 1196032 1200128 1212416 1220608 1339392 1343488 1560576 1572864 1572864 1605632 1617920 1622016 1675264 1679360 1736704 1753088 1794048 1798144 1912832 1933312 2097152 2129920 2232320 2236416 2248704 2252800 2342912 2347008 2363392 2621440 2621440 2701824 2703360 2707456 2785280 2801664 3014656 3031040 3059712 3076096 3129344 3145728 3145728 3149824 3162112 3166208 3211264 3215360 3297280 3301376 3452928 3461120 3481600 3555328 3903488 3907584 3932160 3940352 4194304 4198400 4227072 4231168 4300800 4317184 4325376 4444160 4468736 4472832 4648960 4653056 4698112 4702208 4718592 5189632
1 42 12288 16384 40960 45056 53248 57344 65536 69632 196608 229376 438272 442368 499712 512000 876544 933888 1048576 1130496 1138688 1142784 1191936 1196032 1204224 1208320 1224704 1228800 1564672 1568768 1572864 1859584 1970688 1978880 1982464 1990656 2134016 2138112 2433024 2437120 2523136 2592768 2617344 2621440 2752512 2768896 2981888 2985984 3133440 3137536 3182592 3186688 3293184 3297280 3309568 3313664 3338240 3391488 3534848 3538944 3551232 3555328 3571712 3575808 3584000 3596288 3637248 3641344 3686400 3690496 3702784 3719168 3842048 3846144 3850240 3854336 3866624 3883008 4153344 4157440 4190208 4194304 4194304 4718592 4718592 5242880
2 10 0 524288 524288 1048576 1048576 1572864 1572864 2097152 2097152 2621440 2621440 3145728 3145728 3670016 3670016 4194304 4194304 4718592 4718592 5242880
3 10 0 524288 524288 1048576 1048576 1572864 1572864 2097152 2097152 2621440 2621440 3145728 3145728 3670016 3670016 4194304 4194304 4718592 4718592 5242880
4 10 0 524288 524288 1048576 1048576 1572864 1572864 2097152 2097152 2621440 2621440 3145728 3145728 3670016 3670016 4194304 4194304 4718592 4718592 5242880
5 10 0 524288 524288 1048576 1048576 1572864 1572864 2097152 2097152 2621440 2621440 3145728 3145728 3670016 3670016 4194304 4194304 4718592 4718592 5242880
6 19 0 524288 524288 1048576 1048576 1572864 1572864 2097152 2097152 2621440 2621440 3145728 3178496 3182592 3276800 3309568 3317760 3321856 3334144 3346432 3379200 3383296 3395584 3399680 3403776 3407872 3457024 3489792 3588096 3620864 3637248 3670016 3670016 4194304 4194304 4718592 4718592 5242880
7 78 0 344064 364544 372736 405504 442368 573440 574464 638976 671744 675840 679936 700416 704512 720896 724992 745472 749568 778240 782336 802816 819200 827392 831488 1015808 1032192 1064960 1081344 1134592 1138688 1282048 1283072 1392640 1425408 1458176 1474560 1556480 1572864 1572864 1589248 1622016 1638400 1695744 1696768 1708032 1732608 1794048 1798144 1810432 1814528 1826816 1830912 1900544 1933312 2015232 2023424 2101248 2146304 2162688 2166784 2195456 2211840 2228224 2232320 2260992 2293760 2359296 2363392 2392064 2424832 2441216 2473984 2478080 2482176 2527232 2531328 2592768 2596864 2600960 2605056 2617344 2621440 2621440 2629632 2703360 2707456 2818048 2834432 2867200 2883584 2949120 2957312 3002368 3006464 3129344 3145728 3149824 3153920 3203072 3207168 3297280 3301376 3325952 3358720 3395584 3403776 3567616 3575808 3723264 3727360 3764224 3772416 3801088 3805184 3837952 3842048 3866624 3883008 3948544 3956736 4022272 4026368 4075520 4079616 4132864 4136960 4149248 4150272 4157440 4177920 4268032 4272128 4382720 4386816 4489216 4521984 4538368 4571136 4587520 4620288 4653056 4669440 4702208 4710400 4866048 4870144 4878336 4886528 4898816 4902912 4931584 4947968 5029888 5062656 5210112 5214208
8 21 4096 8192 12288 49152 94208 118784 163840 164864 262144 294912 409600 413696 434176 438272 499712 503808 606208 614400 671744 688128 851968 884736 999424 1003520 1044480 1048576 1048576 1572864 1572864 2097152 2097152 2621440 2621440 3145728 3145728 3670016 3670016 4194304 4194304 4718592 4718592 5242880
9 10 0 524288 524288 1048576 1048576 1572864 1572864 2097152 2097152 2621440 2621440 3145728 3145728 3670016 3670016 4194304 4194304 4718592 4718592 5242880
10 10 0 524288 524288 1048576 1048576 1572864 1572864 2097152 2097152 2621440 2621440 3145728 3145728 3670016 3670016 4194304 4194304 4718592 4718592 5242880
11 10 0 524288 524288 1048576 1048576 1572864 1572864 2097152 2097152 2621440 2621440 3145728 3145728 3670016 3670016 4194304 4194304 4718592 4718592 5242880
12 10 0 524288 524288 1048576 1048576 1572864 1572864 2097152 2097152 2621440 2621440 3145728 3145728 3670016 3670016 4194304 4194304 4718592 4718592 5242880
13 10 0 524288 524288 1048576 1048576 1572864 1572864 2097152 2097152 2621440 2621440 3145728 3145728 3670016 3670016 4194304 4194304 4718592 4718592 5242880
14 10 0 524288 524288 1048576 1048576 1572864 1572864 2097152 2097152 2621440 2621440 3145728 3145728 3670016 3670016 4194304 4194304 4718592 4718592 5242880
15 10 0 524288 524288 1048576 1048576 1572864 1572864 2097152 2097152 2621440 2621440 3145728 3145728 3670016 3670016 4194304 4194304 4718592 4718592 5242880
16 10 0 524288 524288 1048576 1048576 1572864 1572864 2097152 2097152 2621440 2621440 3145728 3145728 3670016 3670016 4194304 4194304 4718592 4718592 5242880
17 10 0 524288 524288 1048576 1048576 1572864 1572864 2097152 2097152 2621440 2621440 3145728 3145728 3670016 3670016 4194304 4194304 4718592 4718592 5242880
18 10 0 524288 524288 1048576 1048576 1572864 1572864 2097152 2097152 2621440 2621440 3145728 3145728 3670016 3670016 4194304 4194304 4718592 4718592 5242880
19 10 0 524288 524288 1048576 1048576 1572864 1572864 2097152 2097152 2621440 2621440 3145728 3145728 3670016 3670016 4194304 4194304 4718592 4718592 5242880
20 10 0 524288 524288 1048576 1048576 1572864 1572864 2097152 2097152 2621440 2621440 3145728 3145728 3670016 3670016 4194304 4194304 4718592 4718592 5242880
21 40 4096 5120 172032 176128 253952 270336 475136 491520 602112 606208 790528 798720 823296 827392 835584 839680 864256 876544 880640 884736 905216 909312 958464 966656 1036288 1040384 1085440 1089536 1118208 1126400 1306624 1310720 1417216 1421312 1527808 1531904 1585152 1589248 1781760 1785856 1794048 1802240 1839104 1847296 1855488 1859584 1867776 1871872 1896448 1900544 2064384 2068480 2088960 2097152 2146304 2162688 2334720 2338816 2445312 2449408 2539520 2543616 2596864 2600960 2777088 2785280 2830336 2834432 2940928 2965504 3043328 3145728 3145728 3670016 3670016 4194304 4194304 4718592 4718592 5242880
22 17 0 524288 524288 868352 909312 913408 1048576 1052672 1810432 1818624 1822720 1826816 2101248 2109440 2113536 2117632 2154496 2158592 2805760 2809856 2916352 3047424 3088384 3092480 3104768 3145728 3145728 3670016 3670016 4194304 4194304 4718592 4718592 5242880
23 10 0 524288 524288 1048576 1048576 1572864 1572864 2097152 2097152 2621440 2621440 3145728 3145728 3670016 3670016 4194304 4194304 4718592 4718592 5242880
24 10 0 524288 524288 1048576 1048576 1572864 1572864 2097152 2097152 2621440 2621440 3145728 3145728 3670016 3670016 4194304 4194304 4718592 4718592 5242880
25 10 0 524288 524288 1048576 1048576 1572864 1572864 2097152 2097152 2621440 2621440 3145728 3145728 3670016 3670016 4194304 4194304 4718592 4718592 5242880
26 10 0 524288 524288 1048576 1048576 1572864 1572864 2097152 2097152 2621440 2621440 3145728 3145728 3670016 3670016 4194304 4194304 4718592 4718592 5242880
27 10 0 524288 524288 1048576 1048576 1572864 1572864 2097152 2097152 2621440 2621440 3145728 3145728 3670016 3670016 4194304 4194304 4718592 4718592 5242880
28 11 0 524288 524288 1048576 1048576 1572864 1572864 2097152 2097152 2621440 2621440 3145728 3145728 3670016 3670016 4194304 4194304 4718592 4718592 5173248 5185536 5206016
29 10 0 524288 524288 1048576 1048576 1572864 1572864 2097152 2097152 2621440 2621440 3145728 3145728 3670016 3670016 4194304 4194304 4718592 4718592 5242880
30 10 0 524288 524288 1048576 1048576 1572864 1572864 2097152 2097152 2621440 2621440 3145728 3145728 3670016 3670016 4194304 4194304 4718592 4718592 5242880
31 10 0 524288 524288 1048576 1048576 1572864 1572864 2097152 2097152 2621440 2621440 3145728 3145728 3670016 3670016 4194304 4194304 4718592 4718592 5242880
32 10 0 524288 524288 1048576 1048576 1572864 1572864 2097152 2097152 2621440 2621440 3145728 3145728 3670016 3670016 4194304 4194304 4718592 4718592 5242880
33 17 0 524288 524288 1048576 1048576 1572864 1572864 2097152 2097152 2621440 2621440 3145728 3145728 3670016 3670016 4194304 4198400 4206592 4272128 4276224 4284416 4288512 4341760 4358144 4481024 4485120 4489216 4501504 4505600 4513792 4517888 4521984 4608000 4706304
34 87 180224 196608 274944 283136 299008 303104 430080 438272 528384 532480 552960 557056 655360 675840 688128 720896 823296 831488 851968 876544 1007616 1011712 1048576 1052672 1089536 1093632 1101824 1105920 1122304 1126400 1138688 1142784 1220608 1228800 1236992 1241088 1257472 1261568 1273856 1277952 1290240 1294336 1306624 1310720 1323008 1327104 1339392 1343488 1368064 1372160 1384448 1388544 1400832 1404928 1417216 1421312 1433600 1437696 1466368 1470464 1474560 1478656 1556480 1572864 1572864 1585152 1609728 1617920 1622016 1626112 1769472 1773568 1880064 1884160 1949696 1966080 2027520 2039808 2060288 2064384 2084864 2088960 2097152 2101248 2109440 2113536 2117632 2121728 2138112 2142208 2150400 2154496 2166784 2191360 2240512 2244608 2277376 2281472 2285568 2293760 2338816 2342912 2367488 2371584 2375680 2379776 2383872 2387968 2392064 2396160 2678784 2682880 2756608 2760704 2961408 2965504 3010560 3043328 3125248 3145728 3145728 3166208 3170304 3227648 3465216 3469312 3538944 3543040 3592192 3596288 3789824 3793920 3866624 3870720 3989504 3993600 3997696 4005888 4030464 4046848 4087808 4091904 4120576 4124672 4456448 4472832 4530176 4534272 4558848 4562944 4603904 4612096 4657152 4661248 4669440 4673536 4882432 4886528 4915200 4919296 4947968 4952064 4976640 4984832 5025792 5033984 5055488 5100544 5165056 5173248 5177344 5185536 5206016 5210112
35 22 49152 53248 225280 233472 249856 253952 339968 344064 466944 471040 483328 487424 503808 507904 512000 516096 565248 569344 602112 610304 692224 696320 1048576 1052672 1081344 1085440 1269760 1277952 1298432 1306624 1957888 1961984 2097152 2621440 2621440 3145728 3145728 3670016 3670016 4194304 4194304 4718592 4718592 5242880
36 10 0 524288 524288 1048576 1048576 1572864 1572864 2097152 2097152 2621440 2621440 3145728 3145728 3670016 3670016 4194304 4194304 4718592 4718592 5242880
37 10 0 524288 524288 1048576 1048576 1572864 1572864 2097152 2097152 2621440 2621440 3145728 3145728 3670016 3670016 4194304 4194304 4718592 4718592 5242880
38 10 0 524288 524288 1048576 1048576 1572864 1572864 2097152 2097152 2621440 2621440 3145728 3145728 3670016 3670016 4194304 4194304 4718592 4718592 5242880
39 10 0 524288 524288 1048576 1048576 1572864 1572864 2097152 2097152 2621440 2621440 3145728 3145728 3670016 3670016 4194304 4194304 4718592 4718592 5242880
40 10 0 524288 524288 1048576 1048576 1572864 1572864 2097152 2097152 2621440 2621440 3145728 3145728 3670016 3670016 4194304 4194304 4718592 4718592 5242880
41 10 0 524288 524288 1048576 1048576 1572864 1572864 2097152 2097152 2621440 2621440 3145728 3145728 3670016 3670016 4194304 4194304 4718592 4718592 5242880
42 10 0 524288 524288 1048576 1048576 1572864 1572864 2097152 2097152 2621440 2621440 3145728 3145728 3670016 3670016 4194304 4194304 4718592 4718592 5242880
43 10 0 524288 524288 1048576 1048576 1572864 1572864 2097152 2097152 2621440 2621440 3145728 3145728 3670016 3670016 4194304 4194304 4718592 4718592 5242880
44 10 0 524288 524288 1048576 1048576 1572864 1572864 2097152 2097152 2621440 2621440 3145728 3145728 3670016 3670016 4194304 4194304 4718592 4718592 5242880
45 10 0 524288 524288 1048576 1048576 1572864 1572864 2097152 2097152 2621440 2621440 3145728 3145728 3670016 3670016 4194304 4194304 4718592 4718592 5242880
46 10 0 524288 524288 1048576 1048576 1572864 1572864 2097152 2097152 2621440 2621440 3145728 3145728 3670016 3670016 4194304 4194304 4718592 4718592 5242880
47 10 0 524288 524288 1048576 1048576 1572864 1572864 2097152 2097152 2621440 2621440 3145728 3145728 3670016 3670016 4194304 4194304 4718592 4718592 5242880
48 49 0 524288 524288 1048576 1052672 1064960 1069056 1077248 1089536 1093632 1110016 1122304 1126400 1138688 1142784 1146880 1191936 1196032 1228800 1458176 1499136 1503232 1605632 1609728 1966080 1970176 2183168 2187264 2207744 2211840 2314240 2318336 2383872 2387968 2412544 2416640 2420736 2428928 2560000 2564096 2678784 2682880 2768896 2772992 2805760 2826752 2854912 2859008 2863104 2883584 3043328 3047424 3080192 3084288 3215360 3219456 3223552 3227648 3235840 3239936 3264512 3268608 3297280 3301376 3342336 3371008 3411968 3416064 3432448 3436544 3526656 3530752 3604480 3608576 3649536 3653632 3678208 3682304 3858432 3866624 3928064 3932160 3952640 4005888 4075520 4079616 4186112 4190208 4194304 4198400 4268032 4272128 4521984 4526080 4640768 4644864 4788224 5242880
49 58 16384 20480 32768 36864 376832 380928 389120 393216 483328 491520 614400 626688 700416 704512 745472 753664 880640 884736 905216 909312 1077248 1081344 1122304 1130496 1327104 1331200 1466368 1479680 1536000 1540096 1544192 1548288 1732608 1736704 1818624 1822720 1843200 1847296 1921024 1937408 2027520 2031616 2039808 2043904 2056192 2060288 2101248 2105344 2129920 2134016 2166784 2170880 2191360 2195456 2342912 2347008 2404352 2412544 2560000 2564096 2572288 2576384 2633728 2637824 2646016 2654208 2658304 2666496 2691072 2695168 2703360 2707456 2719744 2723840 2732032 2736128 2748416 2752512 2756608 2760704 2768896 2781184 2789376 2793472 2830336 2834432 2895872 2904064 2998272 3002368 3010560 3014656 3022848 3026944 3031040 3035136 3280896 3284992 3309568 3313664 3506176 3514368 3579904 3584000 3727360 3739648 3776512 3788800 4120576 4124672 4169728 4173824 4194304 4718592 4718592 5242880
50 12 0 524288 524288 1048576 1048576 1572864 1572864 2097152 2097152 2621440 2621440 3145728 3145728 3670016 3670016 4194304 4194304 4612096 4820992 4837376 5029888 5046272 5238784 5242880
51 68 98304 102400 155648 159744 249856 253952 278528 286720 327680 344064 593920 602112 770048 778240 823296 827392 933888 937984 1044992 1048576 1048576 1053184 1138688 1142784 1220608 1228800 1236992 1241088 1245184 1249280 1261568 1265664 1290240 1294336 1347584 1351680 1355776 1359872 1376256 1380352 1441792 1445888 1454080 1458176 1564672 1572864 1589248 1593344 1609728 1613824 1806336 1810432 1822720 1826816 1974272 1978368 2064384 2068480 2076672 2080768 2142208 2146304 2195456 2199552 2248704 2256896 2355200 2621440 2621440 2715648 2740224 2744320 2748416 2752512 2809856 2813952 2822144 2826240 2863104 2867200 2875392 2879488 2977792 2981888 3010560 3014656 3047424 3063808 3092480 3100672 3137536 3141632 3198976 3203072 3227648 3231744 3325952 3334144 3411968 3420160 3571712 3575808 3674112 3678208 3723264 3727360 3862528 3866624 3870720 3874816 3960832 3973120 4009984 4018176 4120576 4124672 4186112 4190208 4194816 4198912 4219392 4223488 4300800 4304896 4403200 4407296 4567040 4616192 4833280 4837376 4964352 4976640 4980736 4984832 5210112 5218304
52 39 66048 70144 114688 122880 196608 200704 421888 446464 512000 516096 745472 749568 790528 798720 802816 806912 884736 901120 913408 917504 933888 937984 942080 954368 1040384 1048576 1052672 1056768 1060864 1064960 1097728 1101824 1142784 1146880 1196032 1200128 1208320 1212416 1396736 1400832 1425408 1429504 1495040 1499136 1527808 1531904 1556480 1560576 1568768 1572864 1576960 1581056 1617920 1622016 1650688 1654784 1810432 1814528 1892352 1896448 1957888 1961984 1982464 1986560 2023424 2027520 2097152 2621440 2621440 3145728 3145728 3670016 3670016 4194304 4194304 4718592 4718592 5242880
53 27 0 524288 524288 1048576 1097728 1101824 1150976 1171456 1499136 1503232 1515520 1572864 1572864 1635328 1859584 1871872 2003456 2011648 2244608 2252800 2322432 2334720 2363392 2371584 2568704 2576896 2646016 2650112 2883584 2887680 3092480 3112960 3141632 3145728 3178496 3182592 3264512 3268608 3780608 3784704 3911680 3915776 4034560 4055040 4128768 4145152 4198400 4206592 4210688 4255744 4292608 4718592 4718592 5242880
54 80 0 524288 524288 692224 729088 733184 753664 757760 765952 770048 888832 892928 1003520 1011712 1048576 1052672 1576960 1597440 1753088 1769472 1978368 1986560 1998848 2007040 2052096 2056192 2109440 2113536 2125824 2142208 2142720 2146816 2289664 2293760 2294272 2298368 2306048 2310144 2310656 2314752 2334720 2338816 2408960 2413056 2421248 2425344 2433536 2437632 2503168 2507264 2519040 2523136 2629632 2633728 2662912 2667008 2691072 2699264 2703872 2707968 2720256 2724352 2748928 2753024 2806272 2810368 2847232 2851328 2863616 2867712 2908160 2912256 2925056 2929152 2953728 2957824 3011072 3015168 3027456 3031552 3039744 3043840 3076096 3080192 3105280 3109376 3162624 3166720 3179008 3183104 3224064 3228160 3235840 3244032 3264512 3268608 3276800 3280896 3297792 3301888 3317760 3325952 3330560 3334656 3387392 3391488 3478016 3482112 3502080 3510272 3538944 3543040 3555328 3559424 3641344 3645440 3661824 3670016 3670016 3678208 3723264 3727360 3801088 3805184 3809280 3813376 3829760 3833856 3940352 3944448 4010496 4014592 4079616 4083712 4096000 4100096 4128768 4136960 4165632 4169728 4194304 4198400 4247552 4251648 4628992 4637184 4673536 4677632 4706304 4710400 4780032 4784128 4800512 4816896 4841472 4845568 4882432 4886528 5005312 5242880
55 50 0 524288 524288 876544 913408 917504 999424 1048576 1048576 1069056 1212416 1216512 1495040 1515520 1576960 1589248 1798144 1802240 1900544 1949696 2064384 2068480 2097152 2101248 2105344 2129920 2146304 2150400 2158592 2162688 2207744 2211840 2240512 2244608 2252800 2256896 2260992 2265088 2277376 2486272 2490368 2494464 2510848 2514944 2543616 2547712 2592768 2600960 2641920 2646016 2670592 2674688 2707456 2715648 2781184 2785280 3125760 3129856 3133440 3137536 3170304 3174400 3219456 3223552 3301376 3305472 3330048 3354624 3538944 3555328 3612672 3616768 3629056 3633152 3719168 3723264 3817472 3821568 4100096 4108288 4112384 4116480 4120576 4124672 4157440 4161536 4186112 4190208 4194304 4198400 4292608 4308992 4902912 4907008 4915200 4927488 4956160 4972544 5009408 5058560
56 63 118784 122880 131072 135168 315392 319488 376832 380928 475136 479232 487424 491520 503808 507904 520192 524288 536576 540672 552960 557056 573440 577536 696320 724992 757760 765952 884736 888832 1179648 1183744 1310720 1314816 1335296 1339392 1372160 1380352 1470464 1572864 1572864 1581056 1794048 1798144 1925120 1929216 1978368 1982464 1998848 2002944 2088960 2093056 2154496 2158592 2211840 2215936 2252800 2260992 2326528 2621440 2621440 2650112 2736128 2740224 2789376 3121152 3141632 3145728 3158016 3166208 3268608 3272704 3301376 3305472 3355136 3367424 3469312 3473408 3477504 3481600 3502080 3506176 3698688 3702784 3706880 3719168 3756032 3760128 3887104 3891200 4050944 4055040 4116480 4124672 4162048 4170240 4194304 4202496 4210688 4214784 4456448 4460544 4497408 4501504 4546560 4558848 4657152 4661248 4665344 4669440 4689920 4694016 4747264 4755456 4771840 4775936 4780032 4788224 4919296 4923392 4931584 4960256 5120000 5128192 5136384 5140480 5197824 5206016
57 74 143360 147456 176128 180224 290816 294912 598016 602112 622592 1048576 1048576 1572864 1572864 1736704 1740800 1748992 1769472 1773568 1810432 1818624 1867776 1888256 1892352 1896448 1900544 1933312 1937408 1941504 1982464 1986560 2023424 2027520 2043904 2060288 2080768 2097152 2097152 2113536 2146304 2162688 2224128 2260992 2310144 2314240 2355200 2359296 2364416 2368512 2473984 2478080 2519040 2523136 2609152 2613248 2695168 2699264 2707456 2711552 2928640 2932736 3047424 3051520 3096576 3100672 3112960 3145728 3211264 3227648 3264512 3268608 3366912 3383296 3457024 3461120 3489792 3538944 3633152 3637248 3653632 3670016 3710976 3715072 3764224 3768320 3780608 3891200 3940352 3944448 3948544 3956736 3985408 4042752 4075520 4079616 4096000 4128768 4194304 4210688 4214784 4247552 4251648 4255744 4288512 4292608 4304896 4308992 4337664 4341760 4362240 4374528 4390912 4407296 4423680 4440064 4468736 4472832 4513792 4521984 4526080 4530176 4562944 4567040 4571136 4579328 4591616 4628480 4694016 4698112 4734976 4739072 4759552 4784128 4820992 4825088 4882432 4886528 4894720 4902912 4915200 4947968 4956160 4960256 4968448 4972544 4993024 4997120 5042176 5046272
58 125 4096 8192 102400 106496 122880 126976 180224 184320 217088 221184 225280 229376 241664 249856 327680 331776 339968 348160 430080 434176 483328 487424 528384 532480 540672 548864 552960 557056 585728 589824 614400 622592 630784 634880 643072 647168 688128 692224 741376 745472 819200 823296 835584 839680 856064 860160 872448 876544 888832 892928 905216 909312 921600 925696 937984 942080 946176 950272 954368 962560 978944 983040 995328 999424 1011712 1015808 1019904 1032192 1044480 1048576 1064960 1069056 1077248 1081344 1085440 1089536 1101824 1105920 1138688 1142784 1167360 1171456 1228800 1232896 1294336 1298432 1351680 1355776 1421312 1425408 1470464 1474560 1482752 1486848 1556480 1572864 1724416 1728512 1740800 1744896 1748992 1757184 1810432 1814528 1826816 1830912 1839104 1843200 1875968 1880064 1970176 1974272 1978368 1982464 2027520 2031616 2039808 2043904 2052096 2056192 2105344 2109440 2125824 2129920 2162688 2166784 2179072 2183168 2256896 2293760 2310144 2314240 2330624 2334720 2387968 2392064 2408448 2412544 2486272 2490368 2502656 2510848 2633728 2637824 2678784 2699264 2711552 2715648 2727936 2740224 2748416 2752512 2768896 2772992 2781184 2785280 2801664 2805760 2842624 2846720 2924544 2928640 2940928 2945024 2949120 2961408 3088384 3108864 3121152 3125248 3141632 3145728 3239936 3252224 3330048 3334144 3448832 3452928 3465216 3469312 3551232 3555328 3571712 3670016 3670016 3682304 3706880 3731456 3780608 3784704 3858432 3862528 3874816 3878912 3887104 3891200 3895296 3903488 3911680 3919872 3932160 3948544 3952640 3956736 3973120 3977216 3985408 3989504 4001792 4009984 4038656 4042752 4050944 4055040 4079616 4083712 4268032 4272128 4472832 4476928 4481024 4493312 4521984 4526080 4554752 4558848 4575232 4583424 4587520 4591616 4653056 4661248 4764160 4768256 4816896 4820992 4919296 4923392 5095424 5099520 5103616 5107712 5115904 5120000 5177344 5210112 5226496 5230592 5238784 5242880
59 34 32768 36864 65536 69632 167936 172032 221184 241152 262144 266240 303104 307200 360448 393216 413696 417792 507904 524288 524288 540672 565248 569344 598016 602112 835584 839680 1007616 1011712 1073152 1077248 1228800 1232896 1277952 1286144 1335296 1343488 1368064 1384448 1388544 1396736 1400832 1409024 1425408 1470464 1486848 1499136 1511424 1572864 1572864 2097152 2097152 2494464 2498560 2502656 2510848 2514944 2621440 2625536 2764800 3145728 3145728 3670016 3670016 4194304 4194304 4718592 4718592 5124096
60 40 147456 180224 294912 299008 442368 450560 458752 491520 499712 507904 540672 544768 667648 671744 688128 720896 749568 753664 790528 794624 851968 868352 978944 983040 1093632 1130496 1167360 1171456 1236992 1241088 1269760 1273856 1400832 1404928 1445888 1449984 1548288 1552384 1556480 1572864 1572864 2097152 2097152 2621440 2621440 3145728 3145728 3670016 3670016 4083712 4091904 4096000 4120576 4124672 4141056 4161536 4276224 4280320 4399104 4407296 4603904 4608000 4755456 4759552 4878336 4882432 4907008 4911104 4960256 4976640 5029888 5046272 5058560 5062656 5201920 5206016 5210112 5214208 5226496 5242880
61 94 40960 45056 77824 81920 118784 122880 167936 172032 180224 184320 208896 229376 307200 311296 323584 327680 393216 397312 425984 430080 491520 495616 532480 557056 622592 638976 675840 679936 733184 737280 790528 794624 815104 819200 835584 868352 966656 970752 1048576 1064960 1118208 1126400 1146880 1150976 1187840 1191936 1216512 1220608 1286144 1290240 1294336 1298432 1351680 1359872 1380352 1396736 1441792 1445888 1458176 1462272 1507328 1511424 1515520 1519616 1548288 1552384 1556480 1560576 1568768 1572864 1572864 1585152 1589248 1622016 1667072 1671168 1761280 1769472 1818624 1835008 1892352 1896448 1912832 1916928 1982464 1986560 2060288 2064384 2093056 2097152 2146304 2162688 2166784 2174976 2207744 2211840 2252800 2277376 2334720 2338816 2355712 2368000 2371584 2375680 2453504 2457600 2568192 2572288 2609152 2621440 2621440 2736128 2805760 2809856 2818048 2826240 2879488 2883584 2904064 2973696 2985984 2990080 3129344 3133440 3145728 3149824 3198976 3203072 3325952 3330048 3506176 3510272 3665920 3670016 3727360 3747840 3788800 3792896 3960832 3964928 4096000 4112384 4194304 4218880 4222976 4227072 4231168 4235264 4276224 4280320 4317184 4325376 4354048 4358144 4370432 4374528 4390912 4395008 4399104 4403200 4419584 4423680 4460544 4464640 4513792 4517888 4530176 4534272 4542464 4546560 4554752 4558848 4579328 4583424 4587520 4591616 4595712 4608000 4632576 4653056 4673536 4718592 4718592 4788224 4792320 5148672 5160960 5242880
62 183 0 36864 53248 180224 282624 286720 290816 294912 307200 311296 339968 344064 348160 368640 376832 380928 393216 413696 421888 430080 434176 442368 512000 516096 528384 540672 561152 565248 569344 573440 593920 598016 622592 638976 659456 663552 667648 675840 679936 684032 692224 696320 745472 749568 761856 765952 782336 786432 802816 806912 827392 835584 864256 868352 876544 880640 901120 905216 942080 946176 950272 983040 987136 991232 1024000 1028096 1056768 1064960 1081344 1093632 1101824 1110016 1126400 1138688 1142784 1155072 1159168 1163264 1175552 1179648 1187840 1220608 1224704 1228800 1257472 1265664 1282048 1286144 1298432 1302528 1351680 1355776 1392640 1396736 1400832 1404928 1413120 1417216 1421312 1433600 1454080 1458176 1486848 1495040 1527808 1531904 1540096 1544192 1597440 1601536 1613824 1622016 1712128 1716224 1736704 1740800 1761280 1765376 1814528 1818624 1822720 1830912 1851392 1855488 1859584 1871872 1892352 1900544 1908736 1912832 1916928 1921024 1945600 1949696 1994752 1998848 2080768 2097152 2097152 2113536 2150400 2154496 2166784 2170880 2174976 2187264 2191360 2195456 2228224 2232320 2248704 2256896 2273280 2277376 2289664 2293760 2301952 2310144 2318336 2326528 2334720 2342912 2355200 2396160 2408448 2412544 2424832 2428928 2445312 2469888 2478080 2482176 2494464 2498560 2502656 2510848 2514944 2519040 2523136 2527232 2551808 2555904 2588672 2592768 2654208 2691072 2707456 2715648 2719744 2727936 2830336 2834432 2842624 2846720 2850816 2883584 3043328 3059712 3153920 3158016 3166208 3174400 3190784 3194880 3211264 3215360 3244032 3248128 3260416 3264512 3272704 3276800 3280896 3289088 3309568 3313664 3358720 3362816 3383296 3387392 3395584 3399680 3407872 3411968 3436544 3440640 3481600 3485696 3502080 3506176 3526656 3530752 3555328 3559424 3588096 3596288 3620864 3629056 3637248 3670016 3694592 3698688 3727360 3731456 3743744 3751936 3776512 3780608 3796992 3801088 3821568 3825664 3846144 3850240 3862528 3866624 3874816 3878912 3883008 3887104 3891200 3928064 3952640 3956736 3960832 3964928 3970048 3977216 3989504 3998720 4072448 4083712 4087808 4091904 4132864 4141056 4142080 4149248 4157440 4161536 4194304 4198400 4199424 4203520 4231168 4235264 4272128 4280320 4288512 4292608 4308992 4313088 4321280 4325376 4337664 4341760 4349952 4354048 4358144 4362240 4382720 4386816 4460544 4468736 4476928 4481024 4501504 4505600 4517888 4521984 4562944 4567040 4579328 4595712 4599808 4603904 4612096 4632576 4648960 4653056 4665344 4673536 4677632 4681728 4710400 4718592 4739072 4743168 4759552 4763648 4775936 4845568 4857856 4861952 4894720 4898816 4976640 4980736 4997120 5009408 5021696 5025792 5033984 5038080 5042176 5050368 5054464 5058560 5062656 5070848 5091328 5095424 5107712 5111808 5124096 5132288 5140480 5144576 5148672 5160960 5165056 5169152 5173248 5177344 5222400 5226496
63 144 0 4096 12288 16384 32768 40960 77824 81920 90112 94208 114688 118784 126976 131072 135168 143360 147456 159744 204800 212992 221184 225280 241664 249856 253952 258048 274432 282624 303104 307200 311296 315392 331776 335872 339968 344064 368640 372736 385024 389120 409600 413696 421888 425984 434176 438272 454656 462848 479232 483328 516096 524288 557056 561152 589824 598016 610304 614400 634880 638976 663552 667648 700416 704512 712704 716800 724992 770048 802816 806912 815104 819200 827392 831488 856064 864256 884736 888832 929792 933888 950272 954368 958464 962560 966656 970752 974848 978944 999424 1007616 1036288 1040384 1048576 1052672 1073152 1077248 1093632 1097728 1101824 1105920 1126400 1130496 1138688 1146880 1150976 1155072 1171456 1175552 1204224 1208320 1228800 1232896 1236992 1241088 1253376 1269760 1306624 1310720 1327104 1331200 1343488 1347584 1363968 1368064 1389056 1397248 1404928 1409024 1417216 1429504 1441792 1449984 1478656 1482752 1503232 1507328 1531904 1536000 1560576 1564672 1585152 1589248 1593344 1601536 1626112 1642496 1650688 1671168 1687552 1708032 1712128 1716224 1757184 1761280 1781760 1785856 1830912 1835008 1921024 1925120 2048000 2052096 2084864 2088960 2097152 2105344 2113536 2117632 2134016 2138112 2150400 2154496 2203648 2207744 2220032 2228224 2240512 2244608 2293760 2297856 2322432 2326528 2330624 2338816 2379776 2383872 2396160 2404352 2543616 2547712 2576384 2580480 2584576 2588672 2592768 2605056 2629632 2633728 2637824 2662400 2686976 2691072 2711552 2715648 2760704 2764800 2768896 2772992 2850816 2883584 2895872 2899968 2908160 2912256 2945024 2949120 2965504 2998272 3014656 3018752 3092480 3096576 3108864 3112960 3121152 3129344 3158016 3162112 3284992 3293184 3309568 3313664 3350528 3354624 3362816 3366912 3555328 3559424 3563520 3567616 3584000 3588096 3690496 3694592 3702784 3735552 3784704 3817472 3829760 3833856 3878912 3883008 3928064 3932160 3940352 3948544 3956736 4030464 4042752 4046848 4116480 4120576 4145152 4153344 4161536 4165632 4186112 4190208 4214784 4218880 4284416 4288512 4292608 4296704 4337664 4341760 4456448 4460544 4468736 4472832 4571136 4718592 4718592 4993024 5017600 5173248 5238784 5242880
64 49 20480 24576 57344 61440 77824 81920 122880 131072 159744 163840 167936 172032 188416 192512 196608 200704 225280 229376 245760 249856 274432 278528 303104 524288 524288 1048576 1048576 1572864 1572864 2093056 2150400 2199552 2310144 2342912 2441216 2465792 2568192 2576384 2580480 2588672 2625536 2629632 2670592 2674688 2740224 2826240 2838528 2842624 2932736 2936832 2961408 2981888 2994176 3002368 3031040 3051520 3096576 3145728 3145728 3264512 3342336 3346432 3477504 3481600 3629056 3637248 3653632 3670016 3670016 3694592 3739648 3743744 3760128 3764224 3772416 3776512 3837952 3846144 4063232 4096000 4222976 4227072 4235264 4239360 4292608 4313600 4366336 4374528 4829184 4898816 4972544 4976640 4989952 5030912 5074944 5087232 5140480 5148672
65 34 36864 65536 77824 94208 262144 278528 331776 348160 471040 496640 520192 524288 524288 593920 733184 749568 774144 782336 843776 847872 1101824 1363968 1716224 1789952 1957888 2027520 2068480 2097152 2097152 2121728 2150400 2162688 2240512 2244608 2617344 2621440 2621440 2662400 2686976 2703360 3096576 3145728 3145728 3670016 3670016 4194304 4194304 4718592 4718592 4751360 4763648 4812800 4816896 4833280 4898816 4902912 4988928 4993024 5025792 5042176 5124096 5128192 5148672 5156864 5210112 5230592 5238784 5242880
66 55 0 81920 118784 131072 135168 139264 278528 294912 323584 368640 491520 499712 516096 524288 548864 552960 602112 606208 622592 626688 675840 720896 778240 786432 802816 815104 892928 897024 917504 978944 999424 1048576 1048576 1110016 1146880 1150976 1310720 1314816 1368064 1380352 1384448 1400832 1449984 1466368 1671168 1683456 1708032 1744896 1789952 1794048 1888256 1892352 1953792 2002944 2023424 2027520 2076672 2097152 2097152 2621440 2621440 3010560 3039232 3043328 3178496 3194880 3207168 3211264 3215360 3227648 3325952 3399680 3424256 3510272 3670016 3735552 3776512 3792896 3813376 3817472 3878912 3883008 4169728 4173824 4337664 4341760 4358144 4362240 4366336 4370432 4509696 4513792 4538368 4546560 4624384 4718592 4718592 4792320 4796416 4800512 4878336 4882432 4890624 4972544 4976640 4980736 5029888 5046272 5103616 5156864
67 54 241664 245760 294912 311296 499712 503808 663552 827392 876544 880640 1015808 1048576 1048576 1064960 1163264 1179648 1245184 1249280 1605632 1622016 1716224 1736704 1753088 1757184 1765376 1769472 1826816 1830912 1875968 1888256 2002944 2039808 2064384 2080768 2101248 2183168 2228224 2236416 2265088 2269184 2277376 2281472 2351104 2355200 2490368 2510848 2555904 2588672 2605568 2613760 2650112 2654208 2662400 2666496 2695168 2699264 2756608 2797568 2879488 2883584 2920448 2924544 2932736 2936832 2981888 2985984 3002368 3145728 3145728 3346432 3461120 3465216 3497984 3584000 3653632 3656192 3694592 3739648 3792896 3809280 3813376 3817472 3923968 3989504 3997696 4014080 4120576 4194304 4194304 4198400 4231168 4247552 4288512 4292608 4431872 4435968 4452352 4456448 4489216 4501504 4579328 4677632 4734976 4751360 4841472 4845568 4882432 5242880
68 48 0 258048 307200 315392 598016 602112 606208 774144 851968 1048576 1048576 1572864 1572864 2097152 2097152 2170880 2256896 2260992 2306048 2310144 2400256 2404352 2408448 2441216 2449408 2453504 2457600 2461696 2510848 2514944 2543616 2621440 2621440 2695168 2699264 2707456 2752512 2756608 2764800 2768896 2842624 2846720 2899968 2924544 2932736 2940928 3055616 3059712 3067904 3076096 3108864 3112960 3137536 3141632 3145728 3149824 3207168 3211264 3215360 3256320 3366912 3371008 3403776 3538944 3661824 3670016 3670016 3686400 3796992 4132864 4136960 4141056 4194304 4198400 4214784 4218880 4382720 4386816 4530176 4534272 4554752 4558848 4562944 4718592 4718592 4747264 4775936 4784128 4800512 4808704 4911104 5009408 5038080 5054464 5120000 5136384
69 75 0 4096 28672 32768 192512 249856 339968 344064 434176 495616 565248 598016 647168 651264 671744 675840 692224 696320 716800 720896 753664 786432 872448 876544 884736 901120 909312 913408 917504 921600 925696 931840 933888 966656 995328 999424 1130496 1163264 1171456 1220608 1228800 1232896 1241088 1400832 1433600 1441792 1449984 1454080 1507328 1540096 1589248 1622016 1630208 1830912 1851392 1867776 1908736 1912832 1933312 1949696 2064384 2080768 2101248 2109440 2129920 2158592 2236416 2240512 2273280 2293760 2412544 2416640 2445312 2449408 2490368 2494464 2527232 2531328 2691072 2695168 2818048 2822144 2850816 2854912 2875392 2895872 2908160 2961408 2990080 2998272 3006464 3010560 3031040 3145728 3145728 3211264 3223552 3227648 3239936 3284992 3358720 3420160 3465216 3477504 3485696 3489792 3526656 3530752 3584000 3588096 3747840 3751936 3805184 3809280 3895296 3928064 3944448 3977216 3981312 3985408 3997696 4018176 4050944 4063232 4067328 4071424 4096000 4112384 4153344 4157440 4177920 4182016 4259840 4276224 4292608 4300800 4325376 4329472 4554752 4718592 4718592 4841472 4923392 4927488 4935680 4943872 5001216 5058560 5210112 5230592
70 62 24576 28672 49152 98304 139264 200704 221184 225280 307200 311296 421888 475136 479232 483328 618496 851968 933888 937984 1015808 1036288 1073152 1077248 1110016 1134592 1269760 1273856 1347584 1363968 1388544 1417216 1458176 1474560 1515520 1560576 1847296 1851392 1884160 1916928 1949696 1966080 1974272 1978368 2080768 2084864 2244608 2277376 2301952 2306048 2314240 2318336 2322432 2342912 2375680 2584576 2593280 2601472 2666496 2686976 2691072 2707456 2871296 2875392 2880512 2888704 2916352 2920448 2981888 3014656 3051520 3145728 3145728 3186688 3260416 3313664 3391488 3485696 3547136 3592192 3604480 3620864 3706880 3710976 3858432 3874816 3973120 4046848 4087808 4124672 4132864 4136960 4145152 4157440 4169728 4177920 4186112 4190208 4243456 4247552 4395008 4399104 4418048 4479488 4521984 4526080 4534272 4538368 4579328 4583424 4702208 4718592 4784128 4788224 4845568 4849664 4976640 4980736 5050368 5185536 5193728 5197824 5218304 5222400 5238784 5242880
71 52 8192 12288 73728 77824 106496 176128 188416 200704 233472 237568 294912 327680 344064 389120 409600 425984 442368 524288 524288 544768 610304 622592 655360 704512 720896 753664 790528 794624 831488 880640 909312 913408 921600 1048576 1048576 1085440 1146880 1163264 1298432 1302528 1318912 1335296 1359872 1376256 1417216 1523712 1585152 1597440 1605632 1609728 1683456 1691648 1728512 1732608 1736704 1789952 1806336 1810432 1875968 2097152 2097152 2347008 2351104 2371584 2375680 2387968 2424832 2445312 2449408 2461696 2473984 2478080 2482176 2486272 2592768 2596864 2605056 2609152 2703360 2727936 2748416 2764800 2789376 2809856 2912256 2936832 3031040 3063808 3096576 3112960 3178496 3211264 3235840 3252224 3354624 3424256 3489792 3670016 3670016 4194304 4194304 4718592 4718592 5242880
72 16 0 524288 524288 1048576 1048576 1572864 1572864 2097152 2097152 2621440 2621440 3145728 3145728 3461120 3555328 3670016 3670016 4194304 4194304 4718592 4718592 5005312 5021696 5025792 5054464 5058560 5132288 5136384 5173248 5181440 5222400 5226496
73 67 12288 24576 28672 36864 81920 90112 94208 98304 147456 151552 155648 159744 180224 184320 249856 253952 258048 262144 286720 348160 380928 524288 524288 593920 598016 786432 835584 843776 909312 913408 999424 1003520 1011712 1048576 1048576 1056768 1064960 1126400 1179648 1331200 1507328 1511424 1568768 1572864 1572864 1585152 1617920 1622016 1667072 1671168 1724416 1810432 1830912 1835008 2035712 2039808 2048000 2068480 2097152 2117632 2121728 2285568 2342912 2347008 2355200 2359296 2379776 2383872 2404352 2408448 2670592 2674688 2682880 2760704 2965504 2981888 2998272 3145728 3145728 3153920 3162112 3166208 3211264 3215360 3346432 3350528 3678208 3682304 3911680 3919872 3952640 3956736 4034560 4042752 4075520 4083712 4091904 4194304 4194304 4263936 4272128 4276224 4280320 4284416 4288512 4292608 4304896 4308992 4321280 4329472 4333568 4337664 4345856 4354048 4374528 4390912 4542464 4550656 4579840 4592128 4595712 4718592 4718592 4825088 5013504 5029888 5058560 5062656 5115904 5136384 5152768 5156864 5193728 5197824
74 25 184320 217088 389120 397312 573440 589824 593920 675840 774144 778240 974848 1015808 1048576 1056768 1069056 1073152 1085440 1089536 1101824 1105920 1118208 1122304 1134592 1138688 1150976 1155072 1171456 1343488 1376256 1392640 1564672 1572864 1572864 1667072 1679360 1695744 1708032 2097152 2097152 2621440 2621440 3145728 3145728 3670016 3670016 4194304 4194304 4718592 4718592 5242880
75 28 0 352256 405504 524288 524288 684032 917504 937984 1060864 1064960 1081344 1085440 1163264 1179648 1204224 1273856 1409024 1425408 1429504 1548288 1675264 1781760 2048000 2097152 2097152 2605056 2609152 2621440 2621440 2723840 2740224 3145728 3145728 3256320 3264512 3268608 3362816 3485696 3592192 3670016 3670016 3751936 4063232 4075520 4083712 4087808 4157440 4177920 4263936 4276224 4338176 4350464 4396032 4718592 4718592 5058560
76 16 131072 258048 331776 344064 385024 524288 524288 598016 614400 860160 876544 991232 1007616 1048576 1048576 1122304 1138688 1572864 1572864 2097152 2097152 2621440 2621440 3145728 3145728 3670016 3670016 4194304 4194304 4718592 4718592 5242880
77 34 0 524288 524288 933888 970752 995328 1015808 1036288 1044480 1048576 1048576 1052672 1064960 1105920 1200128 1204224 1302528 1306624 1343488 1347584 1396736 1400832 1409024 1425408 1454080 1458176 1564672 1572864 1572864 1581056 1667072 1703936 1908736 1916928 2060288 2097152 2097152 2170880 2260992 2621440 2621440 3145728 3145728 3670016 3670016 4194304 4194304 4427776 4431872 4448256 4661248 4665344 4718592 4853760 4882432 4886528 4894720 4898816 4911104 4915200 5025792 5029888 5046272 5050368 5054464 5058560 5144576 5148672
78 27 24576 28672 49152 143360 155648 172032 241664 286720 466944 471040 516096 524288 524288 593920 602112 606208 831488 835584 983040 1048576 1048576 1273856 1351680 1572864 1572864 2097152 2097152 2236416 2281472 2502656 2527232 2543616 2555904 2560000 2686976 2691072 2736128 2781184 2785280 2789376 2912256 2949120 3125248 3133440 3141632 3145728 3145728 3670016 3670016 4194304 4194304 4718592 4718592 5242880
79 47 0 401408 442368 524288 524288 569344 585728 589824 622592 630784 708608 712704 761856 765952 782336 983040 1019904 1024000 1048576 1052672 1298432 1302528 1331200 1437696 1544192 1572864 1572864 1589248 1634304 1642496 1662976 1687552 1781760 1785856 1806336 2056192 2134016 2138112 2146304 2162688 2314240 2326528 2330624 2334720 2375680 2383872 2392064 2396160 2539520 2555904 2613248 2617344 2666496 2670592 2920448 2936832 2965504 2977792 3067904 3137536 3190784 3227648 3264512 3268608 3301376 3321856 3403776 3407872 3444736 3620864 3719168 3723264 3743744 3747840 3862528 3870720 3952640 3956736 3977216 3985408 3989504 3993600 4050944 4055040 4120576 4194304 4194304 4333568 4396032 4718592 4718592 4760576 4907008 5242880
80 53 0 356352 376832 380928 393216 397312 696320 700416 856064 1048576 1048576 1376256 1425408 1429504 1441792 1572864 1572864 1712128 1785856 1789952 1908736 2015232 2080768 2084864 2183168 2187264 2351104 2355200 2383872 2387968 2416640 2420736 2547712 2551808 2609152 2621440 2621440 2838528 2945024 2949120 2957312 2965504 3076096 3100672 3104768 3105280 3141632 3145728 3207168 3211264 3268608 3276800 3411968 3420160 3440640 3444736 3497984 3502080 3760128 3792896 3821568 3825664 3837952 3850240 3870720 3874816 3948544 3952640 3989504 4001792 4063232 4067328 4108288 4112384 4128768 4145152 4173824 4177920 4239360 4243456 4255744 4284416 4325376 4329472 4378624 4382720 4497408 4526080 4554752 4558848 4636672 4640768 4702208 4706304 4726784 4743168 4780032 4784128 4820992 4894720 4997120 5001216 5046272 5054464 5087232 5242880
81 32 0 24576 90112 118784 278528 503808 589824 593920 606208 610304 651264 655360 729088 1048576 1048576 1572864 1572864 2097152 2097152 2121728 2269184 2277376 2306048 2310144 2347008 2351104 2396160 2404352 2449408 2453504 2478080 2482176 2498560 2502656 2551808 2555904 2600960 2605056 2613248 2621440 2621440 2654208 2703360 2707456 2752512 2756608 2805760 2809856 2940928 2945024 2969600 2977792 3080192 3084288 3117056 3145728 3145728 3670016 3670016 4194304 4194304 4718592 4718592 5242880
82 10 0 524288 524288 1048576 1048576 1572864 1572864 2097152 2097152 2621440 2621440 3145728 3145728 3670016 3670016 4194304 4194304 4718592 4718592 5242880
83 10 0 524288 524288 1048576 1048576 1572864 1572864 2097152 2097152 2621440 2621440 3145728 3145728 3670016 3670016 4194304 4194304 4718592 4718592 5242880
84 10 0 524288 524288 1048576 1048576 1572864 1572864 2097152 2097152 2621440 2621440 3145728 3145728 3670016 3670016 4194304 4194304 4718592 4718592 5242880
85 10 0 524288 524288 1048576 1048576 1572864 1572864 2097152 2097152 2621440 2621440 3145728 3145728 3670016 3670016 4194304 4194304 4718592 4718592 5242880
86 10 0 524288 524288 1048576 1048576 1572864 1572864 2097152 2097152 2621440 2621440 3145728 3145728 3670016 3670016 4194304 4194304 4718592 4718592 5242880
87 74 0 524288 524288 1048576 1048576 1572864 1572864 2097152 2097152 2101248 2125824 2138112 2150400 2158592 2170880 2174976 2179072 2191360 2203648 2207744 2220032 2224128 2248704 2252800 2269184 2277376 2301952 2310144 2379776 2383872 2387968 2392064 2400256 2404352 2408448 2412544 2416640 2420736 2424832 2428928 2441216 2621440 2621440 2686976 2695168 2699264 2703360 2707456 2711552 2736128 2764800 2768896 2781184 2785280 2805760 2813952 2846720 3145728 3145728 3334144 3346432 3420160 3469312 3473408 3530752 3534848 3567616 3571712 3579904 3584000 3588096 3592192 3608576 3612672 3620864 3670016 3670016 3698688 3776512 3784704 3829760 3833856 3862528 3866624 3883008 3887104 3887616 3899392 3903488 3907584 3911680 3915776 3919872 3923968 3932160 3936256 3956736 3973120 3989504 4079616 4096000 4100096 4112384 4132864 4136960 4141056 4173824 4194304 4194304 4251648 4263936 4272128 4280320 4284416 4317184 4329472 4390912 4395008 4431872 4435968 4505600 4509696 4546560 4558848 4583424 4587520 4591616 4636672 4657152 4661248 4673536 4718592 4718592 4960256 4976640 4980736 5013504 5017600 5046272 5120000 5136384 5140480 5177344 5181440 5197824 5201920 5214208 5218304
88 72 8192 16384 24576 32768 36864 40960 53248 57344 65536 77824 81920 98304 102400 110592 139264 147456 200704 208896 221184 225280 233472 237568 253952 258048 262144 266240 311296 315392 319488 323584 339968 344064 385024 389120 401408 405504 417792 471040 483328 487424 524288 528384 581632 589824 598016 643072 659456 663552 851968 872448 876544 892928 897024 901120 909312 921600 925696 946176 950272 962560 966656 970752 995328 999424 1056768 1118208 1175552 1277952 1323008 1327104 1372160 1376256 1433600 1441792 1478656 1490944 1495040 1499136 1503232 1511424 1515520 1523712 1560576 1568768 1576960 1581056 1601536 1605632 1613824 1617920 1695744 1699840 1761280 1773568 1777664 1781760 1798144 1802240 1880064 1884160 1912832 1916928 2007040 2019328 2064384 2097152 2097152 2199552 2207744 2215936 2220032 2297856 2322432 2326528 2342912 2347008 2400256 2404352 2514944 2519040 2547712 2551808 2576384 2580480 2691072 2695168 2732032 2760704 2764800 2768896 2826240 2887680 2891776 2895872 2899968 3145728 3145728 3670016 3670016 4194304 4194304 4718592 4718592 5242880
89 10 0 524288 524288 1048576 1048576 1572864 1572864 2097152 2097152 2621440 2621440 3145728 3145728 3670016 3670016 4194304 4194304 4718592 4718592 5242880
90 10 0 524288 524288 1048576 1048576 1572864 1572864 2097152 2097152 2621440 2621440 3145728 3145728 3670016 3670016 4194304 4194304 4718592 4718592 5242880
91 10 0 524288 524288 1048576 1048576 1572864 1572864 2097152 2097152 2621440 2621440 3145728 3145728 3670016 3670016 4194304 4194304 4718592 4718592 5242880
92 10 0 524288 524288 1048576 1048576 1572864 1572864 2097152 2097152 2621440 2621440 3145728 3145728 3670016 3670016 4194304 4194304 4718592 4718592 5242880
93 10 0 524288 524288 1048576 1048576 1572864 1572864 2097152 2097152 2621440 2621440 3145728 3145728 3670016 3670016 4194304 4194304 4718592 4718592 5242880
94 10 0 524288 524288 1048576 1048576 1572864 1572864 2097152 2097152 2621440 2621440 3145728 3145728 3670016 3670016 4194304 4194304 4718592 4718592 5242880
95 10 0 524288 524288 1048576 1048576 1572864 1572864 2097152 2097152 2621440 2621440 3145728 3145728 3670016 3670016 4194304 4194304 4718592 4718592 5242880
96 10 0 524288 524288 1048576 1048576 1572864 1572864 2097152 2097152 2621440 2621440 3145728 3145728 3670016 3670016 4194304 4194304 4718592 4718592 5242880
97 10 0 524288 524288 1048576 1048576 1572864 1572864 2097152 2097152 2621440 2621440 3145728 3145728 3670016 3670016 4194304 4194304 4718592 4718592 5242880
98 25 0 524288 524288 1048576 1048576 1572864 1572864 2097152 2097152 2621440 2621440 3145728 3145728 3149824 3194880 3227648 3522560 3526656 3604480 3620864 3723264 3784704 3829760 3837952 3850240 3858432 3862528 3870720 3919872 3928064 4141056 4169728 4222976 4227072 4280320 4284416 4534272 4550656 4751360 4755456 4772864 4792832 4808704 4853760 4907008 4919296 5173248 5181440 5210112 5226496
99 33 49152 81920 167936 184320 196608 204800 454656 458752 897024 905216 950272 954368 991232 995328 1135104 1426432 1552384 1560576 1662976 1679872 1794048 1806336 1921024 1925120 2129920 2134016 2158592 2162688 2359296 2392064 2654208 2666496 2736128 2740224 2752512 2756608 3043328 3047424 3051520 3055616 3178496 3194880 3379200 3387392 3629056 3633152 3846144 3850240 4141056 4161536 4194304 4210688 4268032 4276224 4300800 4308992 4333568 4341760 4587520 4620288 4719104 4720128 4722688 4739072 5197824 5242880
