#StripeID,rangenumber,BlockOffsetStart,BlockOffsetEnd
0 49 16384 32768 49152 53248 163840 172032 442368 446464 499712 503808 1048576 1077248 1081344 1085440 1089536 1097728 1175552 1179648 1183744 1187840 1196032 1200128 1445888 1449984 1548288 1552384 1912832 1916928 1978368 1982464 2002944 2007040 2494464 2498560 2539520 2543616 3059712 3063808 3268608 3276800 3452928 3461120 3633152 3637248 3710976 3715072 4120576 4124672 4603904 4608000 4755456 4759552 4907008 4911104 5058560 5062656 5210112 5214208 5283840 5287936 5296128 5300224 5308416 5312512 5361664 5365760 5533696 5537792 5566464 5570560 5734400 5738496 6057984 6062080 6172672 6176768 6209536 6213632 6361088 6365184 6430720 6434816 6623232 6639616 6750208 6754304 6799360 6803456 7004160 7008256 7495680 7520256 7958528 7979008 8880128 8884224 10072064 10076160
1 16 40960 45056 1794048 1798144 2224128 2387968 3289088 3293184 3780608 3784704 4657152 4661248 5623808 5799936 6037504 6041600 6914048 6918144 7500800 7504896 7700480 7704576 8081408 8085504 8097792 8105984 8179712 8183808 8810496 9437184 9437184 10485760
2 28 438272 442368 909312 917504 1179648 1183744 1667072 1671168 1777664 1781760 2121728 2125824 2404352 2408448 2576384 2580480 2772992 2777088 3031040 3035136 3170304 3174400 3485696 3493888 3944448 3948544 4358144 4362240 4399104 4403200 4411392 4415488 4419584 4423680 4608000 4612096 4968448 4972544 5615616 5619712 6266880 6275072 6467584 6471680 8224768 8228864 8323072 8388608 8388608 8400896 8925184 8929280 9023488 9027584 10022912 10031104
3 24 237568 241664 262144 266240 593920 602112 684032 688128 729088 733184 921600 925696 1052672 1056768 1441792 1445888 2314240 2330624 3579904 3584000 4206592 4210688 4308992 4325376 4456448 4460544 5558272 5562368 5640192 5641216 6049792 6057984 6410240 6414336 7282688 7290880 7348224 7352320 7409664 7421952 7659520 7663616 9216000 9224192 9887744 9916416 10338304 10342400
4 37 0 4096 102400 106496 249856 253952 405504 409600 557056 561152 733184 737280 876544 913408 1011712 1015808 1060864 1064960 1110016 1114112 1216512 1220608 1994752 1998848 2142208 2146304 2904064 2908160 2940928 2945024 4997120 5005312 5156864 5160960 5201920 5206016 5410816 5414912 6377472 6381568 6713344 6725632 7335936 7340032 8302592 8306688 8368128 8372224 8388608 8392704 8421376 8425472 8433664 8437760 8572928 8577024 8949760 8953856 9015296 9089024 9396224 9400320 9699328 9707520 9875456 9879552 9895936 9900032 10342400 10346496 10399744 10403840 10473472 10477568
5 16 233472 237568 704512 708608 872448 876544 880640 1048576 1048576 1523712 2068480 2080768 2134016 2142208 2244608 2260992 4518912 4523008 5312512 5324800 5804032 5805056 7020544 7028736 9023488 9027584 9478144 9482240 10203136 10207232 10440704 10444800
6 13 135168 147456 204800 212992 1208320 1212416 2297856 2301952 2609152 2613248 2932736 2936832 3260416 3276800 4038656 4046848 4091904 4100096 4251648 4255744 4419584 4423680 6799360 6803456 9842688 9846784
7 20 118784 122880 782336 786432 1851392 1867776 4632576 4636672 4837376 4841472 5107712 5136384 5562368 5566464 5886976 5891072 8015872 8017920 8167424 8175616 8933376 8957952 8982528 8986624 9015296 9019392 9281536 9285632 9404416 9408512 9445376 9465856 9687040 9801728 9818112 9932800 9949184 10063872 10080256 10485760
8 25 647680 651776 1110016 1114112 1327104 1331200 2043904 2072576 2125824 2129920 2842624 2846720 3346432 3350528 3493888 3497984 3633152 3637248 4542464 4546560 4939776 4952064 4997120 5001216 5455872 5459968 5505024 5513216 6184960 6193152 6774784 6778880 7122944 7127040 7294976 7299072 7761920 7766016 8216576 8220672 8671232 8675328 9125888 9129984 9486336 9490432 9523200 9527296 10133504 10137600
9 19 1048576 1052672 3096576 3145728 3145728 4194304 4194304 4292608 4382720 4386816 4591616 4603904 5132288 5156864 5450240 6291456 6291456 7000576 7802880 7811072 8437760 8441856 9441280 9449472 9453568 9469952 9474048 9502720 9515008 9531392 9568256 9572352 9891840 9895936 10211328 10215424 10301440 10313728
10 20 598016 602112 606208 614400 819200 823296 2510848 2514944 3035136 3043328 3362816 3379200 3403776 3407872 4386816 4399104 4530176 4534272 5111808 5120000 5296128 5300224 5365760 5373952 5996544 6000640 6709248 6722560 7082496 7086592 7544832 7548928 7757824 7761920 8216576 8224768 8294400 8310784 9580544 9584640
11 22 868352 880640 995328 999424 1044480 1048576 1048576 1105920 1204224 1216512 1331200 1335296 1368064 1380352 1490944 1503232 1597440 1622016 2818048 2830336 2924544 2936832 4153344 4157440 4214784 4218880 5476352 5480448 5709824 5722112 6242304 6254592 7266304 7307264 8290304 8298496 8318976 8323072 8597504 8601600 8962048 8970240 9801728 9805824
12 50 376832 393216 507904 524288 950272 983040 1048576 1064960 1069056 1101824 1245184 1261568 1277952 1294336 1323008 1327104 1343488 1347584 1368064 1372160 1589248 1593344 1736704 1740800 1748992 1757184 1769472 1802240 2207744 2215936 2252800 2269184 3006464 3010560 3117056 3121152 3272704 3276800 3653632 3670016 3846144 3854336 4018176 4026368 4276224 4280320 4358144 4390912 4546560 4550656 4767744 4771840 4837376 4841472 5664768 5672960 6008832 6012928 6123520 6127616 6336512 6340608 6578176 6590464 6619136 6623232 6651904 6656000 6684672 6688768 6750208 6770688 7274496 7307264 7335936 7336960 7577600 7581184 7700480 7733248 7847936 7880704 7979008 7983104 8245248 8249344 8482816 8486912 8765440 8798208 9076736 9109504 9797632 9814016 10076160 10080256 10227712 10235904 10469376 10485760
13 34 0 16384 208896 212992 262144 294912 557056 589824 753664 786432 991232 995328 1540096 1572864 1642496 1646592 1929216 1933312 2478080 2482176 2523136 2539520 3883008 3915776 4800512 4816896 4857856 4861952 5640192 5644288 5914624 5918720 5996544 6029312 6111232 6144000 6430720 6438912 6848512 6881280 6930432 6963200 7122944 7127040 7143424 7159808 7438336 7442432 7794688 8388608 8388608 8523776 9125888 9158656 9437184 9453568 9461760 9465856 9736192 9740288 9752576 9756672 9859072 9863168 10256384 10289152 10309632 10313728
14 106 114688 131072 196608 200704 557056 573440 610304 618496 663552 667648 1015808 1032192 1073152 1077248 1372160 1376256 1507328 1540096 1695744 1699840 1826816 1830912 1871872 1900544 1974272 2064384 2281472 2285568 2473984 2490368 2539520 2543616 2740224 2744320 2949120 2953216 3489792 3493888 3518464 3530752 3686400 3702784 3936256 3940352 4009984 4014080 4079616 4083712 4087808 4091904 4112384 4116480 4136960 4141056 4382720 4390912 4673536 4677632 4698112 4702208 4956160 4960256 5120000 5124096 5341184 5345280 5386240 5390336 5525504 5529600 5627904 5636096 5652480 5685248 5718016 5750784 6082560 6090752 6537216 6545408 6602752 6635520 6873088 6877184 6995968 7000064 7274496 7278592 7450624 7454720 7458816 7462912 7491584 7495680 7606272 7610368 7905280 7909376 8224768 8228864 8241152 8273920 8359936 8364032 8814592 8818688 8994816 8995840 9060352 9076736 9138176 9142272 9379840 9400320 9437184 9441280 9449472 9457664 9490432 9494528 9502720 9506816 9510912 9515008 9539584 9551872 9584640 9588736 9601024 9605120 9625600 9633792 9637888 9641984 9658368 9662464 9695232 9699328 9707520 9711616 9760768 9764864 9785344 9793536 9805824 9809920 9826304 9834496 9842688 9846784 9859072 9863168 9871360 9875456 9879552 9883648 9887744 9891840 9916416 9920512 9936896 9940992 9949184 9953280 9977856 9981952 9986048 9990144 10010624 10014720 10035200 10039296 10080256 10084352 10129408 10133504 10137600 10141696 10145792 10153984 10178560 10182656 10207232 10223616 10240000 10244096 10248192 10252288 10276864 10285056 10309632 10313728 10317824 10326016 10330112 10334208 10346496 10350592 10354688 10362880 10371072 10403840 10416128 10428416 10432512 10436608 10448896 10452992 10465280 10469376 10477568 10481664
15 49 0 4096 32768 36864 421888 446464 569344 573440 602112 606208 733184 737280 770048 802816 950272 954368 978944 987136 1495040 1499136 1507328 1540096 1720320 1724416 1982464 1986560 2023424 2027520 2555904 2588672 3309568 3313664 3452928 3461120 4128768 4145152 4218880 4222976 4313088 4317184 4341760 4345856 4370432 4407296 4464640 4468736 4505600 4509696 4571136 4603904 4653056 4657152 4718592 4751360 4788224 4792320 4845568 4849664 4931584 4935680 4947968 4952064 4980736 5128192 5214208 5218304 5410816 5419008 5603328 5607424 5947392 5951488 6066176 6070272 6082560 6086656 6098944 6103040 6242304 6246400 6258688 6262784 6340608 6344704 6541312 6549504 6742016 6746112 6758400 6762496 7520256 7536640 8589312 8593408 8921088 8925184 9535488 10485760
16 23 8192 12288 462848 466944 688128 720896 770048 774144 802816 806912 917504 921600 1036288 1040384 1130496 1146880 1171456 1175552 1191936 1196032 1343488 1376256 1646592 1650688 2101248 2105344 2400256 2404352 4689920 4698112 5005312 5009408 5427200 5431296 5869568 5873664 8015872 8019968 8167424 8171520 8318976 8323072 8470528 8474624 8622080 8626176
17 96 540672 544768 1044480 1048576 1048576 1052672 1105920 1110016 1118208 1122304 1126400 1134592 1142784 1146880 1179648 1196032 1298432 1302528 1351680 1355776 1449984 1454080 1527808 1531904 1601536 1605632 1687552 1691648 1765376 1773568 1867776 1871872 1884160 1888256 1933312 1937408 1941504 1945600 1998848 2002944 2035712 2043904 2076672 2080768 2142208 2146304 2150400 2154496 2187264 2191360 2265088 2269184 2285568 2289664 2310144 2314240 2367488 2371584 2400256 2404352 2514944 2523136 2568192 2572288 2617344 2621440 2666496 2670592 2715648 2719744 2760704 2768896 2772992 2777088 2818048 2822144 2830336 2834432 2850816 2854912 2985984 2990080 3051520 3055616 3072000 3080192 3092480 3096576 3108864 3112960 3121152 3125248 3149824 3158016 3289088 3293184 3321856 3325952 3383296 3387392 3461120 3465216 3497984 3502080 3514368 3518464 3538944 3543040 3584000 3588096 3629056 3637248 3727360 3731456 3751936 3760128 3821568 3825664 3842048 3846144 3874816 3878912 3952640 3956736 3977216 3981312 4001792 4005888 4018176 4022272 4059136 4063232 4100096 4104192 4124672 4128768 4165632 4169728 4186112 4190208 4194304 4198400 4218880 4227072 4313088 4321280 4325376 4329472 4390912 4599808 4636672 4640768 4644864 4648960 4710400 4714496 4751360 4755456 4759552 4763648 4775936 4796416 4808704 4816896 4837376 4841472 4939776 4960256 4997120 5001216 5169152 5173248 5177344 5185536 5574656 5578752 7856128 7864320 7966720 7970816 7999488 8003584 8388608 8392704 8724480 8728576 9494528 9502720 9515008 9535488 10412032 10416128
18 12 1552384 2097152 2097152 2813952 2883584 2985984 3145728 3489792 3919872 3928064 4337664 4349952 5148672 5156864 5779456 5783552 6426624 6430720 6832128 6840320 6983680 6991872 8695808 8704000
19 9 81920 1048576 2019328 2023424 2244608 2252800 3923968 3928064 4825088 4833280 5521408 5529600 5533696 5541888 7409664 7413760 7991296 7999488
20 11 1253376 1302528 1363968 1413120 2105344 2113536 4714496 4722688 6012928 6017024 6258688 6266880 6270976 6275072 7607296 7611392 9404416 9412608 9990144 10100736 10305536 10321920
21 13 557056 573440 696320 700416 737280 770048 1245184 1277952 2506752 2510848 2998272 3002368 4165632 4194304 4194304 5242880 5242880 6291456 6291456 7340032 7340032 8388608 8388608 9437184 9437184 10485760
22 9 0 1048576 1048576 2097152 2097152 3145728 3145728 4194304 4194304 5242880 5242880 6291456 6291456 7340032 7340032 8388608 8388608 9437184
23 10 0 1048576 1048576 2097152 2097152 3145728 3145728 4194304 4194304 5242880 5242880 6291456 6291456 7340032 7340032 8388608 8388608 9437184 9437184 10485760
24 10 0 1048576 1048576 2097152 2097152 3145728 3145728 4194304 4194304 5242880 5242880 6291456 6291456 7340032 7340032 8388608 8388608 9437184 9437184 10485760
25 17 1130496 1146880 2097152 2129920 2736128 2740224 3072000 3076096 3383296 3391488 3481600 3555328 4468736 4472832 4734976 4751360 5570560 5586944 6119424 6172672 6684672 6688768 7766016 7835648 7995392 8011776 8019968 8028160 8454144 8458240 8519680 8523776 9437184 10485760
26 9 0 1048576 1048576 2097152 2097152 3145728 3145728 4194304 4194304 5242880 5242880 6291456 6291456 7340032 7340032 8388608 8388608 9437184
27 10 0 1048576 1048576 2097152 2097152 3145728 3145728 4194304 4194304 5242880 5242880 6291456 6291456 7340032 7340032 8388608 8388608 9437184 9437184 10485760
28 10 0 1048576 1048576 2097152 2097152 3145728 3145728 4194304 4194304 5242880 5242880 6291456 6291456 7340032 7340032 8388608 8388608 9437184 9437184 10485760
29 10 0 1048576 1048576 2097152 2097152 3145728 3145728 4194304 4194304 5242880 5242880 6291456 6291456 7340032 7340032 8388608 8388608 9437184 10043392 10047488
30 10 0 1048576 1048576 2097152 2097152 3145728 3145728 4194304 4194304 5242880 5242880 6291456 6291456 7340032 7340032 8388608 8388608 9437184 9437184 10485760
31 9 1048576 2097152 2097152 3145728 3145728 4194304 4194304 5242880 5242880 6291456 6291456 7340032 7340032 8388608 8388608 9437184 9437184 10485760
32 13 0 1048576 1335296 1404928 1699840 1703936 2105344 2109440 2707456 2711552 3096576 3100672 3141632 3145728 3149824 3153920 3502080 3506176 5599232 5603328 6139904 6144000 7954432 7958528 9437184 10485760
33 10 0 1048576 1048576 2097152 2097152 3145728 3145728 4194304 4194304 5242880 5242880 6291456 6291456 7340032 7340032 8388608 8388608 9437184 9437184 10485760
34 10 0 1048576 1048576 2097152 2097152 3145728 3145728 4194304 4194304 5242880 5242880 6291456 6291456 7340032 7340032 8388608 8388608 9437184 9437184 10485760
35 28 0 1048576 1499136 1503232 1671168 1675264 1761280 1769472 2146304 2150400 2240512 2244608 2547712 2551808 3444736 3448832 4669440 4673536 4870144 4874240 5148672 5173248 5857280 5869568 6504448 6512640 6516736 6520832 7159808 7163904 7168000 7180288 7225344 7229440 7282688 7286784 7393280 7397376 7434240 7438336 7585792 7589888 7647232 7655424 7909888 7918080 8151040 8155136 9019392 9031680 9363456 9367552 9392128 9396224 9437184 10485760
36 61 77824 81920 335872 344064 627200 1048576 1048576 2097152 2097152 3145728 3145728 4194304 4194304 5206528 5591040 5599232 5681152 5689344 5722112 5726208 5730816 5739008 5771264 5775360 5783552 5791744 6201344 6205440 6242304 6246400 6733824 6746112 7045120 7049216 7143424 7168000 7200768 7204864 7254016 7258112 7290880 7323648 7340032 7344128 7434240 7438336 7454720 7458816 7487488 7536640 7553024 7569408 7639040 7643136 7692288 7696384 7749632 7753728 7782400 7786496 7815168 7847936 7860224 7864320 7970816 7979008 8097792 8101888 8118272 8122368 8126464 8130560 8159232 8192000 8241152 8245248 8323072 8331264 8355840 8372224 8421376 8454144 8585216 8601600 8617984 8634368 8671232 8675328 8765440 8798208 8921088 8925184 8929280 8945664 9019392 9023488 9191424 9224192 9326592 9334784 9363456 9367552 9404416 9437184 9469952 9486336 9572352 9576448 9588736 9592832 9814016 9830400 9953280 9969664 10076160 10092544 10133504 10137600 10264576 10268672 10452992 10485760
37 42 311296 315392 458752 462848 491520 524288 671744 704512 786432 819200 966656 999424 1146880 1163264 1327104 1359872 1720320 1753088 1851392 1884160 2015232 2048000 2138112 2146304 2355200 2359296 2686976 2703360 2818048 2850816 2949120 2965504 3604480 3612672 3915776 3948544 3981312 4014080 4846080 4854272 4866048 4898816 5193728 5226496 5242880 5275648 5464064 5476352 5914624 5931008 6029312 6033408 6037504 6045696 6103040 6107136 6270976 6279168 6307840 6324224 7307264 7340032 7536640 7553024 7667712 7684096 7794688 7798784 8560640 8564736 9125888 9158656 9535488 9551872 9572352 9576448 9814016 9830400 9863168 9895936 9924608 9928704 9961472 9994240
38 53 118784 126976 1015808 1032192 1081344 1089536 1404928 1409024 1605632 1609728 2031616 2043904 2056192 2060288 2134016 2138112 2191360 2195456 2236416 2240512 2318336 2330624 2441216 2445312 2523136 2539520 2555904 2564096 3026944 3031040 3629056 3633152 3641344 3649536 3948544 3956736 4202496 4206592 4239360 4243456 4354048 4358144 4505600 4509696 4550656 4554752 4657152 4661248 4743168 4747264 4812800 4816896 4968448 4972544 5120000 5124096 5324800 5328896 5410816 5414912 5525504 5529600 5627904 5632000 5636096 5644288 5738496 5742592 5857280 5861376 5881856 5885952 6053888 6057984 6242304 6246400 6406144 6410240 6893568 6901760 7213056 7217152 7331840 7335936 7749632 7753728 7811072 7815168 7852032 7872512 8110080 8114176 8179712 8183808 8400896 8404992 8548352 8552448 8613888 8617984 8663040 8683520 8781824 8785920 9195520 9199616
39 14 475136 491520 1183744 1187840 2551808 2555904 4243456 4247552 4325888 4329984 4513792 4517888 4612096 4616192 4714496 4718592 6414336 6488064 6676480 6680576 6926336 6946816 8798208 8896512 9175040 9187328 10362880 10369024
40 14 0 1048576 1048576 2097152 2097152 3145728 3145728 3461120 3833856 3837952 3936256 3940352 4878848 4887040 6242304 6246400 6676480 6680576 6860800 6864896 6909952 6914048 7598080 7602176 8454144 8458240 9584640 9601024
41 14 1744896 1748992 2686976 2703360 4878336 4882432 5177344 5193728 5640192 5677056 7032832 7036928 7348224 7356416 8192000 8196096 9019392 9023488 9445376 9453568 9457664 9465856 9469952 9478144 9486336 9502720 9592832 9596928
42 12 1454080 1458176 2572288 2576384 4542464 4567040 4833280 4841472 5140480 5156864 5201920 5210112 6427136 6435328 7946240 7950336 8454144 8470528 8773632 8781824 9453568 9457664 9641984 9646080
43 61 1110016 1118208 1306624 1310720 1916928 1933312 2142208 2146304 2150400 2154496 2170880 2174976 2408448 2412544 2424832 2428928 2646016 2650112 2707456 2711552 2940928 2945024 3145728 3149824 3264512 3284992 3313664 3317760 3346432 3350528 3600384 3604480 3801088 3805184 4063232 4067328 4395008 4399104 4464640 4468736 4567040 4571136 4591616 4595712 4907008 4911104 4960256 4968448 5545984 5550080 5636608 5644800 5951488 5955584 6475776 6479872 6938624 6942720 6983680 6995968 7094272 7102464 7311360 7315456 7364608 7368704 7413760 7417856 7467008 7471104 7516160 7520256 7569408 7573504 7634944 7639040 7675904 7680000 7733248 7737344 7802880 7806976 8122368 8130560 8187904 8192000 8237056 8241152 8286208 8294400 8339456 8343552 8388608 8396800 8441856 8445952 8491008 8495104 8540160 8544256 8589312 8593408 9048064 9052160 9482240 9486336 9711616 9715712 9760768 9764864 9994240 9998336 10084352 10088448 10104832 10108928 10186752 10190848 10395648 10399744 10473472 10477568
44 26 1110016 1114112 1605632 1638400 1691648 1695744 1699840 1703936 1822720 1826816 1961984 1966080 1998848 2002944 2007040 2015232 2277376 2285568 2813952 2818048 2912256 2924544 2961408 2969600 3039232 3047424 3072000 3076096 3137536 3141632 3518464 3567616 3612672 3616768 4161536 4169728 4984832 4988928 4997120 5001216 5206016 5210112 5750784 5754880 6291456 7340032 7340032 8388608 8388608 9437184 9437184 10485760
45 29 786432 798720 1511424 1523712 1556480 1568768 2277376 2281472 2535424 2539520 2560000 2564096 3145728 4194304 4194304 5242880 6098944 6111232 6258688 6291456 6291456 6467584 9437184 9441280 9453568 9461760 9482240 9486336 9494528 9502720 9531392 9535488 9601024 9605120 9609216 9617408 9715712 9719808 9732096 9736192 9842688 9846784 9871360 9875456 9924608 9928704 9973760 9981952 10002432 10006528 10022912 10027008 10076160 10080256 10170368 10174464 10199040 10203136
46 14 376832 377856 1302528 1314816 1441792 1445888 2265088 2269184 2617344 2633728 3404288 3416576 4194304 4198400 4431872 4435968 4935680 4943872 7417856 7421952 8507392 8511488 9420800 9437184 9437184 9469952 9957376 9961472
47 38 0 1048576 1048576 1445888 1617920 1667072 1880064 1896448 2064384 2084864 2420736 2469888 2772992 2818048 3014656 3076096 3092480 3104768 3149824 3203584 3227648 3256320 3481600 3497984 3805184 3842048 3899392 3907584 4050944 4100096 4120576 4124672 4190208 4194304 4194304 4235264 4313088 4349952 4374528 4636672 4644864 4857856 5013504 5103616 5275648 5292032 5423104 5496832 5840896 5844992 5873664 5890048 6721536 6889472 6987776 7069696 7127040 7143424 7217152 7254016 8003584 8167424 9347072 9379840 9445376 9523200 9670656 9674752 9830400 9850880 9945600 9953792 10096640 10137600 10342400 10485760
48 50 151552 167936 278528 487424 496128 504320 569344 589824 925696 933888 954368 1048576 1048576 1089536 1163264 1216512 1294336 1388544 1449984 1495040 1761280 1777664 1875968 1949696 1990656 2027520 2207744 2224128 2953216 3088384 3252224 3321856 3502080 3534848 3555328 3571712 3588096 3690496 3801088 3850240 3977216 4026368 4067328 4194304 4194304 4231168 4464640 4481024 4886528 4935680 5021696 5070848 5079040 5242880 5242880 5480448 5849088 5873664 5894144 5910528 5935104 5955584 6066176 6082560 6189056 6205440 6238208 6242304 6332416 6344704 6381568 6397952 6500352 6569984 7143424 7159808 7307264 7311360 7577600 7761920 7835648 7970816 7979008 7983104 8105984 8163328 8609792 8630272 9015808 9024000 9203712 9265152 9531392 9564160 9687040 9842688 9936896 9990144 10137600 10297344
49 24 155648 225280 360448 376832 626688 733184 1015808 1048576 1048576 1093632 1208320 1556480 1765376 1789952 1957888 1978368 2314240 2437120 2543616 2703360 3108864 3129344 3862528 4009984 4329472 4452352 4997120 5032448 5353472 5357568 5595136 5652480 5701632 5722112 5750784 6291456 6291456 7340032 7340032 8388608 8388608 9437184 9437184 10371072 10407936 10432512 10452992 10473472
50 39 0 356352 458752 471040 851968 1048576 1048576 1376256 1441792 1712128 1896448 1900544 1908736 2015232 2478080 2482176 2609152 2838528 2879488 3145728 3145728 3309568 3436544 3440640 3518464 3522560 3575808 3579904 3633152 3637248 3760128 3792896 4128768 4145152 4349952 4354048 4497408 4526080 4575232 4579328 4874240 4878336 5025792 5029888 5087232 5242880 5242880 5267456 5332992 5361664 5521408 5746688 5844992 5849088 5971968 6279168 6348800 6533120 6705152 6815744 6934528 7139328 7229440 7266304 7270400 7286784 7856128 7897088 8667136 8695808 8732672 8773632 9015296 9056256 9248768 9392128 9437184 10485760
51 31 0 4096 270336 286720 901120 917504 1110016 1171456 1519616 1545216 1646592 1695744 1744896 1761280 1851392 2056192 2088960 2097152 2097152 2105344 2207744 2244608 2535424 2551808 2670592 2686976 2875392 2876416 3411968 3469312 4050944 4087808 4177920 4194304 4194304 5242880 5242880 6291456 6291456 6524928 6742016 6778880 6815744 6848512 7249920 7340032 7340032 7413760 7798784 8065024 8540160 8675328 9297920 9310208 9793536 9854976 9871360 9969664 10231808 10248192 10354688 10485760
52 17 77824 81920 110592 114688 188416 319488 786432 1048576 2195456 2199552 2318336 2322432 3366912 3371008 3617792 3638272 4747264 4751360 6283264 6287360 6336512 6348800 6852608 6856704 7335936 7340032 7438336 7442432 7589888 7593984 8163328 8167424 9519616 9527808
53 58 1122304 1126400 1241088 1245184 1343488 1347584 1826816 1830912 1913344 1917440 2002944 2007040 2031616 2035712 2084864 2088960 2232320 2236416 2265088 2269184 2375680 2383872 2523136 2527232 2662400 2666496 2785280 2789376 2818048 2822144 2932736 2936832 3149824 3153920 3211264 3215360 3448832 3452928 3538944 3543040 3809280 3813376 3821568 3825664 3874816 3878912 3928064 3932160 4034560 4038656 4182016 4186112 4251648 4255744 4329472 4333568 4337664 4341760 4550656 4554752 4722688 4726784 4759552 4763648 4775936 4792320 4804608 4808704 4956160 4960256 4964352 4972544 5214208 5218304 5816320 5832704 6279168 6283264 7454720 7458816 8519680 8523776 8716288 8720384 9199616 9203712 9236480 9240576 9449472 9453568 9457664 9461760 9465856 9515008 9527296 9539584 9547776 9551872 9568256 9584640 10092544 10100736 10104832 10113024 10117120 10125312 10178560 10186752 10244096 10248192 10428416 10432512 10452992 10457088 10469376 10473472
54 15 1081344 1085440 1617920 1622016 2355200 2359296 4734976 4739072 4861952 4866048 5173248 5177344 5406720 5410816 5812224 5816320 6856704 6860800 6868992 6873088 8167424 8171520 9154560 9170944 10321920 10326016 10342400 10346496 10358784 10362880
55 17 602112 606208 806912 811008 2367488 2371584 2580480 2588672 2670592 2674688 2736128 2740224 3772416 3776512 5087232 5091328 6541312 6545408 7159808 7163904 7331840 7335936 9887744 9891840 10051584 10055680 10125312 10129408 10137600 10141696 10219520 10223616 10240000 10244096
56 42 66048 70144 152064 156160 160256 164352 172544 176640 197120 201216 246272 254464 270848 274944 287232 291328 328192 332288 381440 385536 389632 393728 406016 414208 442880 446976 541184 549376 1048576 1056768 1060864 1101824 1105920 1118208 1179648 1183744 1224704 1228800 1605632 1609728 1638400 1642496 1753088 1757184 2072576 2084864 2093056 2097152 2097152 2109440 3096576 3100672 3121152 3129344 3772416 3776512 3821568 3829760 3899392 3903488 4206592 4210688 4513792 4526080 5283840 5287936 6258688 6262784 7725056 7729152 9506816 9523200 9691136 9695232 9715712 9719808 9908224 9912320 10153984 10158080 10412032 10416128 10424320 10428416
57 39 8192 12288 180224 184320 1126400 1130496 1134592 1138688 1142784 1146880 1159168 1163264 1175552 1179648 1187840 1191936 1200128 1208320 1228800 1245184 1523712 1531904 2564096 2568192 2732032 2736128 2805760 2813952 3100672 3108864 3948544 3964928 5450240 6291456 6291456 7000576 7778304 7794688 8007680 8024064 8658944 8675328 8823296 8827392 9232384 9244672 9449472 9469952 9486336 9490432 9498624 9502720 9580544 9584640 9592832 9596928 9601024 9605120 9625600 9637888 9678848 9682944 9732096 9736192 9781248 9785344 9830400 9834496 9883648 9887744 9932800 9936896 9981952 9986048 10010624 10014720 10047488 10051584
58 14 28672 32768 147456 151552 409600 413696 684032 688128 704512 708608 745472 749568 1732608 1740800 2551808 2560000 2675712 2695680 2737152 2753024 3276800 3547136 4255744 4276224 7229440 7237632 7413760 7417856
59 24 45056 49152 376832 380928 393216 397312 925696 929792 999424 1003520 1384448 1384960 1388544 1392640 1589248 1613824 3604480 3608576 4067328 4071424 4263936 4272128 5156864 5160960 5165056 5177344 5615616 5619712 5627904 5632000 5644288 5656576 5668864 5677056 5693440 5701632 5709824 5713920 5718016 5722112 7241728 7245824 7487488 7491584 9527296 9535488 9764864 9773056
60 31 24576 32768 598016 602112 659456 663552 1073152 1077248 1110016 1114112 1433600 1441792 1576960 1581056 1601536 1605632 1777664 1781760 1867776 1871872 1912832 1916928 2011136 2019328 2285568 2297856 2555904 2560000 3383296 3391488 3465216 4194304 4194304 5173248 5275648 5279744 5832704 5840896 6234112 6238208 6811648 6815744 7270400 7274496 7299072 7303168 7409664 7413760 7553024 7557120 7974912 7979008 8163328 8167424 8749056 8753152 8904704 8925184 8929280 8974336 9338880 9342976
61 14 135168 139264 1048576 1052672 2646016 2650112 2908160 2920448 4186112 4194304 4194304 4210688 4534272 4538368 6451200 6455296 6680576 6688768 7393280 7397376 7766016 7770112 7913472 7917568 9330688 9334784 9969664 10006528
62 24 0 12288 565248 569344 634880 745472 1159168 1163264 1613824 1675264 3174400 3178496 3428352 3436544 3448832 3452928 4067328 4071424 4866048 4890624 5222400 5230592 5668864 5779456 7200768 7204864 7405568 7409664 7643136 7647232 8617984 8626176 8675328 8683520 8708096 8724480 8728576 8736768 8798208 8810496 8830976 8839168 8851456 9437184 9437184 9834496 10031104 10035200
63 53 86016 90112 110592 114688 155648 159744 176128 180224 192512 196608 208896 212992 225280 229376 241664 245760 258048 262144 274432 278528 294912 299008 311296 315392 327680 331776 380928 385024 397312 401408 516096 520192 536576 540672 733184 737280 1294336 1298432 2260992 2265088 2269184 2277376 2519040 2535424 2580480 2584576 2678784 2748416 2973696 2977792 3092480 3145728 3145728 3457024 3604480 3608576 4399104 4403200 4857856 4861952 5242880 5246976 5312512 5316608 5332992 5337088 5681152 5689344 5767168 5771264 6221824 6225920 6254592 6258688 6676480 6680576 6709248 6713344 6975488 6979584 7131136 7135232 7598080 7602176 7843840 7847936 7995392 7999488 8036352 8040448 8384512 8388608 8400896 8404992 8466432 8470528 8810496 8884224 9310208 9314304 9433088 9437184 9437184 9441280 10338304 10346496
64 157 1077248 1085440 1089536 1093632 1130496 1138688 1200128 1204224 1216512 1228800 1253376 1261568 1339392 1343488 1359872 1363968 1376256 1380352 1470464 1474560 1490944 1495040 1511424 1515520 1540096 1544192 1560576 1564672 1572864 1576960 1646592 1650688 1654784 1658880 1662976 1667072 1679360 1687552 1716224 1724416 1761280 1765376 1798144 1802240 1822720 1826816 1830912 1835008 1884160 1888256 1933312 1937408 1986560 1990656 2011136 2015232 2035712 2039808 2084864 2088960 2101248 2109440 2134016 2142208 2220032 2224128 2260992 2265088 2273280 2277376 2297856 2306048 2412544 2416640 2420736 2424832 2482176 2486272 2519040 2523136 2531328 2535424 2539520 2543616 2572288 2576384 2727936 2732032 2781184 2785280 2834432 2838528 2846720 2850816 2854912 2859008 2863104 2867200 2908160 2912256 3018752 3022848 3072000 3076096 3080192 3084288 3129344 3133440 3198976 3203072 3215360 3223552 3231744 3235840 3268608 3276800 3334144 3338240 3403776 3407872 3530752 3629056 3637248 3641344 3768320 3772416 3784704 3788800 3792896 3801088 3825664 3829760 3837952 3842048 3846144 3850240 3870720 3874816 3964928 3969024 4018176 4022272 4030464 4034560 4050944 4055040 4128768 4194304 4194304 4251648 4268032 4272128 4292608 4313088 4333568 4341760 4399104 4403200 4427776 4431872 4448256 4452352 4456448 4460544 4505600 4509696 4534272 4538368 4595712 4599808 4661248 4665344 4775936 4784128 4849664 4853760 5046272 5066752 5070848 5087232 5091328 5095424 5103616 5115904 5120000 5140480 5144576 5156864 5160960 5165056 5251072 5312512 5386240 5390336 5529600 5533696 5750784 5754880 5984256 5988352 6045696 6049792 6213632 6217728 6258688 6262784 6348800 6352896 6500352 6504448 6651904 6656000 6803456 6807552 6959104 6963200 7110656 7114752 7127040 7135232 7221248 7237632 7262208 7270400 7991296 8056832 8908800 8912896 8982528 9437184 9445376 9449472 9453568 9457664 9465856 9469952 9490432 9494528 9498624 9502720 9539584 9543680 9555968 9560064 9572352 9576448 9592832 9596928 9621504 9625600 9637888 9650176 9658368 9662464 9728000 9732096 9764864 9773056 9789440 9797632 9801728 9805824 9809920 9818112 9822208 9826304 9838592 9842688 9859072 9863168 9908224 9912320 9916416 9920512 9940992 9945088 9986048 9994240 10039296 10043392 10076160 10080256 10084352 10088448 10096640 10100736 10108928 10113024 10129408 10133504 10137600 10141696 10178560 10182656 10215424 10219520 10235904 10240000 10256384 10260480 10317824 10321920 10403840 10407936 10428416 10432512 10440704 10444800 10461184 10465280 10469376 10473472 10477568 10485760
65 14 200704 323584 942080 946176 2650112 2748416 2772992 2781184 5246976 5312512 7364608 7507968 8392704 8396800 9441280 9449472 9453568 9498624 9515008 9519104 9527296 9531392 9666560 9670656 9936896 9940992 10301440 10309632
66 15 122880 131072 1974272 1994752 3108864 3145728 3145728 3219456 3424256 3543040 3743744 3747840 3756032 3760128 4481024 4542464 5390336 5394432 6094848 6098944 6901760 6905856 6918144 7061504 7364608 7376896 8699904 8704000 9859072 9871360
67 13 937984 942080 1433600 1437696 1458176 1462272 2109440 2113536 2543616 2547712 2621440 2625536 4399104 4403200 4968448 4972544 5013504 5144576 8478720 8486912 9388032 9392128 10327040 10331136 10474496 10478592
68 45 495616 503808 942080 946176 1052672 1056768 1077248 1085440 1089536 1093632 1114112 1130496 1179648 1183744 1187840 1191936 1204224 1208320 1212416 1216512 1220608 1228800 1257472 1261568 1298432 1302528 1359872 1363968 1376256 1380352 1409024 1413120 1421312 1425408 1449984 1454080 1482752 1486848 1863680 1871872 1875968 1880064 2080768 2088960 2187264 2195456 2514944 2519040 2543616 2547712 2576384 2580480 2588672 2592768 2641920 2646016 2682880 2686976 2781184 2785280 2891776 2895872 2945024 2949120 2981888 2985984 3022848 3067904 3362816 3366912 3375104 3379200 3600384 3604480 5242880 5246976 5296128 5300224 5496832 5500928 7340032 7344128 7467008 7475200 8282112 8286208 9383936 9388032 9838592 9842688
69 34 69632 73728 172032 180224 688128 692224 757760 761856 1126400 1134592 1470464 1474560 1572864 1576960 2482176 2490368 2801664 2818048 3146240 3150336 3170816 3174912 4260352 4264448 5337088 5341184 5591040 5595136 6787584 6791680 7327744 7331840 7618560 7622656 7995392 7999488 8388608 8392704 8495104 8503296 8753152 8769536 9469952 9474048 9519104 9527296 9531392 9535488 9568256 9572352 9576448 9580544 9584640 9588736 9592832 9596928 9822208 9826304 9863168 9867264 9904128 9908224 10035200 10039296 10067968 10072064 10203136 10207232
70 15 0 4096 32768 36864 131072 135168 262144 294912 712704 717312 1052672 1056768 1294336 1327104 1617920 1622016 2386944 2387968 3981312 4194304 4194304 5242880 5242880 5771776 6692864 6705152 6791168 6815744 8617984 8687616
71 13 503808 507904 532480 544768 884736 995328 1523712 1527808 1929216 2097152 2097152 3145728 3145728 3170304 4091904 4194304 4194304 5242880 5242880 6291456 6291456 7159808 8376320 8380416 9785344 9789440
72 39 0 4096 180224 184320 425984 430080 1073152 1077248 1179648 1183744 1204224 1208320 1220608 1224704 1290240 1294336 1540096 1544192 1732608 1736704 1904640 1921024 2445312 2449408 3399680 3403776 4407296 4423680 4685824 4702208 4861952 4866048 5074944 5079040 5394432 5398528 5840896 5844992 6746112 6750208 6905856 6909952 7073792 7077888 9027584 9031680 9056256 9076736 9474048 9478144 9494528 9498624 9510912 9515008 9527296 9531392 9543680 9547776 9560064 9564160 9621504 9633792 9719808 9723904 9773056 9777152 10121216 10125312 10190848 10194944 10211328 10215424 10346496 10354688 10366976 10371072 10403840 10407936
73 38 0 1048576 1048576 2097152 2097152 3145728 3145728 4194304 4194304 5050368 5062656 5066752 5218304 5222400 5361664 5365760 5619712 5623808 5627904 5632000 5693440 5697536 5738496 5742592 5750784 5754880 6057984 6062080 6500352 6504448 6787072 6791168 6987776 6991872 7237632 7241728 7340032 7344128 7421952 7426048 7503872 7512064 7696384 7700480 7909376 7913472 8126464 8130560 8138752 8155136 8273920 8282112 8438272 8442368 8638464 8642560 8716288 8720384 8728576 8732672 8994816 8998912 9068544 9072640 9232384 9236480 9408512 9412608 9551872 9555968 9875456 9949184 10219520 10223616 10387456 10391552
74 15 1048576 1052672 1056768 1060864 1159168 1163264 1167360 1171456 1261568 1265664 1986560 2002944 3141632 3145728 4358144 4370432 4784128 4788224 4849664 4853760 6406144 6410240 6754304 6795264 7139328 7168000 7880704 7897088 8962048 8966144
75 15 262144 266240 1048576 1056768 2088960 2097152 2097152 2248704 2641920 2646016 3207168 3211264 3403776 3526656 3985408 4009984 5820416 5824512 5906432 5926912 6127616 6283264 7839744 7843840 8445952 8450048 9949184 9953280 10338304 10371072
76 111 626688 630784 1146880 1150976 1269760 1273856 1294336 1302528 1449984 1454080 1495040 1499136 1503232 1507328 1646592 1650688 1654784 1662976 1957888 1961984 2015232 2019328 2269184 2273280 2277376 2281472 2469888 2473984 2564096 2568192 2576384 2580480 2617344 2621440 2691072 2695168 3145728 3149824 3235840 3239936 3244032 3248128 3276800 3280896 3293184 3301376 3342336 3346432 3354624 3358720 3416064 3420160 3522560 3526656 3534848 3538944 3555328 3559424 3563520 3567616 3575808 3584000 3604480 3608576 3612672 3616768 3637248 3641344 3694592 3698688 3702784 3706880 3719168 3723264 3756032 3760128 3784704 3792896 3796992 3801088 3870720 3878912 3915776 3923968 3973120 3977216 3985408 3989504 4050944 4055040 4067328 4071424 4190208 4194304 4292608 4313088 4431872 4435968 4513792 4517888 4550656 4554752 4558848 4562944 4567040 4571136 4575232 4579328 4620288 4624384 4653056 4657152 4669440 4673536 4689920 4694016 4698112 4702208 4706304 4710400 4771840 4775936 4849664 4853760 4874240 4878336 5107712 5111808 5120000 5124096 5136384 5140480 5169152 5173248 5390336 5394432 5459968 5464064 5656576 5664768 5783552 5791744 5857280 5861376 5984256 5988352 6008832 6017024 6021120 6045696 6144000 6160384 6172672 6180864 6184960 6193152 6209536 6217728 6221824 6225920 6307840 6311936 6324224 6328320 6356992 6361088 6365184 6369280 6406144 6422528 6434816 6443008 7069696 7077888 7720960 7725056 7741440 7757824 7888896 7892992 8212480 8214016 8499200 8630272 8740864 8744960 8781824 8794112 8921088 8925184 8957952 8962048 9027584 9031680 9363456 9367552 9408512 9412608 9568256 9572352 9580544 9584640 9732096 9744384 9818112 9822208 9830400 9834496 9838592 9842688 9887744 9895936 9904128 9908224 10219520 10223616 10252288 10256384 10461184 10465280 10469376 10473472
77 35 110592 118784 389120 393216 634880 647168 921600 925696 1024000 1028096 1064960 1077248 1142784 1183744 1204224 1257472 1458176 1470464 1675264 1679360 2084864 2088960 2396160 2400256 3801088 3805184 4128768 4194304 4194304 4452352 4632576 4636672 5259264 6291456 6291456 6705152 6852608 6856704 6991872 7004160 7012352 7016448 7020544 7024640 7131136 7155712 7680000 7684096 9289728 9293824 9310208 9326592 9490432 9494528 9531392 9535488 9715712 9719808 9760768 9764864 9945088 9949184 10088448 10092544 10203136 10207232 10256384 10260480 10436608 10440704
78 27 655360 659456 1376256 1380352 1740800 1744896 1830912 1835008 2285568 2289664 2461696 2465792 2740224 2744320 2842624 2854912 2977792 2981888 3129344 3133440 3162112 3170304 3305472 3309568 3457024 3461120 3608576 3616768 3764224 3768320 4837376 4841472 5255168 5259264 6463488 6467584 6492160 6635520 7200768 7204864 7237632 7245824 7249920 7254016 7548928 7553024 9334784 9342976 9428992 9433088 9670656 9748480 9760768 9768960
79 64 90112 114688 131072 147456 229376 241664 303104 307200 364544 389120 421888 434176 581632 593920 700416 741376 753664 757760 765952 778240 1024000 1036288 1044480 1048576 1052672 1056768 1089536 1114112 1261568 1290240 1564672 1568768 1908736 1933312 2019328 2023424 2408448 2420736 2433024 2445312 2449408 2465792 2473984 2478080 2928640 2936832 3227648 3231744 3395584 3399680 3411968 3416064 3899392 3903488 3928064 3932160 4100096 4103680 4337664 4341760 4526080 5242880 5242880 5836800 5881856 5894144 6045696 6049792 6275072 6279168 6373376 6385664 6713344 6725632 7139328 7143424 7151616 7159808 7401472 7405568 7467008 7471104 7495680 7499776 7606272 7614464 7667712 7692288 7897088 7909376 8028160 8040448 8065024 8069120 8196096 8232960 8318976 8331264 8335360 8339456 8450048 8478720 8519680 8523776 8593408 8597504 8761344 8769536 8814592 8826880 8974336 8978432 9388032 9396224 9428992 9433088 9605120 9609216 9953280 9957376 10113024 10117120 10170368 10174464 10227712 10231808 10260480 10264576
80 68 303104 1048576 1048576 2097152 2142208 2146304 2220032 2224128 2330624 2334720 2338816 2342912 2502656 2506752 2510848 2514944 2523136 2527232 2531328 2535424 2555904 2564096 2580480 2584576 2588672 2596864 2605056 2609152 2789376 2793472 2916352 2920448 3002368 3006464 3145728 3153920 3223552 3227648 3248128 3252224 3375104 3379200 3395584 3399680 3444736 3448832 3452928 3457024 3465216 3469312 3559424 3563520 3575808 3579904 3670016 3682304 3760128 3764224 3792896 3796992 3801088 3805184 3837952 3846144 3878912 3883008 3911680 3915776 4018176 4022272 4030464 4034560 4038656 4042752 4190208 4194304 4206592 4210688 4214784 4218880 4222976 4227072 4325376 4329472 4464640 4468736 4476928 4481024 4501504 4509696 4546560 4550656 4653056 4657152 4673536 4677632 4775936 4784128 4993024 4997120 5017600 5021696 5033984 5042176 5050368 5062656 5066752 5070848 5103616 5115904 5128192 5136384 5144576 5148672 6037504 6041600 6365184 6369280 6758400 6762496 6926336 6930432 6983680 6987776 7061504 7065600 7110656 7114752 7495680 7508480 7929856 7946240 8040448 8052736 10391552 10399744
81 14 643072 651264 1531904 1540096 1798144 1802240 1933312 1949696 2523136 2588672 3567616 3575808 3944448 3952640 4603904 4608000 4624384 4628480 7069696 7077888 8310784 8314880 9867264 9916416 9973760 9977856 10473472 10477568
82 21 356352 360448 3670016 3682304 4194304 4198400 4206592 4210688 4214784 4218880 4247552 4251648 4263936 4284416 4374528 4378624 4382720 4386816 4464640 4468736 4472832 4476928 4481024 4485120 4489216 4493312 4775936 4780032 6754304 6758400 6766592 6770688 7241728 7245824 7557120 7565312 7577600 7581696 7663616 7700480 10149888 10153984
83 8 1331200 1339392 3747840 3772416 4059136 4087808 4698112 4706304 5787648 5791744 6524928 6533120 7610368 7614464 9949184 9994240
84 53 159744 172032 798720 831488 1052672 1056768 1085440 1089536 1093632 1097728 1101824 1105920 1155072 1159168 1175552 1179648 1191936 1196032 1200128 1204224 1232896 1236992 1245184 1249280 1273856 1282048 1368064 1372160 1425408 2097152 2097152 3145728 3145728 3170304 3235840 3239936 3407872 3411968 3420160 3424256 3596288 3604480 3723264 3727360 3780608 3784704 3813376 3817472 3825664 3829760 4005888 4009984 4030464 4034560 4190208 4194304 4214784 4218880 4251648 4255744 4362240 4366336 4440064 4444160 4468736 4472832 4521984 4526080 4579328 4583424 4599808 4603904 4755456 4759552 4775936 4792320 5083136 5087232 5382144 5390336 6778880 6782976 6819840 6823936 6934528 6938624 7118848 7122944 7290880 7294976 8466432 8470528 8499200 8503296 9117696 9121792 9273344 9281536 9375744 9379840 9789440 9793536 10092544 10096640 10280960 10285056
85 11 3137536 3141632 3690496 3702784 6553600 6569984 6631424 6656000 6746112 6750208 7360512 7368704 7499776 7503872 9490432 9494528 9613312 9617408 9998336 10002432 10052096 10056192
86 9 479232 1048576 1048576 2097152 2097152 2117632 2199552 2220032 5869568 5873664 6631424 6635520 6647808 6651904 8261632 8265728 8773632 8777728
87 4 815104 818176 1908736 1912832 4825088 4870144 9101312 9105408
88 24 8192 12288 32768 36864 126976 131072 1077248 1081344 1437696 1441792 2142208 2146304 2224128 2228224 2502656 2506752 3928064 3932160 4317184 4329472 5029888 5033984 5087232 5103616 5115904 5156864 5242880 5255168 5636096 5640192 6270976 6275072 6643712 6647808 7069696 7073792 8007680 8011776 8015872 8019968 8024064 8028160 8040448 8044544 8351744 8355840 9564160 9568256
89 18 0 1048576 1048576 2097152 2097152 3145728 3145728 4194304 4194304 5242880 5242880 6291456 6291456 7340032 7340032 8388608 8388608 8745984 8757248 8761344 9011200 9027584 9428992 9437184 9535488 9551872 9564160 9576448 9682944 9691136 9781248 9814016 10141696 10158080 10190848 10207232
90 39 0 16384 32768 49152 65536 98304 573440 667648 720896 753664 1474560 1609728 2015232 2031616 2326528 2342912 2551808 2555904 2715648 2752512 3338240 3346432 3362816 3371008 4141056 4153344 4161536 4165632 4169728 4173824 4177920 4190208 4198400 4202496 4214784 4218880 4243456 4247552 4272128 4276224 4292608 4296704 4313088 4337664 4354048 4358144 4931584 4939776 5754880 5869568 5885952 6131712 6180864 6291456 6291456 6295552 6311936 6426624 6443008 6541312 7880704 7897088 7909376 7913472 8335360 8355840 8384512 8388608 8617984 8622080 8749056 8765440 9191424 9195520 9793536 9797632 10174464 10207232
91 36 643072 647168 811008 815104 1155072 1159168 1200128 1208320 1314816 1318912 1429504 1474560 1654784 1662976 1794048 1798144 1982464 2015232 2932736 2936832 3825664 3829760 4079616 4100096 4313088 4317184 4571136 4583424 4997120 5005312 5177344 5193728 5320704 5324800 5410816 5439488 5480448 5496832 5668864 5685248 5795840 5799936 5808128 5812224 6615040 6619136 6684672 6717440 7782400 7798784 8077312 8093696 8388608 8392704 8617984 8650752 8781824 8798208 9142272 9158656 9437184 9441280 9740288 9744384 9764864 9797632 9904128 9908224 10186752 10194944 10231808 10235904
92 15 0 1048576 1048576 1359872 1572864 1576960 2084864 2097152 3141632 3145728 3391488 3407872 3751936 3764224 3833856 3858432 4583424 4689920 8404992 8409088 8450048 8454144 8601600 8605696 8794112 8798208 9412608 9416704 9797632 9801728
93 28 917504 921600 1036288 1040384 1908736 1912832 2232320 2236416 2269184 2273280 2281472 2285568 2687488 2691584 4313088 4317184 4558848 4562944 4603904 4608000 5328896 5332992 5832704 5836800 6094848 6103040 6348800 6352896 6832128 6836224 7012352 7016448 7421952 7438336 8179712 8183808 8192000 8196096 8978432 8994816 9113600 9117696 9932800 9936896 9949184 9957376 10002432 10006528 10145792 10149888 10153984 10162176 10297344 10301440 10457088 10461184
94 18 405504 409600 1204224 1208320 1753088 1761280 1789952 1794048 1892352 1896448 2150400 2154496 2433024 2437120 3366912 3379200 3674112 3678208 3915776 3928064 3932160 3936256 4308992 4313088 4526080 4530176 7843840 7856128 8249344 8253440 9457664 9469952 9781248 9789440 10031104 10035200
95 15 237568 1048576 1048576 2027520 2813952 2834432 3362816 3366912 4689920 4694016 4808704 4825088 5136384 5140480 5189632 5197824 7049216 7057408 7266304 7270400 8069120 8388608 8388608 9437184 9437184 9826304 10211328 10215424 10285056 10289152
96 9 1060864 1064960 2580480 2637824 4390912 4395008 6262784 6266880 6733824 6766592 9568256 9572352 9687040 9695232 9699328 9703424 9900032 9904128
97 22 376832 380928 405504 409600 1540096 1544192 1925120 1929216 2613248 2621440 3510272 3518464 3764224 3768320 3997696 4001792 5812224 5816320 5947392 6012928 8462336 8470528 9191424 9195520 9445376 9465856 9498624 9506816 9568256 9576448 9732096 9748480 9957376 9969664 9981952 9986048 10035200 10039296 10063872 10067968 10248192 10252288 10465280 10473472
98 28 65536 81920 98304 102400 229376 245760 466944 471040 1646592 1658880 2420736 2424832 2506752 2510848 2686976 2691072 2818048 2822144 2932736 2949120 3264512 3268608 4190720 4194304 4194304 4198912 4657152 4669440 6000640 6004736 6856704 6897664 9441280 9445376 9596928 9601024 9670656 9674752 9696256 9712640 9814016 9818112 9916416 9920512 9957376 9961472 10006528 10010624 10039296 10043392 10199040 10203136 10346496 10350592 10354688 10358784
99 20 0 4096 32768 36864 1150976 1155072 1249280 1269760 1548288 1552384 1818624 1822720 3063808 3067904 4411392 4415488 4681728 4685824 4698112 4702208 4714496 4718592 4730880 4734976 4747264 4751360 4767744 4771840 5701632 5705728 6193152 6197248 6242304 6246400 7671808 7675904 8966144 8970240 8974336 8982528
