#StripeID,rangenumber,BlockOffsetStart,BlockOffsetEnd
0 5 28672 32768 69632 81920 393216 397312 401408 454656 630784 634880
1 7 20480 24576 221184 233472 278528 282624 331776 335872 393216 421888 471040 475136 643072 647168
2 4 57344 65536 65536 122880 602112 606208 622592 634880
3 7 28672 45056 159744 163840 172032 176128 303104 307200 376832 380928 389120 393216 458752 487424
4 2 258048 262144 401408 405504
5 5 69632 81920 86016 90112 434176 438272 459776 488448 589824 593920
6 4 307200 323584 393216 397312 483328 484352 548864 552960
7 5 61440 65536 98304 122880 131072 139264 253952 262144 262144 266240
8 7 53248 57344 131072 135168 155648 159744 270336 274432 278528 327680 327680 393216 393216 421888
9 4 270336 274432 442368 458752 458752 524288 524288 569344
10 3 36864 40960 208896 221184 462848 466944
11 8 176128 180224 233472 258048 270336 327680 327680 368640 434176 438272 602112 606208 626688 630784 638976 643072
12 5 36864 65536 65536 94208 188416 192512 339968 344064 561152 565248
13 7 32768 36864 77824 81920 208896 212992 311296 315392 348160 352256 401408 405504 622592 643072
14 6 192512 196608 196608 204800 262144 270336 430080 442368 446464 450560 495616 497152
15 4 32768 65536 65536 73728 245760 249856 290816 294912
16 3 36864 40960 122880 126976 147456 151552
17 2 188416 196608 196608 204800
18 3 266240 274432 303104 307200 479232 495616
19 5 8192 16384 241664 262144 520192 524288 524288 528384 548864 557056
20 6 77824 90112 319488 327680 327680 331776 471040 524288 524288 589824 589824 606208
21 7 32768 36864 77824 81920 307200 311296 421888 425984 446464 458752 520192 524288 524288 540672
22 9 118784 122880 167936 172032 380928 385024 397312 405504 409600 413696 438272 442368 524288 528384 532480 536576 573440 577536
23 8 4096 8192 65536 131072 143360 196608 196608 225280 331776 339968 344064 348160 425984 434176 446464 458752
24 5 53248 61440 262144 266240 610304 614400 630784 634880 647168 651264
25 8 20480 24576 28672 32768 40960 45056 65536 69632 221184 249856 458752 462848 471040 475136 606208 607232
26 2 65536 69632 618496 634880
27 3 163840 167936 229376 233472 286720 287744
28 9 0 49152 57344 65536 65536 69632 151552 152576 446464 447488 471040 472064 520192 524288 524288 589824 589824 655360
29 8 0 65536 65536 131072 131072 139264 188416 196608 196608 262144 262144 327680 327680 393216 393216 442368
30 5 180224 181248 278528 282624 303104 307200 475136 476160 638976 640000
31 6 126976 131072 131072 172032 462848 463872 499712 500736 503808 520192 532480 533504
32 5 12288 16384 45056 49152 65536 69632 90112 94208 339968 344064
33 4 73728 77824 106496 110592 364544 368640 393216 405504
34 4 143360 155648 454656 458752 495616 524288 524288 557056
35 5 32768 40960 90112 94208 303104 327680 327680 348160 626688 630784
36 5 32768 40960 114688 118784 122880 126976 475136 479232 569344 573440
37 3 217088 221184 262144 266240 589824 593920
38 4 344064 356352 405504 417792 462848 466944 516096 520192
39 6 45056 49152 454656 458752 458752 466944 491520 524288 524288 589824 589824 622592
40 3 114688 122880 561152 562176 593920 598016
41 6 114688 126976 172032 180224 364544 393216 393216 405504 417792 458752 458752 462848
42 3 28672 31744 155648 159744 598016 655360
43 5 126976 131072 393216 458752 458752 524288 524288 540672 594944 615424
44 2 110592 114688 507904 516096
45 1 253952 258048
46 7 159744 163840 176128 180224 241664 245760 307200 311296 475136 524288 524288 589824 589824 655360
47 10 0 65536 65536 131072 131072 196608 196608 262144 262144 327680 327680 393216 393216 458752 458752 524288 524288 589824 589824 655360
48 10 0 65536 65536 131072 131072 196608 196608 262144 262144 327680 327680 393216 393216 458752 458752 524288 524288 589824 589824 655360
49 10 0 65536 65536 131072 131072 196608 196608 262144 262144 327680 327680 393216 393216 458752 458752 524288 524288 589824 589824 655360
50 10 0 65536 65536 131072 131072 196608 196608 262144 262144 327680 327680 393216 393216 458752 458752 524288 524288 589824 589824 655360
51 10 0 65536 65536 131072 131072 196608 196608 262144 262144 327680 327680 393216 393216 458752 458752 524288 524288 589824 589824 655360
52 10 0 65536 65536 131072 131072 196608 196608 262144 262144 327680 327680 393216 393216 458752 458752 524288 524288 589824 589824 655360
53 7 0 65536 65536 131072 131072 196608 196608 262144 262144 282624 401408 405504 413696 421888
54 3 159744 163840 524288 589824 589824 655360
55 9 0 65536 65536 131072 131072 196608 196608 262144 262144 327680 327680 393216 393216 458752 458752 524288 524288 577536
56 4 389120 393216 409600 458752 458752 512000 573440 574464
57 5 4096 8192 167936 196608 196608 212992 307200 311296 626688 627712
58 5 40960 45056 266240 274432 385024 386048 405504 417792 626688 630784
59 7 16384 20480 77824 94208 126976 131072 389120 393216 430080 434176 466944 471040 479232 483328
61 3 393216 397312 487424 491520 598016 655360
62 7 0 65536 217088 218112 237568 241664 372736 376832 479232 483328 516096 517120 565248 573440
63 3 4096 40960 176128 180224 528384 532480
64 8 163840 164864 204800 212992 331776 339968 348160 352256 397312 401408 430080 458752 458752 524288 524288 565248
65 4 126976 131072 131072 139264 454656 458752 638976 643072
66 5 204800 212992 393216 397312 425984 430080 524288 528384 532480 544768
67 6 40960 57344 73728 74752 462848 524288 524288 565248 573440 577536 610304 614400
68 4 4096 5120 106496 110592 253952 262144 450560 454656
69 5 126976 131072 421888 430080 442368 446464 462848 466944 622592 626688
70 3 8192 16384 102400 110592 397312 401408
71 6 368640 380928 385024 393216 393216 405504 409600 421888 458752 480256 483328 495616
72 3 40960 45056 49152 53248 462848 466944
73 2 86016 90112 319488 323584
74 8 8192 24576 241664 245760 249856 253952 262144 274432 405504 417792 471040 524288 524288 589824 589824 651264
75 16 12288 16384 122880 131072 131072 135168 143360 147456 151552 155648 184320 188416 200704 204800 208896 221184 266240 270336 311296 315392 319488 327680 327680 393216 393216 458752 458752 524288 524288 589824 589824 655360
76 7 0 65536 65536 131072 131072 151552 446464 450560 548864 552960 577536 581632 602112 606208
77 6 36864 45056 69632 73728 135168 139264 348160 352256 380928 393216 536576 540672
78 5 20480 24576 315392 323584 331776 335872 438272 442368 540672 544768
79 5 28672 32256 69632 73728 81920 86016 442368 446464 466944 500736
80 4 20480 24576 122880 126976 417792 421888 462848 475136
81 5 36864 40960 290816 327680 327680 393216 393216 454656 643072 651264
82 4 65536 69632 385024 393216 446464 450560 643072 647168
83 8 0 4096 397312 405504 471040 475136 540672 544768 548864 552960 565248 569344 573440 577536 598016 602112
84 3 479232 524288 524288 589824 589824 655360
85 4 0 65536 65536 131072 131072 167936 536576 540672
86 4 49152 57344 294912 299008 466944 471040 487424 488448
87 7 16384 20480 270336 274432 372736 380928 417792 421888 446464 450560 606208 614400 622592 626688
88 5 40960 45056 57344 61440 262144 294912 393216 397312 643072 647168
89 8 20480 24576 122880 126976 135168 139264 303104 327680 327680 335872 544768 545792 589824 618496 638976 655360
90 7 0 16384 20480 65536 65536 73728 143360 147456 237568 241664 319488 323584 430080 434176
91 4 126976 131072 200704 262144 262144 286720 344064 360448
92 5 212992 214016 299008 307200 319488 323584 348160 352256 610304 614400
93 4 245760 249856 335872 339968 405504 409600 479744 515072
94 6 102400 106496 258048 262144 397312 458752 458752 524288 524288 589824 589824 655360
95 9 0 65536 65536 131072 131072 196608 196608 262144 262144 327680 327680 360448 499712 503808 512000 516096 552960 557056
96 9 0 8192 16384 20480 32768 45056 81920 86016 98304 102400 110592 114688 126976 131072 135168 139264 147456 151552
97 3 12288 20480 28672 32768 401408 413696
98 3 307200 327680 327680 393216 393216 434176
99 4 0 4096 118784 122880 262144 266240 610304 622592
