#StripeID,rangenumber,BlockOffsetStart,BlockOffsetEnd
0 51 0 40960 49152 53248 163840 172032 180224 196608 262144 266240 458752 471040 524800 525824 528384 540672 704512 708608 1048576 1077248 1081344 1085440 1097728 1101824 1126400 1146880 1175552 1179648 1183744 1187840 1196032 1200128 1560576 1605632 1912832 1916928 2097152 2129920 2232320 2236416 2342912 2347008 2363392 2701824 3059712 3076096 3145728 3149824 3162112 3166208 3211264 3215360 3297280 3301376 3452928 3461120 3481600 3555328 4325376 4444160 4468736 4472832 4648960 4653056 4718592 5115904 5283840 5287936 5296128 5300224 5308416 5312512 5742592 5754880 6119424 6176768 6807552 6811648 6976512 6984704 7016448 7020544 7213568 7221760 7225344 7233536 7766016 7835648 7995392 8011776 8826880 8839168 8880128 8884224 8929280 8933376 9084928 9089024 9433088 9437184 9437184 10485760
1 10 0 1048576 1048576 2097152 2097152 3145728 3145728 4194304 4194304 5242880 5242880 6291456 6291456 7340032 7340032 8388608 8388608 9437184 9437184 10485760
2 10 0 1048576 1048576 2097152 2097152 3145728 3145728 4194304 4194304 5242880 5242880 6291456 6291456 7340032 7340032 8388608 8388608 9437184 9437184 10485760
3 23 0 1048576 1048576 2097152 2097152 3145728 3403776 3407872 3657728 4194304 4194304 4911104 4980736 5083136 5242880 5586944 5607424 5615616 5648384 5652480 5881856 5890048 6950912 6975488 7258112 7266304 7639040 7647232 7835648 7839744 8192000 8200192 8392704 8396800 8445952 8450048 8638464 8646656 9007104 9015296 9043968 9048064 9191424 9199616 9945088 9953280
4 14 4096 8192 24576 32768 499712 503808 606208 614400 851968 868352 1048576 2097152 2097152 3145728 3145728 4194304 4194304 5242880 5242880 6291456 6291456 7340032 7340032 8388608 8388608 9437184 9437184 10485760
5 10 0 1048576 1048576 2097152 2097152 3145728 3145728 4194304 4194304 5242880 5242880 6291456 6291456 7340032 7340032 8388608 8388608 9437184 9437184 10485760
6 10 0 1048576 1048576 2097152 2097152 3145728 3145728 4194304 4194304 5242880 5242880 6291456 6291456 7340032 7340032 8388608 8388608 9437184 9437184 10485760
7 10 0 1048576 1048576 2097152 2097152 3145728 3145728 4194304 4194304 5242880 5242880 6291456 6291456 7340032 7340032 8388608 8388608 9437184 9437184 10485760
8 10 0 1048576 1048576 2097152 2097152 3145728 3145728 4194304 4194304 5242880 5242880 6291456 6291456 7340032 7340032 8388608 8388608 9437184 9437184 10485760
9 10 0 1048576 1048576 2097152 2097152 3145728 3145728 4194304 4194304 5242880 5242880 6291456 6291456 7340032 7340032 8388608 8388608 9437184 9437184 10485760
10 31 0 1048576 1048576 2097152 2097152 3145728 3145728 4194304 4194304 5242880 5496832 5513216 6066176 6070272 6123520 6127616 6148096 6152192 6201344 6209536 6279168 6283264 6549504 6553600 6660096 6664192 6770688 6774784 6828032 6832128 7024640 7028736 7036928 7045120 7086080 7090176 7110656 7114752 7139328 7143424 7307264 7311360 7331840 7340032 7389184 7405568 7577600 7581696 7688192 7692288 8073216 8077312 8183808 8187904 8204288 8208384 8286208 8388608 8388608 9437184 9437184 10485760
11 13 0 868352 2101248 2109440 2113536 2117632 2805760 2809856 3088384 3092480 3112960 3145728 3145728 4194304 4194304 5242880 5242880 6291456 6291456 7340032 7340032 8388608 8388608 9437184 9437184 10485760
12 10 0 1048576 1048576 2097152 2097152 3145728 3145728 4194304 4194304 5242880 5242880 6291456 6291456 7340032 7340032 8388608 8388608 9437184 9437184 10485760
13 10 0 1048576 1048576 2097152 2097152 3145728 3145728 4194304 4194304 5242880 5242880 6291456 6291456 7340032 7340032 8388608 8388608 9437184 9437184 10485760
14 15 0 1048576 1048576 2097152 2097152 3145728 3145728 4194304 4194304 4551680 4562944 4567040 4603904 4702208 4800512 4801536 4866048 4882432 5185536 5206016 5242880 6291456 6291456 7340032 7340032 8388608 8388608 9437184 9437184 10485760
15 10 0 1048576 1048576 2097152 2097152 3145728 3145728 4194304 4194304 5242880 5242880 6291456 6291456 7340032 7340032 8388608 8388608 9437184 9437184 10485760
16 18 0 1048576 1048576 2097152 2097152 3145728 3145728 4194304 4194304 5242880 5242880 6291456 6291456 7340032 7340032 8388608 8388608 9437184 9441280 9449472 9515008 9519104 9527296 9531392 9584640 9601024 9723904 9728000 9732096 9744384 9748480 9756672 9760768 9764864 9850880 9949184
17 40 180224 196608 274944 283136 655360 675840 688128 720896 1220608 1228800 1556480 1585152 1609728 1617920 1949696 1966080 2097152 2101248 2109440 2113536 2117632 2121728 2150400 2154496 2166784 2187264 2277376 2281472 2285568 2289664 2367488 2371584 2375680 2379776 2383872 2387968 2392064 2396160 2678784 2682880 3010560 3039232 3125248 3129344 3141632 3145728 3190784 3227648 3465216 3469312 3789824 3793920 3866624 3870720 4030464 4046848 4087808 4091904 4120576 4124672 4456448 4472832 4657152 4661248 4669440 4673536 5055488 5100544 5935104 5939200 6291456 6295552 6324224 6328320 7340032 8388608 8388608 9437184 9437184 10485760
18 10 0 1048576 1048576 2097152 2097152 3145728 3145728 4194304 4194304 5242880 5242880 6291456 6291456 7340032 7340032 8388608 8388608 9437184 9437184 10485760
19 10 0 1048576 1048576 2097152 2097152 3145728 3145728 4194304 4194304 5242880 5242880 6291456 6291456 7340032 7340032 8388608 8388608 9437184 9437184 10485760
20 10 0 1048576 1048576 2097152 2097152 3145728 3145728 4194304 4194304 5242880 5242880 6291456 6291456 7340032 7340032 8388608 8388608 9437184 9437184 10485760
21 10 0 1048576 1048576 2097152 2097152 3145728 3145728 4194304 4194304 5242880 5242880 6291456 6291456 7340032 7340032 8388608 8388608 9437184 9437184 10485760
22 10 0 1048576 1048576 2097152 2097152 3145728 3145728 4194304 4194304 5242880 5242880 6291456 6291456 7340032 7340032 8388608 8388608 9437184 9437184 10485760
23 10 0 1048576 1048576 2097152 2097152 3145728 3145728 4194304 4194304 5242880 5242880 6291456 6291456 7340032 7340032 8388608 8388608 9437184 9437184 10485760
24 65 0 1048576 1052672 1064960 1069056 1077248 1089536 1093632 1110016 1122304 1126400 1138688 1142784 1146880 1298432 1302528 1499136 1503232 1605632 1609728 1966080 1970176 2183168 2187264 2207744 2211840 2314240 2318336 2412544 2416640 2420736 2428928 2560000 2564096 2768896 2772992 2805760 2809856 2822144 2826240 2854912 2859008 2863104 2883584 3043328 3047424 3080192 3084288 3223552 3227648 3235840 3239936 3604480 3608576 3649536 3653632 3678208 3682304 3928064 3932160 3952640 4005888 4186112 4190208 4268032 4272128 4640768 4644864 4870144 4874240 4976640 4980736 5009408 5050368 5148672 5173248 5214208 5218304 5275648 5279744 5619712 5623808 5857280 5869568 6148096 6152192 6320128 6324224 6709248 6722560 6787072 6791168 7086080 7090176 7168000 7180288 7282688 7286784 7299072 7303168 7344128 7348224 7372800 7376896 7434240 7438336 7585792 7589888 7647232 7655424 7876608 7880704 7974912 7979008 8032256 8036352 8241152 8245248 8523776 8527872 8749056 8753152 9019392 9031680 9363456 9367552 9412608 9416704 9437184 10485760
25 41 0 1048576 1048576 2097152 2097152 3145728 3145728 4194304 4194304 4612096 5341184 5345280 5492736 5496832 5570560 5586944 6066176 6070272 6463488 6471680 6619136 6623232 6696960 6701056 7307264 7311360 7319552 7323648 7495680 7499776 7618560 7622656 7864320 7868416 7925760 7933952 7983104 7987200 7991296 7995392 8105984 8110080 8253440 8257536 8290304 8294400 8298496 8306688 8339456 8343552 8441856 8445952 8568832 8577024 8654848 8658944 9105408 9109504 9113600 9117696 9203712 9216000 9252864 9261056 9363456 9367552 9428992 9433088 9437696 9441792 9462272 9466368 9543680 9547776 9809920 9859072 10207232 10219520 10223616 10227712 10452992 10461184
26 34 66048 70144 114688 122880 196608 200704 512000 516096 745472 749568 790528 798720 802816 806912 884736 901120 946176 954368 1040384 1048576 1097728 1101824 1142784 1146880 1396736 1400832 1556480 1560576 1576960 1581056 1892352 1896448 2097152 3145728 3145728 4194304 4194304 5242880 5242880 6291456 6393856 6414336 7102464 7114752 7565312 7577600 7606272 7614464 7811584 7819776 8126464 8130560 8421376 8425472 9023488 9027584 9154560 9158656 9277440 9297920 9605120 9609216 9904128 9916416 10063872 10067968 10457088 10461184
27 91 159744 163840 323584 335872 540672 561152 753664 757760 765952 770048 888832 892928 1048576 1052672 1753088 1769472 1998848 2007040 2052096 2056192 2109440 2113536 2142720 2146816 2294272 2298368 2306048 2310144 2310656 2314752 2334720 2338816 2408960 2413056 2421248 2425344 2433536 2437632 2503168 2507264 2519040 2523136 2629632 2633728 2662912 2667008 2691072 2699264 2703872 2707968 2720256 2724352 2748928 2753024 2806272 2810368 2847232 2851328 2863616 2867712 2925056 2929152 2953728 2957824 3011072 3015168 3027456 3031552 3039744 3043840 3076096 3080192 3105280 3109376 3162624 3166720 3179008 3183104 3224064 3228160 3235840 3244032 3264512 3268608 3276800 3280896 3297792 3301888 3318272 3322368 3330560 3334656 3387392 3391488 3478016 3482112 3506176 3510272 3538944 3543040 3555328 3559424 3641344 3645440 3661824 3678208 3723264 3727360 3801088 3805184 3809280 3813376 3829760 3833856 3940352 3944448 4010496 4014592 4079616 4083712 4096000 4100096 4194304 4198400 4247552 4251648 4628992 4637184 4673536 4677632 4706304 4710400 4841472 4845568 4882432 4886528 5005312 5242880 5242880 6119424 6156288 6160384 6242304 6291456 6291456 6311936 6455296 6459392 6737920 6758400 6819840 6832128 7041024 7045120 7143424 7192576 7544832 7548928 7684096 7688192 7753728 7757824 7954432 7958528 8368640 8372736 8376320 8380416 8781824 8798208 8855552 8859648 9347072 9351168 9363456 9367552 9437184 9441280 9723904 9728000 10252288 10301440
28 81 131072 135168 716800 724992 1310720 1314816 1335296 1339392 1372160 1380352 1470464 1581056 1794048 1798144 1978368 1982464 2154496 2158592 2326528 2330624 2457600 2461696 2535424 2539520 2560000 2564096 2736128 2740224 2895872 2899968 3268608 3272704 3355136 3367424 3469312 3473408 3502080 3506176 3698688 3702784 3887104 3891200 4456448 4460544 4497408 4501504 4546560 4554752 4657152 4661248 4689920 4694016 4747264 4755456 4919296 4923392 4931584 4960256 5120000 5124096 5136384 5140480 5197824 5206016 5865472 6291456 6291456 6979584 6987776 6991872 7012352 7016448 7110656 7131136 7135232 7139328 7143424 7176192 7180288 7184384 7225344 7229440 7266304 7270400 7323648 7340032 7340032 7356416 7389184 7405568 7467008 7503872 7553024 7557120 7598080 7602176 7607296 7611392 7761920 7766016 8171520 8175616 8355840 8388608 8454144 8470528 8699904 8704000 8765440 8781824 8896512 8912896 8953856 8957952 9007104 9011200 9023488 9134080 9318400 9322496 9338880 9371648 9437184 9453568 9457664 9490432 9494528 9498624 9531392 9535488 9547776 9551872 9580544 9584640 9613312 9617408 9633792 9650176 9666560 9682944 9711616 9715712 9756672 9764864 9805824 9809920 9814016 9822208 9977856 9981952 10002432 10027008 10137600 10145792 10158080 10190848 10199040 10203136 10211328 10215424 10285056 10289152
29 100 4096 8192 102400 106496 122880 126976 180224 184320 217088 221184 225280 229376 245760 249856 327680 331776 339968 344064 528384 532480 540672 548864 585728 589824 614400 622592 630784 634880 643072 647168 946176 950272 958464 962560 1019904 1028096 1044480 1048576 1077248 1081344 1138688 1142784 1228800 1232896 1351680 1355776 1421312 1425408 1470464 1474560 1556480 1572864 1740800 1744896 1748992 1757184 1810432 1814528 1826816 1830912 1839104 1843200 1970176 1974272 1978368 1982464 2039808 2043904 2105344 2109440 2162688 2166784 2256896 2293760 2310144 2314240 2387968 2392064 2486272 2490368 2502656 2506752 2633728 2637824 2678784 2699264 2711552 2715648 2732032 2740224 2748416 2752512 2768896 2772992 2924544 2928640 2940928 2945024 2949120 2961408 3088384 3108864 3121152 3125248 3141632 3145728 3330048 3334144 3465216 3469312 3551232 3555328 3571712 3682304 3706880 3731456 3780608 3784704 3858432 3862528 3874816 3878912 3887104 3891200 3899392 3903488 3911680 3919872 3932160 3948544 3952640 3956736 3973120 3977216 3985408 3989504 4001792 4009984 4038656 4042752 4079616 4083712 4472832 4476928 4481024 4493312 4521984 4526080 4554752 4558848 4575232 4583424 4587520 4591616 4764160 4768256 5103616 5107712 5177344 5210112 5238784 5242880 5308416 5312512 5480448 5484032 5545984 5550080 5603328 5636096 5750784 5783552 5840896 5844992 6078464 6082560 6520832 6529024 6578176 6586368 6610944 6627328 6631424 6639616 6668288 6713344 6733824 6742016 6754304 7340032 7340032 7737344 7864320 7868416 8007680 8388608 8388608 9437184 9437184 10366976
30 82 147456 180224 458752 491520 503808 507904 540672 544768 667648 671744 688128 720896 790528 794624 978944 983040 1097728 1130496 1167360 1171456 1236992 1241088 1269760 1273856 1400832 1404928 1556480 2097152 2097152 3145728 3145728 4083712 4091904 4096000 4141056 4161536 4276224 4280320 4399104 4403200 4960256 4976640 5029888 5046272 5201920 5206016 5226496 5242880 5283840 5287936 5320704 5324800 5410816 5414912 5423104 5427200 5550080 5554176 5636096 5640192 5668864 5672960 5775360 5799936 5865472 5881856 5918720 5922816 5976064 5980160 6033408 6037504 6078464 6111232 6365184 6369280 6389760 6393856 6459392 6463488 6529024 6533120 6594560 6602752 6701056 6705152 6791168 6795264 6811648 6828032 6832128 6864896 7061504 7077888 7135232 7139328 7155712 7159808 7225344 7229440 7303168 7307264 7335936 7340032 7389184 7405568 7409664 7417856 7450624 7454720 7503872 7507968 7577600 7581696 7598592 7610880 7614464 7618560 7696384 7700480 7811072 7815168 7852032 7958528 8048640 8052736 8060928 8069120 8122368 8126464 8146944 8212480 8228864 8232960 8372224 8376320 8388608 8392704 8441856 8445952 8749056 8753152 8908800 8912896 8970240 8990720 9031680 9035776 9338880 9355264 9437184 9461760 9564160 9568256 9596928 9601024 9879552 9895936 9916416 10031104 10047488 10391552 10407936 10485760
31 220 0 36864 53248 180224 405504 409600 421888 430080 434176 442368 622592 638976 827392 831488 950272 983040 1105920 1110016 1187840 1220608 1224704 1228800 1257472 1265664 1298432 1302528 1351680 1355776 1863680 1867776 1916928 1921024 2080768 2097152 2097152 2113536 2183168 2187264 2252800 2256896 2273280 2277376 2289664 2293760 2306048 2310144 2322432 2326528 2338816 2342912 2355200 2396160 2408448 2412544 2424832 2428928 2478080 2482176 2494464 2498560 2654208 2686976 2830336 2834432 2850816 2883584 3153920 3158016 3166208 3174400 3190784 3194880 3211264 3215360 3244032 3248128 3260416 3264512 3284992 3289088 3309568 3313664 3358720 3362816 3383296 3387392 3395584 3399680 3436544 3440640 3481600 3485696 3502080 3506176 3526656 3530752 3555328 3559424 3588096 3596288 3620864 3629056 3637248 3670016 3694592 3698688 3727360 3731456 3743744 3751936 3776512 3780608 3796992 3801088 3821568 3825664 3846144 3850240 3862528 3866624 3874816 3878912 3883008 3887104 3891200 3928064 3952640 3956736 3960832 3964928 3970048 3977216 3993600 3998720 4072448 4079616 4087808 4091904 4132864 4141056 4142080 4149248 4157440 4161536 4194304 4198400 4199424 4203520 4231168 4235264 4272128 4280320 4288512 4292608 4308992 4313088 4321280 4325376 4337664 4341760 4349952 4354048 4358144 4362240 4382720 4386816 4460544 4468736 4476928 4481024 4501504 4505600 4517888 4521984 4562944 4567040 4612096 4632576 4648960 4653056 4665344 4673536 4677632 4681728 4710400 4718592 4739072 4743168 4759552 4763648 4775936 4845568 4857856 4861952 4894720 4898816 4976640 4980736 4997120 5009408 5021696 5025792 5033984 5038080 5042176 5050368 5054464 5058560 5062656 5070848 5091328 5095424 5107712 5111808 5124096 5132288 5140480 5144576 5148672 5160960 5165056 5169152 5173248 5177344 5222400 5226496 5242880 5246976 5255168 5259264 5275648 5283840 5320704 5324800 5332992 5337088 5369856 5373952 5378048 5386240 5390336 5394432 5447680 5455872 5464064 5468160 5484544 5492736 5496832 5500928 5517312 5525504 5545984 5550080 5554176 5558272 5574656 5578752 5582848 5586944 5611520 5615616 5627904 5632000 5652480 5656576 5664768 5668864 5677056 5681152 5697536 5705728 5722112 5726208 5758976 5763072 5799936 5804032 5832704 5840896 5877760 5881856 5906432 5910528 5943296 5947392 5955584 5959680 5980160 6012928 6045696 6049792 6057984 6062080 6070272 6074368 6098944 6107136 6127616 6131712 6172672 6176768 6193152 6197248 6209536 6213632 6217728 6221824 6242304 6250496 6279168 6283264 6291456 6295552 6316032 6320128 6336512 6340608 6344704 6348800 6369280 6373376 6381568 6389760 6393856 6397952 6414336 6418432 6447104 6451200 6471680 6475776 6479872 6483968 6496256 6504448 6508544 6512640 6549504 6553600 6569984 6574080 6586368 6590464 6606848 6610944 6631936 6640128 6647808 6651904 6660096 6672384 6684672 6692864 6746112 6750208 6774784 6778880 6803456 6807552 6828032 6832128 6836224 6844416 6868992 6885376 6893568 6914048 6930432 6950912 6955008 6959104 7024640 7028736 7073792 7077888 7163904 7168000 7340032 7344128 7462912 7467008 7573504 7577600 7622656 7626752 7643136 7647232 7819264 7823360 7827456 7831552 7835648 7847936 7880704 7884800 7954432 7958528 8011776 8015872 8093696 8126464 8138752 8142848 8151040 8155136 8208384 8241152 8351744 8355840 8368128 8372224 8400896 8404992 8527872 8536064 8605696 8609792 8826880 8830976 8945664 8978432 9027584 9060352 9072640 9076736 9170944 9175040 9232384 9236480 9240576 9256960 9535488 9539584 9580544 9584640 9814016 10235904 10260480 10416128
32 56 77824 81920 159744 163840 225280 229376 274432 278528 303104 1048576 1048576 2093056 2150400 2199552 2310144 2342912 2441216 2465792 2568192 2576384 2580480 2588672 2670592 2674688 2744320 2826240 2838528 2842624 2932736 2936832 2961408 2981888 2994176 3002368 3031040 3047424 3096576 3145728 3145728 3264512 3653632 3694592 3760128 3764224 3772416 3776512 3837952 3846144 4063232 4096000 4222976 4227072 4292608 4313600 4366336 4374528 4829184 4898816 4989952 5030912 5074944 5079040 5283840 5304320 5505024 5521408 5574656 5591040 5763072 5836800 5976064 5992448 6361088 6606848 6959104 7032832 7200768 7270400 7311360 7340032 7340032 7364608 7393280 7405568 7860224 7905280 7929856 7946240 8339456 8388608 8388608 9437184 9437184 9834496 9912320 9928704 9940992 9945088 10006528 10055680 10059776 10076160 10141696 10145792 10268672 10285056 10391552 10399744 10452992 10473472 10481664 10485760
33 77 0 81920 135168 139264 278528 294912 323584 368640 491520 499712 516096 524288 548864 552960 602112 606208 675840 720896 892928 897024 917504 978944 999424 1048576 1048576 1110016 1146880 1150976 1310720 1314816 1368064 1380352 1384448 1400832 1708032 1744896 1953792 2002944 2023424 2027520 2076672 2097152 2097152 3006464 3178496 3194880 3325952 3399680 3424256 3506176 3670016 3735552 3776512 3792896 3813376 3817472 3878912 3883008 4358144 4362240 4509696 4513792 4624384 4792320 4796416 4800512 4890624 4972544 4976640 4980736 5029888 5046272 5120000 5156864 5537792 5554176 5906432 6070272 6258688 6291456 6291456 6307840 6406144 6422528 6488064 6492160 6848512 6864896 6959104 6979584 7118848 7131136 7249920 7282688 7307264 7323648 7344128 7426048 7471104 7479296 7507968 7512064 7733248 7753728 7798784 7831552 7848448 7856640 7892992 7897088 7905280 7909376 7938048 7942144 7999488 8040448 8122368 8126464 8163328 8167424 8175616 8179712 8224768 8228864 8245248 8388608 8388608 8589312 8704000 8708096 8740864 8826880 8896512 8899072 9166848 9232384 9240576 9256960 9363456 9437184 9474048 9490432 9695232 9699328 9732096 9744384 9822208 9920512 9977856 9994240 10084352 10088448 10125312 10485760
34 86 0 258048 851968 1048576 1048576 2097152 2097152 2170880 2306048 2310144 2408448 2441216 2457600 2461696 2543616 2695168 2699264 2707456 2764800 2768896 2916352 2920448 2932736 2940928 3067904 3076096 3108864 3112960 3145728 3149824 3215360 3256320 3403776 3538944 3796992 4132864 4194304 4198400 4530176 4534272 4562944 4747264 4911104 4915200 4960768 4968960 5038080 5054464 5120000 5136384 5242880 5246976 5271552 5275648 5435392 5492736 5582848 5586944 5677056 5738496 5808128 5840896 5959680 5963776 5996544 6029312 6115328 6119424 6127616 6144000 6152192 6156288 6160384 6164480 6168576 6174720 6176768 6209536 6238208 6242304 6373376 6406144 6414336 6463488 6471680 6475776 6483968 6643712 6680576 6684672 6692864 6696960 6750208 6782976 6832128 6864896 6930432 6934528 7012352 7028736 7094272 7110656 7151616 7155712 7176192 7192576 7307264 7323648 7344128 7352320 7372800 7401472 7479296 7483392 7520256 7536640 7655424 7659520 7688192 7692288 7733248 7737344 7770112 7774208 8060928 8065024 8093696 8097792 8118272 8138752 8151040 8204288 8232960 8241152 8273920 8388608 8388608 8454144 8482816 8527872 8601600 8663040 8708096 8720384 8769536 8773632 8990720 8994816 9048064 9052160 9138176 9170944 9187328 9220096 9224192 9228288 9240576 9261056 9338880 9355264 9396224 9400320 9420800 9424896 9502720 9519104 9797632 10084352 10244096 10301440 10452992 10473472
35 92 49152 98304 139264 200704 421888 475136 618496 851968 1015808 1036288 1110016 1134592 1347584 1363968 1396736 1417216 1458176 1474560 1515520 1560576 1884160 1916928 1949696 1966080 2244608 2277376 2326528 2342912 2375680 2584576 2593280 2601472 2666496 2686976 2880512 2888704 2916352 2920448 2981888 3014656 3051520 3145728 3145728 3186688 3260416 3313664 3391488 3485696 3547136 3592192 3604480 3620864 3706880 3710976 3858432 3874816 3973120 4046848 4087808 4124672 4132864 4136960 4145152 4157440 4243456 4247552 4395008 4399104 4418048 4479488 4521984 4526080 4534272 4538368 4579328 4583424 4702208 4718592 4784128 4788224 4976640 4980736 5050368 5185536 5193728 5197824 5218304 5222400 5251072 5255168 5316608 5320704 5349376 5419008 5476352 5480448 5537792 5570560 5586944 5632000 5652480 5668864 5685248 5787648 5853184 5865472 5898240 5947392 5963776 5996544 6033408 6037504 6074368 6123520 6152192 6156288 6164480 6291456 6291456 6328320 6389760 6406144 6541312 6545408 6561792 6578176 6602752 6619136 6660096 6766592 6848512 6852608 6930432 6934528 6971392 6975488 6983680 7032832 7049216 7053312 7118848 7340032 7340032 7589888 7593984 7614464 7618560 7630848 7667712 7688192 7692288 7704576 7716864 7720960 7725056 7729152 7835648 7839744 7847936 7852032 7946240 7970816 7991296 8007680 8032256 8052736 8155136 8159232 8163328 8179712 8273920 8306688 8339456 8355840 8421376 8454144 8478720 8495104 8597504 8667136 8732672 9437184 9437184 10485760
36 44 0 1048576 1048576 2097152 2097152 3145728 3145728 3461120 3567616 4194304 4194304 5005312 5529600 5591040 5623808 5836800 5844992 6029312 6242304 6246400 6258688 6291456 6291456 6299648 6307840 6369280 6422528 6574080 6811648 6828032 6860800 6864896 6909952 6914048 6967296 7053312 7073792 7077888 7294976 7311360 7364608 7507968 7598080 7602176 8241152 8388608 8388608 8396800 8404992 8409088 8454144 8458240 8589312 8593408 8921088 8925184 9318400 9326592 9334784 9437184 9437184 9506816 9515008 9519104 9523200 9527296 9531392 9535488 9547776 9551872 9564160 9572352 9576448 9580544 9588736 9596928 9617408 9633792 9822720 9835008 9838592 10067968 10256384 10272768 10301440 10305536 10358784 10379264
37 28 184320 217088 593920 675840 774144 778240 1048576 1052672 1175552 1343488 1376256 1392640 1564672 1667072 1679360 1695744 1708032 2097152 2097152 3145728 3145728 4194304 4194304 5242880 5242880 5558272 5648384 5926912 6447104 6516736 6651904 6668288 6672384 6791168 6918144 7024640 7307264 7340032 7340032 7385088 7458816 7847936 7852032 7966720 7983104 8388608 8388608 8499200 8605696 8728576 8835072 8994816 9400320 9420800 9699328 10301440
38 26 135168 258048 331776 344064 385024 598016 614400 860160 876544 991232 1007616 1048576 1048576 1122304 1138688 2097152 2097152 3145728 3145728 4194304 4194304 5242880 5242880 6176768 6213632 6238208 6258688 6279168 6307840 6348800 6807552 6823936 6909952 6946816 7151616 7159808 7303168 7340032 7340032 7413760 7503872 8388608 8388608 9437184 9437184 9670656 9674752 9691136 9961472 10096640 10289152 10293248
39 37 49152 143360 516096 589824 983040 1048576 1048576 1273856 1351680 2097152 2097152 2236416 2281472 2502656 2527232 2543616 2736128 2781184 2924544 2949120 3141632 3145728 3145728 4194304 4194304 5242880 5242880 5644288 5685248 5812224 5865472 5873664 6025216 6225920 6262784 6266880 6574080 6680576 6787072 6832128 6877184 6885376 6905856 6930432 7049216 7299072 7389184 7405568 8163328 8179712 8208384 8220672 8310784 8380416 8437760 8470528 8507392 8511488 8544256 8564736 8687616 8863744 9105408 9113600 9293824 9297920 9363456 9437184 9437184 9576448 9638912 10003456 10149888 10485760
40 73 0 356352 856064 1048576 1048576 1376256 1441792 1712128 1785856 1789952 1908736 2015232 2351104 2355200 2383872 2387968 2416640 2420736 2547712 2551808 2609152 2838528 3104768 3105280 3207168 3211264 3268608 3276800 3440640 3444736 3497984 3502080 3760128 3792896 3846144 3850240 3948544 3952640 3989504 4001792 4063232 4067328 4128768 4145152 4497408 4526080 4554752 4558848 4636672 4640768 4702208 4706304 4739072 4743168 4870144 4874240 4997120 5001216 5046272 5054464 5087232 5242880 5242880 5267456 5332992 5361664 5521408 5746688 5832704 5836800 5894144 5898240 5971968 6279168 6348800 6533120 6569984 6574080 6705152 6815744 6873088 6877184 6914048 6918144 6934528 7139328 7143424 7147520 7229440 7266304 7270400 7286784 7348224 7352320 7512064 7520256 7548928 7553024 7589888 7593984 7639040 7647232 7692288 7696384 7741440 7745536 7794688 7798784 7843840 7847936 7856128 7897088 7946240 7950336 7995392 7999488 8048640 8052736 8183808 8187904 8212480 8220672 8495104 8499200 8544256 8548352 8597504 8601600 8667136 8695808 8716288 8720384 8732672 8773632 9015296 9056256 9076736 9080832 9248768 9392128 9449472 9453568 9568256 9584640 9715712 10485760
41 30 0 1048576 1048576 2097152 2097152 3145728 3145728 4128768 4354048 4386816 5025792 5242880 5242880 5623808 5902336 5906432 6111232 6156288 6352896 6356992 6696960 6701056 6950912 6983680 7028736 7036928 7065600 7188480 7249920 7307264 7356416 7360512 7393280 7409664 7675904 7676416 7680000 7684096 8007680 8011776 8036352 8040448 8122368 8167424 8314880 8318976 8380416 8388608 8388608 8400896 8593408 8683520 8724480 8728576 9293824 9310208 9388032 9437184 9437184 10485760
42 44 0 98304 188416 204800 376832 614400 622592 626688 655360 696320 888832 892928 1044480 1048576 1167360 1191936 1241088 1298432 1306624 2097152 2097152 3145728 3145728 4173824 4325376 4329472 4333568 4341760 4362240 4382720 4386816 4395008 4464640 4481024 4694016 4698112 4820992 4825088 5095424 5111808 5189632 5206016 5234688 5238784 5304320 5365760 5570560 5578752 5840896 5890048 5939200 5955584 6045696 6250496 6283264 6291456 6291456 6299648 6406144 6438912 6496256 6500352 6729728 6746112 6864896 6881280 6918144 6922240 7135232 7143424 7208960 7213056 7593984 7598080 7606272 7663616 7766016 7774208 7995392 7999488 8245248 8282112 8372224 8388608 8388608 9437184 9437184 10485760
43 81 0 233472 380928 1048576 1048576 1773568 1806336 1814528 1921024 1922560 1998848 2015232 2248704 2383872 2637824 2641920 2879488 2883584 3006464 3018752 3067904 3072000 3149824 3153920 3174400 3182592 3186688 3190784 3207168 3219456 3276800 3280896 3284992 3289088 3301376 3305472 3309568 3313664 3317760 3325952 3354624 3358720 3395584 3399680 3457024 3493888 3502080 3678208 3960832 3969024 3973120 3977216 4063232 4194304 4194304 4218880 4239360 4243456 4268032 4272128 4284416 4292608 4329472 4333568 4366336 4382720 4460544 4464640 4521984 4526080 4612096 4616192 4640768 4644864 4673536 4677632 4685824 4689920 4739072 4743168 4780032 4784128 5042176 5046272 5066752 5083136 5095424 5242880 5242880 5255168 5459968 5464064 5472256 5476352 5636096 5644288 5697536 5701632 6021120 6111232 6160384 6164480 6336512 6352896 6524928 6537216 6643712 6713344 6909952 6930432 7118848 7135232 7233536 7249920 7340032 7344128 7393280 7397376 7643136 7647232 7684096 7929856 7954432 7970816 8048640 8052736 8097792 8388608 8388608 8577024 8593408 8663040 8867840 8941568 9130496 9138688 9232384 9322496 9338880 9342976 9379840 9383936 9416704 9437184 9437184 9494528 9564160 9572352 9674752 9678848 9789440 9801728 9834496 9879552 9916416 10203136 10219520 10223616 10289152 10362880 10379264 10383360
44 72 24576 32768 65536 73728 102400 106496 200704 204800 417792 466944 598016 643072 659456 663552 995328 999424 1093632 1097728 1175552 1277952 1323008 1327104 1372160 1376256 1433600 1441792 1560576 1568768 1576960 1581056 1601536 1605632 1613824 1617920 1695744 1699840 1761280 1773568 1777664 1781760 1798144 1802240 1912832 1916928 2007040 2019328 2072576 2097152 2097152 2199552 2207744 2215936 2220032 2269184 2285568 2297856 2322432 2326528 2342912 2347008 2400256 2404352 2514944 2519040 2547712 2551808 2576384 2580480 2691072 2695168 2736128 2740224 2826240 2887680 2891776 2895872 2899968 3145728 3145728 4194304 4194304 5242880 5242880 5402624 5496832 5500928 5545984 5910528 6107136 6115328 6127616 6291456 6291456 6303744 6381568 6385664 6389760 6393856 6504448 6512640 6516736 6520832 6553600 6582272 6586368 6598656 6602752 6610944 6615040 6619136 6746112 6946816 7082496 7086592 7225344 7229440 7241728 7282688 7331840 7335936 7360512 7368704 7393280 7397376 7598080 7602176 7819264 7823360 8142848 8159232 8216576 8224768 8241152 8245248 8577024 8708096 9175040 9437184 9998336 10002432 10052096 10056192 10317824 10321920
45 39 290816 294912 397312 401408 1609728 1626112 2015232 2031616 2650112 2654208 3043328 3047424 3391488 3436544 3706880 3710976 3743744 3751936 3825664 3829760 4285440 4334592 4550656 4554752 4763648 4771840 5447680 5451776 5775360 5779456 6221824 6234112 6361088 6365184 6668288 6676480 7401472 7405568 7417856 7430656 7684096 7688192 7761920 7766016 7892992 7897088 7954432 7958528 8499200 8507392 8687616 8691712 8773632 8781824 8863744 8990720 9093120 9109504 9195520 9203712 9322496 9323520 9342976 9437184 9437184 9457664 9474048 9715712 9920512 9924608 10027008 10035200 10092544 10096640 10215424 10219520 10244096 10248192
46 54 40960 45056 204800 208896 217088 221184 356352 360448 405504 409600 413696 421888 425984 434176 475136 479232 499712 503808 851968 856064 917504 921600 1118208 1400832 1445888 1658880 1667072 1671168 1675264 1753088 1826816 1830912 1949696 1953792 2347008 2351104 2400256 2404352 2818048 2834432 3133440 3137536 3215360 3219456 3575808 3584000 3796992 3805184 4050944 4063232 4071424 4075520 4194304 4198400 4227072 4243456 4558848 4575232 4808704 4816896 4820992 4829184 5189632 5193728 5238784 5242880 5242880 5300224 5373952 5378048 5382144 5386240 5452800 5460992 5525504 5533696 5836800 5840896 6041600 6057984 6148608 6156800 6393856 6397952 7159808 7163904 7282688 7286784 7348224 7352320 7782400 7794688 8192000 8208384 8523776 8527872 8634368 8642560 8937472 8941568 8957952 8966144 9068544 9072640 9125888 9129984 10362880 10366976
47 70 28672 36864 339968 344064 356352 360448 380928 389120 434176 454656 569344 573440 819200 823296 2097152 2101248 2129920 2134016 3149824 3153920 3219456 3223552 3227648 3244032 3256320 3272704 3284992 3289088 3338240 3342336 3383296 3416064 3440640 3444736 3837952 3842048 3923968 3928064 4100096 4104192 4128768 4132864 4182016 4186112 4329472 4333568 4337664 4349952 4362240 4366336 4472832 4481024 4620288 4624384 4759552 4763648 4882432 4886528 4972544 4976640 5246976 5251072 5259264 5267456 5308416 5312512 5545984 5550080 5632000 5640192 5906432 5910528 5918720 5922816 5926912 5931008 5971968 5976064 6025216 6029312 6131712 6135808 6164480 6168576 6238208 6242304 6279168 6283264 6348800 6352896 6426624 6438912 6553600 6557696 6647808 6651904 6819840 6823936 6856704 6860800 6873088 6889472 6901760 6905856 7053312 7057408 7061504 7069696 7106560 7114752 7151616 7155712 7204864 7208960 7311360 7315456 7421952 7434240 7438336 7442432 7737344 7738368 7954432 8032256 8052736 8060928 9379840 9388032 9445376 9449472 9551872 9555968 9756672 9760768 10121728 10187776 10207232 10211328 10289152 10297344
48 62 217088 221184 237568 1048576 1048576 2027520 2039808 2043904 2064384 2068480 2080768 2084864 2220032 2224128 2297856 2301952 2306048 2314240 2318336 2322432 2347008 2355200 2386944 2387968 2445312 2446336 2449408 2453504 2514944 2519040 2584576 2588672 2662400 2666496 2670592 2674688 2813952 2834432 3084288 3088384 3145728 4194304 4194304 5242880 5255168 5259264 5337088 5341184 5357568 5365760 5369856 5378048 5431296 5443584 5447680 5451776 5554176 5566464 5570560 5578752 5582848 5603328 5619712 5623808 5632000 5636096 5656576 5660672 5820416 5824512 5832704 5836800 5935104 5943296 5967872 5971968 5980160 5984256 5992448 5996544 6000640 6004736 6012928 6025216 6033408 6049792 6131712 6135808 6193152 6209536 6230016 6246400 6250496 6291456 6291456 6467584 6475776 6483968 6610944 6615040 6664192 6668288 7319552 7323648 7532544 7536640 7577600 7585792 8069120 8388608 8388608 9437184 9437184 9826304 9842688 9846784 9871360 9875456 9924608 9928704 9973760 9977856 9990144 10100736
49 45 8192 12288 81920 86016 143360 147456 696320 708608 868352 901120 1097728 1130496 1314816 1318912 1720320 1753088 1888256 1892352 2048000 2097152 2097152 2113536 2293760 2297856 2539520 2572288 2727936 2793472 3211264 3227648 3604480 3620864 3723264 3784704 3919872 3928064 4280320 4284416 4534272 4550656 4820992 4825088 4907008 4919296 5173248 5181440 5210112 5226496 5292032 5324800 5410816 5427200 5697536 5701632 6139904 6148096 6193152 6197248 6234112 6238208 6422528 6426624 6463488 6467584 6508544 6512640 6520832 6533120 6905856 6918144 7372800 7376896 7401472 7405568 7602176 7634944 7979008 7983104 8286208 8290304 8294400 8298496 8421376 8437760 9089024 9093120 9383936 9404416 9830400 9863168
50 62 188416 204800 348160 360448 765952 770048 802816 811008 929792 933888 1007616 1011712 1064960 1073152 1212416 1220608 1339392 1343488 1617920 1622016 1675264 1679360 1736704 1753088 1794048 1798144 1916928 1933312 2248704 2252800 2519040 2531328 2662400 2666496 2682880 2686976 2703360 2707456 2785280 2801664 3014656 3031040 3129344 3145728 3903488 3907584 3932160 3940352 4194304 4198400 4227072 4231168 4300800 4317184 4698112 4702208 4751360 4767744 4890624 4894720 4931584 4964352 5079040 5189632 5255168 5259264 5439488 5472256 5681152 5685248 6127616 6131712 6148096 6152192 6164480 6168576 6291456 6373376 6381568 6385664 6434816 6438912 6447104 6451200 6467584 6471680 6815744 7102464 7376896 7380992 7675904 7680000 7860224 7864320 8224768 8228864 8376320 8380416 8425472 8429568 8536064 8540160 8552448 8556544 8581120 8634368 8777728 8781824 8794112 8798208 8814592 8818688 8945664 8962048 9093120 9097216 9109504 9125888 9396224 9400320 9490432 9494528 9519104 9523200
51 88 303104 315392 319488 323584 1699840 1703936 2117632 2125824 2215936 2224128 2846720 2850816 2875392 2883584 2887680 2895872 2899968 2912256 2916352 2924544 2928640 2940928 2945024 2957312 2961408 2969600 2973696 2977792 2981888 2985984 2990080 2994176 2998272 3002368 3141632 3145728 3178496 3186688 3203072 3207168 3444736 3448832 3702784 3706880 4128768 4141056 4149248 4157440 4231168 4235264 4333568 4337664 4415488 4427776 4448256 4452352 4468736 4472832 4476928 4481024 4493312 4513792 4538368 4542464 4730880 4734976 4853760 4857856 5087232 5091328 5128192 5132288 5160960 5169152 5201920 5206016 5480448 5484544 5599232 5603328 5623808 5627904 5726208 5730304 5734400 5746688 5910528 5918720 5943296 5947392 5951488 5976064 5980160 5988352 6045696 6053888 6152192 6156288 6299648 6303744 6447104 6455296 6463488 6467584 6483968 6488064 6602752 6606848 6746112 6758400 6909952 6914048 6938624 6942720 6987776 6991872 7041024 7045120 7065600 7069696 7090176 7094272 7127040 7131136 7139328 7143424 7217152 7221248 7385088 7389184 7421952 7426048 7454720 7458816 7507968 7512064 7606272 7610368 7725056 7729152 7733248 7741440 7835648 7839744 7979008 7983104 7991296 7995392 8445952 8450048 8503296 8511488 8740864 8744960 8794112 8806400 8810496 8814592 8900608 8904704 9039872 9043968 9166848 9170944 9310208 9314304 9355264 9359360 9428992 9433088 9809920 9814016 9846784 9850880 9891840 10485760
52 84 0 135168 147456 163840 233472 237568 704512 708608 786432 1003520 1114112 1118208 1568768 1572864 1748992 1753088 2068480 2080768 2088960 2093056 2142208 2162688 2543616 2547712 2658304 2670592 2674688 2686976 2768896 2785280 2899968 2904064 3137536 3141632 3284992 3289088 3600384 3604480 3731456 3751936 3756032 3760128 3764224 3768320 3772416 3776512 3801088 3805184 3862528 3866624 3874816 3878912 3891200 3895296 3952640 3956736 3960832 3964928 3969024 3981312 4005888 4009984 4022272 4026368 4046848 4063232 4067328 4075520 4096000 4116480 4128768 4132864 4177920 4186112 4194304 4263936 4268032 4272128 4313088 4317184 4321280 4325376 4362240 4374528 4403200 4407296 4415488 4423680 4427776 4431872 4440064 4448256 4456448 4460544 4468736 4472832 4481024 4485120 4530176 4534272 5025792 5029888 5058560 5062656 5533696 5537792 5804032 5805056 5861376 5865472 5877760 5881856 5898240 5902336 6324224 6332416 6524928 6529024 6615040 6619136 6950912 7340032 7340032 8048640 8146944 8151040 8699904 8708096 8720384 8728576 9256960 9261056 9441280 9478144 9482240 9494528 9502720 9506816 9510912 9515008 9568256 9572352 9584640 9588736 9596928 9605120 9613312 9617408 9625600 9629696 9662464 9670656 9699328 9703424 9887744 9891840 10051584 10055680 10125312 10129408 10137600 10141696 10219520 10223616 10395648 10399744 10452992 10469376
53 133 20480 24576 73728 77824 86016 90112 249856 253952 258048 393216 450560 454656 503808 507904 532480 536576 565248 569344 573440 585728 708608 712704 757760 761856 770048 774144 815104 819200 929792 937984 958464 962560 991232 1007616 1015808 1019904 1073152 1081344 1089536 1101824 1110016 1114112 1126400 1130496 1138688 1142784 1150976 1175552 1290240 1294336 1314816 1318912 1363968 1368064 1544192 1572864 1650688 1654784 1658880 1662976 1683456 1687552 2174976 2179072 2342912 2359296 2408448 2412544 2453504 2457600 2482176 2486272 2490368 2555904 2600960 2605056 2617344 2621440 2625536 2629632 2637824 2641920 2674688 2678784 2686976 2691072 2703360 2736128 2756608 2760704 2764800 2772992 2826240 2830336 2899968 2932736 3047424 3072000 3076096 3080192 3178496 3182592 3276800 3309568 3317760 3321856 3334144 3346432 3379200 3383296 3395584 3399680 3457024 3489792 3588096 3620864 3637248 3670016 3735552 3768320 3850240 3915776 3932160 3936256 3940352 3944448 4145152 4161536 4177920 4194304 4440064 4444160 4636672 4669440 4722688 5242880 5242880 5500928 5652480 5685248 5816320 5817344 5881856 5914624 5918720 5922816 5943296 5947392 5963776 5967872 5988352 5992448 6021120 6025216 6045696 6062080 6070272 6074368 6258688 6275072 6307840 6324224 6377472 6381568 6524928 6525952 6635520 6668288 6701056 6717440 6799360 6832128 6864896 6881280 6938624 6939648 6967296 6975488 7036928 7041024 7053312 7057408 7069696 7073792 7143424 7176192 7344128 7389184 7405568 7409664 7438336 7454720 7471104 7475200 7503872 7536640 7602176 7606272 7634944 7667712 7684096 7716864 7720960 7725056 7770112 7774208 7843840 7847936 7860224 7872512 7946240 7950336 8060928 8077312 8110080 8126464 8245248 8249344 8372224 8388608 8540160 8544256 8568832 8601600 8810496 8818688 8966144 8970240 9080832 9084928 9109504 9125888 9265152 9269248 9318400 9322496 9375744 9379840 9392128 9393152 9400320 9420800 9510912 9515008 9625600 9629696 9732096 9764864 9781248 9814016 9830400 9863168 9895936 9912320 10108928 10113024 10121216 10129408 10141696 10145792 10174464 10190848 10272768 10305536 10452992 10457088
54 92 12288 24576 32768 49152 94208 118784 163840 164864 262144 294912 409600 413696 434176 438272 671744 688128 868352 884736 999424 1003520 1044480 1048576 1048576 1052672 1056768 1064960 1069056 1126400 1191936 1196032 1249280 1253376 1257472 1261568 1265664 1273856 1277952 1290240 1482752 1486848 1671168 1687552 1945600 1949696 2039808 2040832 2097152 2113536 2158592 2162688 2203648 2207744 2228224 2232320 2277376 2310144 2375680 2392064 2473984 2490368 2510848 2519040 2691072 2707456 2813952 2818048 3145728 3149824 3260416 3293184 3342336 3350528 3452928 3461120 3493888 3497984 3522560 3555328 3620864 3624960 3665920 3670016 3690496 3694592 3735552 3751936 4177920 4194304 4194304 4210688 4243456 4276224 4329472 4341760 4550656 4554752 4714496 4718592 4816896 4833280 4980736 4993024 5148672 5152768 5214208 5218304 5226496 5230592 5287936 5308416 5316608 5337088 5488640 5496832 5586944 5619712 5627904 5632000 5947392 5963776 6266880 6270976 6275072 6279168 6283264 6287360 6668288 6701056 6803456 6807552 6959104 6971392 7012352 7016448 7081984 7086080 7143424 7159808 7331840 7340032 7340032 7344128 7356416 7372800 7454720 7471104 7495680 7499776 7749632 7766016 7827456 7835648 7929856 7966720 8224768 8241152 8257536 8265728 8269824 8278016 8400896 8404992 8728576 8732672 9109504 9175040 9187328 9191424 9355264 9359360 9371648 9437184 9437184 9441280 9531392 9535488 9670656 9674752 9715712 9732096 9749504 9880576 10317824 10321920
55 56 327680 360448 491520 512000 655360 671744 868352 872448 942080 946176 1064960 1081344 1540096 1556480 2080768 2097152 2097152 2113536 3153920 3158016 3170304 3174400 3178496 3211264 3260416 3309568 3387392 3391488 3424256 3440640 3670016 3674112 3682304 3690496 4022272 4026368 4046848 4050944 4128768 4161536 4182016 4186112 4227072 4231168 4243456 4276224 4280320 4284416 4341760 4374528 4419584 4420608 4603904 4608000 5525504 5529600 5615616 5619712 5664768 5668864 5955584 5959680 6299648 6303744 6336512 6340608 6443008 6444032 7356416 7372800 7639040 7643136 7700480 7716864 7962624 7979008 8011776 8015872 8028160 8060928 8077312 8078336 8372224 8374784 8470528 8503296 8540160 8544256 8912896 8945664 9158656 9162752 9256960 9273344 9404416 9408512 9437184 9441280 9617408 9650176 9678848 9687040 9715712 9719808 9830400 9863168 10027008 10039296 10203136 10260480 10383360 10387456
56 64 40960 45056 49664 53760 65536 98304 221184 241664 573440 667648 720896 753664 1163264 1167360 1187840 1191936 1232896 1236992 1282048 1286144 1404928 1409024 1486848 1560576 1830912 1835008 1966080 1970176 1998848 2002944 2015232 2031616 2101248 2105344 2326528 2342912 2551808 2555904 2768896 2772992 2830336 2834432 3174400 3178496 3338240 3346432 3403776 3407872 3518464 3522560 3604480 3612672 3641344 3645440 3833856 3837952 4182016 4194304 4194304 4345856 4456448 4460544 4857856 5083136 5312512 5316608 5357568 5361664 5369856 5373952 5689344 5693440 5976064 5980160 6324224 6328320 6332416 6336512 6358016 6398976 6860800 6877184 6967296 6971392 7036928 7037952 7118848 7340032 7340032 7368704 7487488 7491584 7495680 7503872 7528448 7532544 7704576 7708672 7827456 7831552 7847936 7852032 7880704 7897088 8134656 8151040 8548352 8564736 8638464 8642560 8749056 8765440 8962048 9089024 9478144 9482240 9568256 9572352 9584640 9691136 9723904 9793536 10051584 10055680 10174464 10207232 10240000 10256384
57 71 634880 638976 888832 892928 946176 950272 999424 1003520 1036288 1048576 1404928 1409024 1454080 1462272 1466368 1468928 1851392 1867776 1925120 2048000 2097152 2129920 2475008 2585600 2789376 2793472 2859008 2867200 2969600 2977792 3145728 3149824 3309568 3313664 3350528 3354624 3391488 3731456 3895296 3899392 3932160 4190208 4276224 4308992 4325376 4341760 4747264 4759552 5136384 5140480 5177344 5193728 5201920 5206016 5226496 5230592 5459968 5468160 5492736 5496832 5648384 5652480 6455296 6459392 6488064 6492160 6672384 6676480 6832128 6848512 7344128 7352320 7360512 7368704 7372800 7380992 7397376 7405568 7442432 7446528 7458816 7462912 7528448 7532544 7540736 7561216 7598080 7606272 7618560 7622656 7823360 7827456 7884800 7888896 8151040 8155136 8474624 8491008 8495104 8499200 8511488 8515584 8519680 8523776 8540160 8544256 8548352 8552448 8568832 8572928 8585216 8589312 8626176 8630272 8638464 8642560 8740864 8769536 8966144 8970240 9109504 9126912 9408512 9416704 9433088 9437184 9437184 9441280 9592832 9613312 9641984 9646080 9695232 9699328 9756672 9760768 9875456 9879552 10117120 10118144 10359808 10363904
58 51 57344 77824 151552 152576 217088 221184 446464 447488 471040 472064 475136 491520 561152 562176 589824 593920 614400 671744 995328 1003520 1490944 1491968 1556480 2097152 2428928 2429952 2465792 2466816 2498560 2499584 2560000 2600960 3534848 3538944 3624960 3629056 3719168 3723264 3731456 3735552 3960832 3973120 3981312 4030464 4079616 4091904 4108288 4116480 4448256 4452352 4767744 4771840 4984832 4988928 5211136 5219328 5230592 5234688 5677056 5681152 5849088 5857280 5865472 5869568 6025216 6045696 6164480 6168576 6176768 6209536 7254016 7258112 7282688 7299072 7942144 7946240 8040448 8044544 8228864 8232960 8273920 8290304 8355840 8359936 8765440 8777728 8810496 8814592 9265152 9269248 9371648 9388032 9617408 9633792 9719808 9723904 9740288 9744384 9863168 9879552 10174464 10178560
59 25 16384 20480 94208 98304 143360 147456 323584 327680 393216 425984 491520 495616 610304 614400 1470464 1478656 1490944 1507328 1785856 1802240 2097152 2101248 2326528 2359296 2490368 2506752 2510848 2514944 2670592 2674688 2686976 2703360 2850816 2867200 3031040 3145728 3145728 4194304 4194304 5242880 5242880 6291456 6291456 7340032 7340032 8388608 8388608 9437184 9437184 10485760
60 46 0 163840 282624 286720 720896 724992 737280 741376 1048576 1056768 1089536 1093632 1896448 1900544 2088960 2097152 2097152 2248704 2478080 2482176 2654208 2658304 2879488 3145728 3145728 3309568 3403776 3526656 3575808 3579904 3633152 3653632 3846144 3850240 3985408 4009984 4030464 4034560 4349952 4354048 4489216 4501504 4575232 4579328 4874240 4878336 5025792 5029888 5246976 5248000 5414912 5419008 5718016 5734400 5844992 5849088 6033408 6041600 6078464 6082560 6107136 6119424 6328320 6332416 6361088 6369280 7081984 7086080 7098368 7102464 7782400 7786496 7839744 7843840 8019968 8028160 8187904 8204288 8388608 8392704 8400896 8425472 8445952 8450048 8630272 8634368 9326592 9330688 9416704 9424896 9437184 10350592
61 36 32768 49152 196608 200704 446464 450560 524288 528384 909312 913408 1048576 1052672 1810432 1818624 1822720 1826816 2154496 2158592 2916352 3047424 3104768 3112960 4882432 4886528 5238784 5242880 5312512 5332992 6307840 6311936 6381568 6389760 6451200 6463488 6656000 6664192 7344128 7348224 7385088 7389184 7401472 7405568 7421952 7438336 7491584 7495680 7700480 7704576 7880704 7884800 8019968 8024064 8053760 8066048 8167424 8171520 8192000 8196096 8216576 8261632 8642560 8646656 8912896 8916992 8945664 8953856 9080832 9084928 9781248 9785344 10358784 10362880
62 61 28672 32768 114688 118784 126976 131072 212992 217088 278528 282624 389120 397312 704512 712704 1048576 1556480 1556992 1561088 1573376 1577472 1659392 1663488 1704448 1708544 1794048 1798144 1802752 1806848 1815040 1819136 1827328 1831424 1856000 1860096 1872384 1876480 1880064 1888256 1962496 1966592 2007552 2011648 2015232 2064384 2077184 2081280 2097152 2105344 2211840 2220032 2379776 2383872 2465792 2473984 2494464 2498560 2502656 2506752 3031040 3035136 3682304 3686400 4190208 4194304 4194304 4198400 4800512 4816896 5230592 5234688 5246976 5255168 5259264 5275648 5279744 5308416 5373952 5378048 5627904 5632000 5697536 5701632 5996544 6000640 6230016 6234112 6402048 6410240 6418432 6422528 6467584 6475776 6680576 6688768 6791168 6795264 7340032 7344128 7512064 7516160 7561216 7569408 7692288 7712768 7843840 7847936 7913472 7917568 7974912 7979008 8994816 9003008 9506816 9523200 9768960 9781248 9850880 9859072 9863168 9867264 10223616 10240000
63 50 380928 389120 516096 528384 925696 933888 1209344 1213440 2207744 2338816 2519040 3145728 3145728 4194304 4194304 4251648 4280320 4284416 4378624 5242880 5242880 5431296 5443584 5447680 5550080 5554176 5783552 5787648 5865472 5873664 5894144 5898240 5988352 5992448 6004736 6008832 6041600 6045696 6111232 6115328 6139904 6144000 6152192 6156288 6348800 6352896 6377472 6381568 6385664 6389760 6414336 6418432 6451200 6455296 6725632 6729728 6791168 6795264 6873088 6889472 6934528 6938624 7094272 7127040 7389184 7393280 7553024 7569408 7634944 7651328 7671808 7675904 7729152 7733248 7745536 7749632 7753728 7766016 7770112 7774208 7811072 7815168 7843840 7847936 7991296 7995392 8056832 8388608 8388608 9363456 9519104 9535488 9613312 9617408 9736192 9916416 10276864 10280960 10305536 10338304
64 41 589824 606208 737280 741376 1376256 1552384 1929216 1945600 2334720 2338816 2502656 2506752 2555904 2560000 2879488 2883584 3170304 3174400 3383296 3391488 3465216 4194304 4194304 5173248 5517312 5521408 5644288 5648384 5730304 5734400 5832704 5840896 6230016 6238208 6467584 6656000 6746112 6750208 6811648 6815744 7024640 7036928 7159808 7163904 7245824 7249920 7270400 7278592 7409664 7413760 7499776 7503872 7540736 7548928 7553024 7561216 7995392 7999488 8163328 8167424 8499200 8507392 8617984 8626176 8630272 8646656 8912896 8916992 9023488 9035776 9338880 9342976 9453568 9465856 9519104 9572352 9592832 9646080 9846784 9859072 10063872 10067968
65 41 0 16384 1703936 1708032 1789952 1794048 1949696 1966080 2031616 2097152 2097152 2351104 2535424 2539520 2732032 2756608 3145728 4194304 4194304 4608000 4894720 4898816 5099520 5103616 5107712 5111808 5398528 5402624 6127616 6131712 6275072 6283264 6828032 6832128 7192576 7196672 7258112 7262208 7434240 7438336 7561216 7562240 7663616 7667712 7688192 7689216 7700480 7701504 7847936 7852032 7905280 7909376 8044544 8052736 8081408 8085504 8450048 8454144 8536064 8544256 8716288 8744960 8859648 8863744 9486336 9490432 9502720 9506816 9535488 9539584 9588736 9592832 9637888 9641984 9687040 9691136 9740288 9744384 9789440 9793536 9818112 10190848
66 39 0 81920 331776 335872 405504 503808 634880 638976 679936 684032 716800 720896 925696 929792 1077248 1081344 1228800 1232896 1314816 1318912 1339392 1347584 1380352 1384448 1404928 1409024 1519616 1536000 1671168 1687552 1835008 1839104 1994752 2007040 2097152 3145728 3145728 3162112 3178496 3194880 3280896 3289088 3375104 3391488 3395584 3403776 3411968 3416064 3473408 3489792 3555328 3559424 3563520 3567616 3649536 3661824 3850240 3854336 3899392 3915776 4096000 4100096 4243456 4259840 4272128 4276224 4325376 4341760 4821504 5242880 5242880 6291456 6291456 7340032 7340032 8388608 8388608 9400832
67 87 299008 303104 430080 438272 528384 532480 552960 557056 823296 831488 851968 876544 1007616 1011712 1048576 1052672 1089536 1093632 1101824 1105920 1122304 1126400 1138688 1142784 1236992 1241088 1257472 1261568 1273856 1277952 1290240 1294336 1306624 1310720 1323008 1327104 1339392 1343488 1368064 1372160 1384448 1388544 1400832 1404928 1417216 1421312 1433600 1437696 1466368 1470464 1474560 1478656 1556480 1568768 1622016 1626112 1769472 1773568 1880064 1884160 2027520 2039808 2060288 2064384 2084864 2088960 2138112 2142208 2187264 2191360 2240512 2244608 2289664 2293760 2338816 2342912 2756608 2760704 2961408 2965504 3039232 3043328 3129344 3141632 3145728 3166208 3170304 3211264 3223552 3227648 3538944 3543040 3592192 3596288 3989504 3993600 3997696 4005888 4530176 4534272 4558848 4562944 4603904 4612096 4882432 4886528 4915200 4919296 4947968 4952064 4976640 4984832 5025792 5033984 5165056 5173248 5177344 5185536 5206016 5210112 5292032 5296128 5468160 5476352 5492736 5496832 5582848 5586944 5709824 5713920 5726208 5730304 5746688 5750784 5754880 5758976 5808128 5812224 5844992 5853184 6512640 6520832 6541312 6549504 7200768 7204864 7352320 7356416 7385088 7389184 7913472 7929856 7991296 8007680 8220672 8224768 8441856 8445952 8589312 8732672 8978432 8982528 9310208 9314304 9334784 9342976 9732096 9736192 10100736 10104832 10203136 10207232 10326016 10330112
68 66 262144 294912 335872 339968 786432 798720 1052672 1056768 1060864 1064960 1085440 1089536 1114112 1118208 1179648 1183744 1212416 1216512 1220608 1224704 1269760 1273856 1282048 1359872 1511424 1523712 1556480 1568768 1576960 1581056 1630208 1634304 1687552 1691648 1708032 1712128 1736704 1744896 1789952 1794048 1839104 1843200 1888256 1892352 1941504 1945600 1990656 1994752 2043904 2048000 2093056 2097152 2105344 2113536 2428928 2437120 2650112 2654208 2985984 2990080 3252224 3264512 3346432 3350528 3522560 3526656 3682304 3686400 4034560 4038656 4120576 4124672 4542464 4546560 4763648 4792320 4849664 4853760 4857856 4870144 4931584 4935680 4943872 4952064 5091328 5095424 5189632 5197824 5242880 5750784 5775360 5787648 5804032 5808128 5857280 5861376 5914624 5926912 6021120 6074368 6086656 6090752 6127616 6131712 6168576 6172672 6205440 6217728 6549504 6553600 7540736 7544832 7991296 7995392 8118272 8122368 8183808 8187904 8388608 8400896 8404992 8409088 8519680 8536064 8847360 8851456 9732096 9736192 9756672 9760768 10002432 10063872
69 48 258048 262144 397312 405504 851968 868352 1175552 1179648 1241088 1249280 1331200 1339392 1507328 1515520 1794048 1806336 2129920 2142208 2256896 2269184 2355200 3047424 3137536 3145728 3207168 3211264 3284992 3289088 3452928 3473408 3535360 3543552 3567616 3575808 3899392 3903488 4976640 4980736 5238784 5242880 5279744 5287936 5398528 6291456 6291456 6688768 6696960 6701056 6713344 6725632 6873088 6885376 6991872 7032832 7057408 7073792 7315456 7327744 7380992 7405568 7553024 7581696 7770112 7774208 7933952 7938048 8130560 8138752 8200192 8224768 8474624 8478720 8699904 8712192 8724480 8736768 8740864 8757248 9089536 9093632 9347072 9351168 9490432 9494528 9502720 9506816 9519104 9535488 10035200 10039296 10219520 10223616 10403840 10420224 10469376 10485760
70 41 319488 335872 548864 557056 647168 651264 1581056 1585152 1687552 1699840 1708032 1716224 1835008 1839104 2170880 2359296 2519040 2531328 2531840 2535936 2555904 2564096 2601984 2712576 2879488 2883584 3129344 3133440 3473408 3497984 3702784 3715072 3833856 3846144 4001792 4038656 4124672 4136960 4153344 4157440 4567040 4575232 4620288 4632576 5193728 5201920 5373952 5378048 5701632 5705728 5758976 5763072 6303744 6332416 6699008 6840320 6897664 6901760 6934528 6946816 7032832 7036928 7073792 7077888 8585216 8589312 8626176 8630272 9129984 9138176 9490432 9494528 9687040 9695232 10092544 10096640 10162176 10170368 10448896 10452992 10457088 10461184
71 60 32768 40960 73728 90112 102400 106496 229376 249856 303104 344064 442368 475136 835584 839680 1048576 1052672 1523712 1527808 1638400 2097152 2097152 2232320 2613248 2617344 2633728 2637824 3276800 3280896 3391488 3403776 3407872 3411968 3493888 3497984 4288512 4292608 4321280 4325376 4366336 4374528 4423680 4431872 4521984 4534272 4653056 4661248 5013504 5242880 5242880 5652480 5672960 5677056 5722112 5726208 6025216 6029312 6410240 6414336 6430720 6434816 6496256 6500352 6922240 6926336 6955008 6959104 7143424 7168000 7397376 7401472 7409664 7413760 7430144 7434240 7778304 7786496 7847936 8217600 8261632 8265728 8302592 8306688 8318976 8323072 8339456 8343552 8519680 8523776 8761344 8765440 8773632 8777728 8806400 8810496 8839168 8843264 8990720 8998912 9216000 9220096 9228288 9232384 9502720 9506816 9613312 9617408 9670656 9674752 9695232 9699328 9940992 9945088 10092544 10096640 10366976 10371072 10436608 10440704 10481664 10485760
72 61 12288 16384 331776 335872 466944 471040 647168 651264 704512 708608 880640 1048576 1048576 1523712 1912832 1925120 2084864 2097152 2097152 2121728 2215936 2228224 2326528 2330624 2420736 2424832 2523136 2527232 2531328 2535424 2555904 2564096 2580480 2584576 2588672 2596864 2846720 2850816 2998272 3145728 3145728 4194304 4194304 4726784 4993024 4997120 5017600 5021696 5033984 5042176 5050368 5070848 5103616 5115904 5128192 5136384 5144576 5148672 5259264 5287936 5500928 5505024 5513216 5517312 5521408 5525504 5726208 5730304 5771264 5775360 5804032 5820416 6037504 6041600 6393856 6397952 6529024 6537216 6758400 6762496 6926336 6930432 6983680 6987776 7061504 7065600 7110656 7114752 7118848 7135232 7327744 7335936 7667712 7696384 8765440 8777728 8794112 8798208 8978432 8982528 9285632 9289728 9379840 9383936 9461760 9465856 9592832 9596928 9609216 9613312 9678848 9682944 9752576 9756672 9928704 9932800 10240000 10244096 10313728 10317824 10440704 10444800
73 48 368640 372736 864256 868352 1011712 1015808 1413120 1421312 1900544 1904640 2367488 2646016 2678784 2682880 3235840 3239936 3518464 3522560 4050944 4059136 4177920 4194304 4468736 4472832 4636672 4644864 4669440 4677632 4976640 4980736 5521408 5529600 5566464 5570560 6365184 6373376 6864896 6868992 6971392 7340032 7340032 7368704 7524352 7536640 7634944 7651328 7675904 7680000 7884800 7888896 7946240 7970816 7987200 7991296 8151040 8155136 8167424 8192000 8282112 8286208 8368128 8372224 8683520 8687616 8925184 8929280 9084928 9089024 9240576 9244672 9482240 9486336 9539584 9547776 9560064 9568256 9580544 9584640 9818112 9822208 10096640 10100736 10227712 10231808 10301440 10305536 10371072 10375168 10379264 10383360 10403840 10407936 10428416 10432512 10477568 10481664
74 58 53248 61440 479232 483328 503808 507904 655360 659456 925696 929792 1191936 1196032 1228800 1458176 2383872 2387968 2678784 2682880 2807296 2826752 3080192 3084288 3215360 3219456 3264512 3268608 3297280 3301376 3342336 3371008 3411968 3416064 3432448 3436544 3526656 3530752 3858432 3866624 4075520 4079616 4194304 4198400 4521984 4526080 4788224 5242880 5259264 5263360 5632000 5636096 5726208 5734400 5943296 5947392 5988352 5996544 6123520 6127616 6365184 6373376 6569984 6574080 6778880 6782976 6975488 6979584 7061504 7065600 7163904 7168000 7270400 7274496 7409664 7413760 7802880 7806976 7815168 7819264 7888896 7897088 7901184 7909376 7933952 7938048 7946240 7950336 7962624 7966720 7974912 7979008 7991296 7995392 7999488 8003584 8011776 8024064 8073216 8077312 8138752 8146944 8253440 8257536 8265728 8269824 8273920 8278016 8552448 8556544 8753152 8757248 8822784 8826880 8970240 8982528 9764864 9781248
75 73 393216 397312 405504 409600 462848 471040 782336 786432 1478656 1482752 1851392 1855488 1859584 1863680 1867776 1871872 1933312 1945600 1961984 1970176 2043904 2052096 2162688 2179072 2195456 2199552 2355200 2359296 2646016 2670592 2936832 2945024 3022848 3026944 3145728 3149824 3190784 3194880 3231744 3235840 3399680 3403776 3424256 3428352 3616768 3620864 3641344 3645440 3735552 3739648 3952640 3956736 4009984 4022272 4108288 4112384 4517888 4521984 4526080 4530176 4820992 4837376 5029888 5046272 5238784 5242880 5398528 5402624 5521408 5529600 5836800 5844992 6012928 6021120 6176768 6180864 6287872 6291456 6291456 6296064 6381568 6385664 6467584 6471680 6479872 6483968 6488064 6492160 6504448 6508544 6533120 6537216 6590464 6594560 6598656 6602752 6684672 6688768 6807552 6815744 6832128 6836224 6852608 6856704 7049216 7053312 7065600 7069696 7217152 7221248 7385088 7389184 7438336 7442432 7491584 7495680 7598080 7958528 8052736 8056832 8065024 8069120 8118272 8122368 8220672 8224768 8294400 8306688 8335360 8339456 8380416 8384512 8470528 8474624 8658944 8663040 8814592 8818688 8916992 8921088 8966144 8970240 9646080 9650176 10076160 10080256
76 87 421888 446464 913408 917504 933888 937984 942080 946176 950272 954368 1044480 1048576 1052672 1056768 1060864 1064960 1196032 1200128 1208320 1212416 1425408 1429504 1495040 1499136 1527808 1531904 1568768 1572864 1617920 1622016 1650688 1654784 1810432 1814528 1957888 1961984 1982464 1986560 2023424 2027520 2109440 2113536 2146304 2150400 2166784 2170880 2187264 2191360 2232320 2236416 2334720 2338816 2396160 2400256 2433024 2437120 3010560 3014656 3047424 3051520 3309568 3313664 3358720 3362816 3452928 3461120 3584000 3588096 3768320 3772416 3837952 3842048 3928064 3932160 4243456 4247552 4313088 4317184 4337664 4345856 4370432 4374528 4390912 4395008 4464640 4468736 4476928 4481024 4505600 4509696 4575232 4579328 4591616 4595712 4653056 4657152 4702208 4706304 4747264 4751360 4775936 4784128 4788224 4792320 4808704 4812800 4829184 4837376 4931584 4935680 4947968 4952064 5001216 5005312 5013504 5021696 5054464 5058560 5103616 5107712 5214208 5218304 5230592 5234688 5410816 5414912 5435392 5439488 5603328 5607424 5656576 5660672 5701632 5705728 6017024 6021120 6066176 6070272 6082560 6086656 6098944 6103040 6242304 6246400 6258688 6262784 6279168 6287360 6340608 6344704 6742016 6746112 6758400 6878208 7246336 7254528 7487488 7495680 7888896 7892992 8335360 8355840 8384512 8388608 8507392 8511488 9371648 9388032 9441280 9449472 9453568 9498624 9535488 10485760
77 58 0 692224 729088 733184 1003520 1011712 1576960 1597440 1978368 1986560 2125824 2142208 2289664 2293760 2908160 2912256 3317760 3325952 3502080 3506176 4128768 4136960 4165632 4169728 4780032 4784128 4800512 4816896 5439488 5447680 5451776 5472256 5480448 5484544 5718016 5722112 5734400 5738496 5779456 5783552 5812224 5836800 5857280 5861376 5918720 5922816 6033408 6037504 6070272 6078464 7184384 7188480 7307264 7311360 7340032 7344128 7348224 7372800 7389184 7393280 7401472 7405568 7450624 7454720 7483392 7487488 7495680 7499776 7503872 7507968 7520256 7729152 7733248 7737344 7786496 7790592 7835648 7843840 7884800 7888896 7913472 7917568 7950336 7954432 8024064 8028160 8413184 8417280 8462336 8466432 8544256 8548352 8572928 8597504 8871936 8876032 8962048 8966144 9060352 9064448 9342976 9347072 9355264 9359360 9400320 9404416 9428992 9433088 9535488 9551872 10145792 10149888 10158080 10170368 10199040 10215424
78 83 118784 122880 315392 319488 376832 380928 475136 479232 487424 491520 503808 507904 520192 524288 536576 540672 552960 557056 573440 577536 696320 716800 757760 765952 884736 888832 1179648 1183744 1507328 1511424 1519616 1523712 1925120 1929216 1998848 2002944 2088960 2093056 2211840 2215936 2252800 2260992 2330624 2650112 2789376 3121152 3141632 3145728 3158016 3166208 3301376 3305472 3477504 3481600 3706880 3719168 3756032 3760128 4050944 4055040 4116480 4124672 4162048 4170240 4194304 4202496 4210688 4214784 4554752 4558848 4665344 4669440 4771840 4775936 4780032 4788224 5124096 5128192 5386240 5390336 5419008 5423104 5533696 5537792 5840896 5844992 5922816 5926912 5988352 5992448 6103040 6107136 6156288 6160384 6295552 6299648 6328320 6332416 6443008 6447104 6516736 6520832 6619136 6627328 6680576 6684672 6713344 6717440 6721536 6762496 6832128 6836224 6950912 6955008 6959104 6963200 6983680 6987776 7053312 7061504 7135232 7139328 7286784 7303168 7716864 7720960 7852032 7856128 7938048 7942144 7950336 7954432 8290304 8294400 8339456 8343552 8507392 8511488 8609792 8626176 8732672 8773632 8876032 8880128 8900608 8904704 9183232 9187328 9191424 9199616 9228288 9285632 9605120 9617408 9768960 9773056 9834496 9871360 9936896 9940992 10063872 10067968 10125312 10129408 10235904 10240000
79 96 241664 245760 344064 348160 430080 434176 483328 487424 544768 548864 552960 557056 688128 692224 741376 745472 819200 823296 835584 839680 856064 860160 872448 876544 888832 892928 905216 909312 921600 925696 937984 942080 954368 958464 978944 983040 995328 999424 1011712 1015808 1028096 1032192 1044480 1048576 1064960 1069056 1085440 1089536 1101824 1105920 1167360 1171456 1294336 1298432 1482752 1486848 1564672 1568768 1724416 1728512 1875968 1880064 2027520 2031616 2052096 2056192 2125824 2129920 2179072 2183168 2330624 2334720 2408448 2412544 2506752 2510848 2727936 2732032 2781184 2785280 2801664 2805760 2842624 2846720 3239936 3252224 3448832 3452928 3612672 3616768 3895296 3903488 4050944 4055040 4268032 4272128 4653056 4661248 4816896 4820992 4919296 4923392 5095424 5099520 5103616 5107712 5115904 5120000 5226496 5230592 5275648 5279744 5410816 5414912 5464064 5480448 5505024 5509120 5656576 5660672 5808128 5812224 6250496 6254592 6316032 6320128 6471680 6475776 6643712 6651904 6696960 6713344 6729728 6733824 7184384 7188480 7639040 7643136 7741440 7745536 7753728 7757824 8093696 8097792 8105984 8122368 8503296 8507392 8519680 8523776 8536064 8540160 8552448 8556544 8572928 8577024 8589312 8593408 8761344 8765440 8777728 8781824 8794112 8798208 8810496 8814592 8855552 8859648 8871936 8876032 8888320 8892416 8904704 8908800 8921088 8925184 8957952 8962048 9609216 9953280 9965568 9977856 9986048 9990144 10059776 10063872 10067968 10072064 10309632 10321920 10326016 10330112
80 86 294912 299008 442368 450560 499712 503808 749568 753664 851968 868352 1093632 1097728 1445888 1449984 1548288 1552384 1560576 1564672 1978368 1982464 2002944 2007040 2064384 2068480 2494464 2498560 2531328 2535424 2539520 2543616 2736128 2740224 3059712 3063808 3383296 3391488 3518464 3522560 3633152 3637248 4120576 4124672 4403200 4407296 4603904 4608000 4755456 4759552 4878336 4882432 4907008 4911104 5058560 5062656 5210112 5214208 5361664 5365760 5451776 5472256 5566464 5570560 5734400 5738496 6057984 6062080 6209536 6213632 6291456 6307840 6361088 6365184 6430720 6434816 6537216 6541312 6623232 6639616 6684672 6688768 6750208 6754304 6758400 6762496 6799360 6803456 6909952 6914048 7004160 7012352 7495680 7520256 7958528 7979008 8212480 8216576 8568832 8572928 8908800 8912896 9203712 9207808 9453568 9457664 9465856 9469952 9474048 9478144 9519104 9523200 9560064 9564160 9613312 9617408 9633792 9637888 9641984 9646080 9662464 9666560 9703424 9707520 9756672 9760768 9773056 9777152 9785344 9789440 9797632 9801728 9822208 9826304 9830400 9834496 9838592 9850880 9875456 9879552 9986048 9994240 10006528 10010624 10035200 10072064 10141696 10145792 10158080 10162176 10166272 10170368 10182656 10186752 10194944 10199040 10240000 10244096 10264576 10268672 10289152 10293248 10362880 10366976 10403840 10407936 10416128 10420224 10432512 10440704 10457088 10465280 10473472 10477568
81 170 8192 12288 57344 61440 143360 147456 282624 286720 290816 294912 307200 311296 339968 344064 348160 368640 376832 380928 393216 405504 409600 413696 434176 438272 512000 516096 528384 540672 561152 565248 569344 573440 593920 598016 659456 663552 667648 675840 679936 684032 692224 696320 745472 749568 761856 765952 782336 786432 802816 806912 831488 835584 864256 868352 876544 880640 901120 905216 942080 946176 987136 991232 1024000 1028096 1056768 1064960 1081344 1093632 1101824 1110016 1126400 1138688 1142784 1155072 1159168 1163264 1175552 1179648 1200128 1204224 1208320 1212416 1282048 1286144 1392640 1396736 1400832 1404928 1413120 1417216 1421312 1433600 1454080 1458176 1486848 1495040 1527808 1531904 1540096 1544192 1597440 1601536 1613824 1622016 1712128 1716224 1736704 1740800 1761280 1765376 1814528 1818624 1822720 1830912 1851392 1855488 1859584 1863680 1867776 1871872 1892352 1900544 1908736 1912832 1945600 1949696 1994752 1998848 2080768 2084864 2088960 2097152 2097152 2101248 2150400 2154496 2166784 2170880 2174976 2183168 2191360 2195456 2228224 2232320 2248704 2252800 2301952 2306048 2318336 2322432 2334720 2342912 2359296 2363392 2367488 2371584 2445312 2469888 2478080 2482176 2494464 2498560 2502656 2510848 2514944 2519040 2523136 2527232 2551808 2555904 2588672 2592768 2678784 2691072 2707456 2715648 2719744 2727936 2842624 2846720 2859008 2863104 2867200 2871296 2875392 2883584 3043328 3059712 3272704 3276800 3280896 3284992 3407872 3411968 3657728 3661824 3989504 3993600 4079616 4083712 4579328 4595712 4599808 4603904 4784128 4788224 4976640 4980736 5357568 5361664 5394432 5402624 5758976 5767168 5853184 5857280 5967872 5980160 5984256 5988352 6201344 6205440 6291456 6295552 6504448 6508544 6668288 6672384 6684672 6688768 6721536 6725632 7000064 7004160 7290880 7294976 7327744 7331840 7340032 7348224 7356416 7360512 7376896 7380992 7393280 7397376 7446528 7450624 7467008 7471104 7483392 7487488 7536640 7540736 7565312 7569408 7577600 7581696 7639040 7647232 7786496 7790592 7843840 7847936 7872512 7876608 7880704 7905280 7929856 7933952 8003584 8007680 8011776 8015872 8187904 8192000 8257536 8261632 8335360 8339456 8364032 8368128 8552448 8556544 8593408 8597504 8605696 8609792 8798208 8802304 8806400 8810496 8826880 8830976 8933376 8937472 9121792 9125888 9183232 9191424 9199616 9273344 9285632 9289728 9359360 9363456 9388032 9396224 9404416 9408512 9428992 9433088 9457664 9461760 9527296 9531392 9699328 9703424 9711616 9715712 9850880 9854976 9887744 9895936 10014720 10018816 10072064 10076160 10104832 10108928 10117120 10121216 10289152 10301440 10321920 10326016 10375168 10379264 10481664 10485760
82 50 20480 24576 57344 61440 122880 131072 167936 172032 188416 192512 196608 200704 245760 249856 274432 278528 319488 323584 327680 331776 385024 389120 393216 409600 561152 565248 581632 598016 958464 962560 966656 970752 974848 978944 991232 995328 1003520 1011712 1187840 1196032 2625536 2629632 2740224 2744320 2793472 2797568 2932736 2936832 3035136 3039232 3047424 3051520 3342336 3346432 3477504 3481600 3629056 3637248 3739648 3743744 4235264 4239360 4972544 4976640 5079040 5087232 5140480 5148672 5279744 5287936 5292032 5308416 5320704 5337088 5713920 5739520 5988352 5992448 6017024 6025216 6086656 6090752 6344704 6586368 7483392 7487488 8851456 8855552 9490432 9494528 9797632 9801728 9818112 9994240 10051584 10055680 10231808 10235904 10366976 10371072
83 50 118784 131072 622592 626688 778240 786432 802816 815104 1449984 1466368 1671168 1683456 1789952 1794048 1888256 1892352 1998848 2002944 2658304 2662400 3006464 3010560 3039232 3043328 3207168 3211264 3215360 3227648 3506176 3510272 4169728 4173824 4337664 4341760 4366336 4370432 4538368 4546560 4878336 4882432 5103616 5124096 5484544 5488640 5537792 5541888 5742592 5746688 6017024 6025216 6119424 6123520 6995968 7000064 7008256 7012352 7069696 7073792 7118848 7127040 7245824 7254016 7262208 7266304 7520256 7524352 7593984 7598080 8421376 8425472 8798208 8802304 8806400 8810496 8937472 8982528 9035776 9052160 9056256 9060352 9437184 9441280 9531392 9535488 9674752 9678848 9732096 9736192 9883648 9887744 9891840 9904128 9990144 9994240 10223616 10227712 10326016 10354688 10383360 10387456
84 68 307200 315392 598016 602112 606208 774144 942080 958464 962560 966656 1093632 1212416 1384448 1392640 1495040 1499136 1544192 1548288 1757184 1761280 1847296 1855488 1908736 1912832 1949696 1953792 2068480 2072576 2150400 2154496 2256896 2260992 2400256 2404352 2449408 2453504 2510848 2514944 2564096 2568192 2600960 2605056 2625536 2641920 2752512 2756608 2842624 2846720 2899968 2924544 3055616 3059712 3137536 3141632 3207168 3211264 3366912 3371008 3518464 3522560 3661824 3686400 3801088 3805184 3813376 3817472 3821568 3829760 3977216 3981312 4136960 4141056 4214784 4218880 4382720 4386816 4554752 4558848 4612096 4616192 4636672 4640768 4775936 4784128 4800512 4808704 4911104 5009408 5890048 5894144 5914624 5918720 5935104 5939200 6000640 6008832 6381568 6385664 6397952 6402048 6676480 6680576 6873088 7073792 7516160 7524352 7933952 7938048 8249344 8253440 8404992 8409088 8466432 8470528 8499200 8503296 8728576 8732672 8826880 8830976 9293824 9306112 9310208 9314304 9535488 9543680 9568256 9572352 10055680 10059776 10166272 10170368 10178560 10186752 10469376 10473472
85 39 24576 28672 221184 225280 307200 311296 479232 483328 933888 937984 1073152 1077248 1269760 1273856 1388544 1396736 1847296 1851392 1974272 1978368 2080768 2084864 2260992 2265088 2301952 2306048 2314240 2318336 2322432 2326528 2691072 2707456 2871296 2875392 4169728 4177920 4186112 4190208 4845568 4849664 5160960 5173248 5238784 5242880 5431296 5443584 6225920 6291456 6291456 6303744 6828032 6840320 6926336 6930432 6979584 6983680 7049216 7053312 7311360 7323648 7991296 7995392 8159232 8163328 8921088 8925184 8953856 8957952 9068544 9072640 9162752 9166848 9187328 9191424 9355264 9359360 9416704 9420800
86 62 417792 425984 630784 634880 860160 864256 1150976 1171456 1396736 1400832 1982464 1998848 3555328 3698688 3768320 3772416 3801088 3805184 5021696 5025792 5054464 5058560 5132288 5136384 5173248 5181440 5222400 5226496 5255168 5267456 5271552 5279744 5324800 5332992 5337088 5341184 5390336 5394432 5398528 5402624 5423104 5427200 5492736 5496832 5500928 5505024 5533696 5537792 5730304 5734400 5840896 5844992 5910528 5914624 5926912 5935104 6078464 6086656 6152192 6156288 6254592 6262784 6287360 6291456 6336512 6344704 6348800 6352896 6488064 6492160 6750208 6754304 6987776 6991872 7032832 7036928 7278592 7282688 7290880 7294976 7340032 7360512 7413760 7528448 7585792 7589888 7647232 7651328 7913472 7917568 7925760 8003584 8208384 8224768 8310784 8327168 9154560 9162752 9195520 9199616 9277440 9285632 9342976 9347072 9424896 9433088 9494528 9498624 9785344 9793536 9875456 9883648 9916416 9920512 9965568 9969664 9977856 9986048 9994240 10010624 10395648 10399744 10436608 10440704
87 41 389120 397312 573440 589824 974848 1015808 1052672 1056768 1069056 1073152 1085440 1089536 1101824 1105920 1118208 1122304 1134592 1138688 1150976 1155072 1171456 1175552 1970176 1974272 2359296 2363392 2478080 2486272 2752512 2756608 2781184 2785280 2826240 2830336 3018752 3022848 3354624 3358720 3678208 3715072 4849664 4853760 4939776 4952064 5197824 5206016 5398528 5402624 5591040 5595136 5677056 5681152 6160384 6180864 6303744 6307840 6324224 6328320 6406144 6422528 7290880 7340032 7340032 7733248 8146944 8155136 8454144 8458240 8507392 8511488 9306112 9318400 9326592 9330688 9506816 9519104 9581056 9593344 9638912 10028032 10141696 10158080
88 69 131072 135168 712704 717312 1048576 1064960 1159168 1163264 1196032 1200128 1323008 1327104 1617920 1622016 1949696 1953792 2015232 2019328 2199552 2285568 2785280 2789376 2883584 2887680 3190784 3211264 3256320 3260416 3284992 3289088 3309568 3313664 3510272 3514368 3538944 3543040 3719168 3727360 3846144 3850240 3907584 3911680 3964928 3969024 4009984 4014080 4304896 4308992 4419584 4423680 4694016 4730880 4874240 4878336 4939776 4943872 4972544 4976640 5005312 5009408 5058560 5079040 5328896 5332992 5586944 5595136 5926912 5931008 6025216 6029312 6258688 6266880 6270976 6275072 6287360 6291456 6291456 6295552 6443008 6447104 6545408 6549504 6586368 6590464 6639616 6643712 6651904 6668288 6696960 6701056 7524352 7528448 7639040 7643136 7671808 7675904 7917568 7925760 7933952 7938048 7946240 7950336 7958528 7966720 7979008 7983104 8007680 8011776 8314880 8318976 8617984 8687616 8896512 8900608 9035776 9039872 9461760 9482240 9527296 9531392 9543680 9560064 9576448 9629696 9904128 9908224 10125312 10129408 10137600 10141696 10153984 10158080 10268672 10272768 10297344 10301440 10387456 10391552
89 87 24576 28672 53248 57344 94208 98304 114688 131072 155648 172032 241664 286720 466944 471040 544768 548864 589824 593920 602112 606208 831488 835584 1118208 1122304 1126400 1130496 1220608 1224704 1265664 1269760 1363968 1388544 1576960 1581056 1691648 1695744 1732608 1736704 1892352 1896448 1957888 1961984 2064384 2068480 2080768 2084864 2433024 2437120 2449408 2453504 2555904 2560000 2686976 2691072 2785280 2789376 2912256 2924544 3125248 3133440 3342336 3346432 3362816 3379200 3514368 3518464 3649536 3653632 3670016 3674112 3727360 3731456 3760128 3764224 3993600 3997696 4132864 4136960 4173824 4177920 4354048 4358144 4489216 4493312 4681728 4685824 4866048 4878336 4902912 4907008 4976640 4980736 5181440 5185536 5349376 5353472 5390336 5394432 5398528 5402624 5427200 5435392 5439488 5443584 5472256 5476352 5488640 5492736 5574656 5578752 5632000 5636096 5640192 5644288 5705728 5709824 5758976 5763072 5828608 5832704 5951488 5955584 6004736 6008832 6291456 6295552 6541312 6545408 7024640 7028736 7168000 7204864 7376896 7380992 7401472 7405568 7557120 7569408 7573504 7577600 7618560 7626752 7634944 7639040 7782400 7798784 7856128 7860224 7909376 7913472 8310784 8314880 8433664 8437760 8507392 8511488 8646656 8650752 8765440 8769536 8962048 8966144 8986624 8990720 9195520 9199616 9220096 9228288 9232384 9236480 9687040 9691136 10334208 10342400
90 39 143360 147456 376832 380928 393216 397312 696320 700416 1249280 1253376 1269760 1277952 1425408 1429504 1617920 1622016 2080768 2084864 2183168 2187264 2633728 2641920 2945024 2949120 2957312 2965504 3076096 3100672 3141632 3145728 3411968 3420160 3821568 3825664 3837952 3850240 3870720 3874816 4108288 4112384 4173824 4177920 4239360 4243456 4255744 4284416 4325376 4329472 4378624 4382720 4726784 4739072 4780032 4784128 4820992 4894720 5234688 5238784 5718016 5722112 5849088 5853184 6123520 6291456 6291456 7340032 7340032 7364608 7720960 7725056 8323072 8327168 8359936 8388608 8388608 9437184 9437184 10485760
91 10 0 1048576 1048576 2097152 2097152 3145728 3145728 4194304 4194304 5242880 5242880 6291456 6291456 7340032 7340032 8388608 8388608 9437184 9437184 10485760
92 10 0 1048576 1048576 2097152 2097152 3145728 3145728 4194304 4194304 5242880 5242880 6291456 6291456 7340032 7340032 8388608 8388608 9437184 9437184 10485760
93 94 0 1048576 1048576 2097152 2097152 3145728 3145728 4194304 4194304 5242880 5242880 6291456 6291456 7340032 7368704 7380992 7397376 7401472 7413760 7417856 7421952 7434240 7446528 7450624 7462912 7467008 7491584 7495680 7512064 7520256 7544832 7553024 7622656 7626752 7630848 7634944 7651328 7655424 7659520 7663616 7667712 7671808 7761920 7766016 7782400 7786496 7802880 7806976 7831552 7835648 7852032 7856128 7864320 7868416 7938048 7942144 7946240 7950336 7954432 7958528 7970816 7979008 8007680 8011776 8024064 8028160 8052736 8056832 8089600 8097792 8114176 8118272 8249344 8257536 8265728 8327168 8368128 8376320 8392704 8400896 8425472 8429568 8511488 8515584 8544256 8548352 8552448 8556544 8564736 8568832 8589312 8597504 8712192 8716288 8773632 8777728 8810496 8814592 8822784 8826880 8830976 8835072 8851456 8855552 8863744 8867840 9019392 9027584 9072640 9076736 9105408 9109504 9125888 9129984 9138176 9142272 9146368 9150464 9154560 9158656 9162752 9166848 9175040 9179136 9199616 9216000 9240576 9273344 9310208 9314304 9355264 9375744 9420800 9424896 9457664 9461760 9490432 9494528 9506816 9515008 9523200 9527296 9560064 9568256 9633792 9637888 9748480 9752576 9826304 9830400 9834496 9838592 9900032 9904128 9928704 9932800 10018816 10022912 10059776 10063872 10076160 10080256 10088448 10092544 10117120 10121216 10129408 10133504 10137600 10141696 10145792 10149888 10162176 10166272 10256384 10260480 10309632 10313728 10321920 10326016 10342400 10346496 10420224 10424320 10440704 10444800 10457088 10461184
94 69 8192 16384 28672 32768 36864 40960 53248 57344 73728 77824 81920 98304 106496 110592 139264 147456 204800 208896 221184 225280 233472 237568 253952 258048 262144 266240 311296 315392 319488 323584 339968 344064 385024 389120 401408 405504 466944 471040 483328 487424 524288 528384 581632 589824 851968 872448 876544 892928 897024 901120 909312 921600 925696 946176 950272 962560 966656 970752 1056768 1118208 1478656 1490944 1495040 1499136 1503232 1511424 1515520 1523712 1880064 1884160 2064384 2088960 2220032 2293760 2732032 2760704 2764800 2768896 2875392 2883584 3006464 3010560 3100672 3104768 3170304 3174400 3760128 3764224 3907584 3911680 4259840 4264448 4276224 4280320 4346368 4350464 4354560 4358656 4366848 4370944 4391424 4395520 4440576 4448768 4465152 4469248 4481536 4485632 4522496 4526592 4575744 4579840 4583936 4588032 4600320 4608512 4637184 4641280 4653056 4657152 4735488 4743680 4907008 4911104 5001216 5005312 5099520 5242880 5242880 6291456 6291456 7340032 7340032 8388608 8388608 9437184 9437184 10485760
95 10 0 1048576 1048576 2097152 2097152 3145728 3145728 4194304 4194304 5242880 5242880 6291456 6291456 7340032 7340032 8388608 8388608 9437184 9437184 10485760
96 10 0 1048576 1048576 2097152 2097152 3145728 3145728 4194304 4194304 5242880 5242880 6291456 6291456 7340032 7340032 8388608 8388608 9437184 9437184 10485760
97 10 0 1048576 1048576 2097152 2097152 3145728 3145728 4194304 4194304 5242880 5242880 6291456 6291456 7340032 7340032 8388608 8388608 9437184 9437184 10485760
98 10 0 1048576 1048576 2097152 2097152 3145728 3145728 4194304 4194304 5242880 5242880 6291456 6291456 7340032 7340032 8388608 8388608 9437184 9437184 10485760
99 32 0 1048576 1048576 2097152 2097152 3145728 3145728 3149824 3194880 3211264 3522560 3526656 3829760 3837952 3850240 3858432 3862528 3870720 4141056 4169728 4222976 4227072 4751360 4755456 4772864 4792832 4808704 4853760 5439488 5447680 6377984 6669312 6795264 6803456 6914560 6922752 7036928 7049216 7163904 7168000 7602176 7610368 7897088 7909376 7995392 7999488 8622080 8630272 8871936 8876032 9437184 9453568 9510912 9519104 9543680 9551872 9576448 9584640 9961984 9963008 9965568 9981952 10440704 10485760
