#StripeID,rangenumber,BlockOffsetStart,BlockOffsetEnd
0 8 0 524288 524288 1048576 1048576 1572864 1572864 2097152 2097152 2621440 2621440 3145728 3145728 3670016 3670016 4194304
1 8 0 524288 524288 1048576 1048576 1572864 1572864 2097152 2097152 2621440 2621440 3145728 3145728 3670016 3670016 4194304
2 8 0 524288 524288 1048576 1048576 1572864 1572864 2097152 2097152 2621440 2621440 3145728 3145728 3670016 3670016 4194304
3 8 0 524288 524288 1048576 1048576 1572864 1572864 2097152 2097152 2621440 2621440 3145728 3145728 3670016 3670016 4194304
4 8 0 524288 524288 1048576 1048576 1572864 1572864 2097152 2097152 2621440 2621440 3145728 3145728 3670016 3670016 4194304
5 8 0 524288 524288 1048576 1048576 1572864 1572864 2097152 2097152 2621440 2621440 3145728 3145728 3670016 3670016 4194304
6 8 0 524288 524288 1048576 1048576 1572864 1572864 2097152 2097152 2621440 2621440 3145728 3145728 3670016 3670016 4194304
7 8 0 524288 524288 1048576 1048576 1572864 1572864 2097152 2097152 2621440 2621440 3145728 3145728 3670016 3670016 4194304
8 8 0 524288 524288 1048576 1048576 1572864 1572864 2097152 2097152 2621440 2621440 3145728 3145728 3670016 3670016 4194304
9 8 0 524288 524288 1048576 1048576 1572864 1572864 2097152 2097152 2621440 2621440 3145728 3145728 3670016 3670016 4194304
10 24 0 524288 524288 1048576 1093632 1277952 1384448 1392640 1449984 1454080 1499136 1503232 1671168 1675264 1761280 1769472 1929216 1945600 2072576 2097152 2097152 2199552 2220032 2269184 2334720 2338816 2400256 2404352 2502656 2506752 2547712 2551808 2625536 2641920 2691072 2695168 2727936 2732032 2826240 2887680 2891776 2895872 2899968 3145728 3145728 3670016 3670016 4194304
11 25 0 524288 524288 1048576 1048576 1208320 1323008 1327104 1351680 1572864 1572864 1712128 1912832 1921024 1933312 2097152 2097152 2109440 2125824 2129920 2310144 2318336 2322432 2326528 2359296 2375680 2437120 2461696 2551808 2621440 2621440 2752512 2764800 2777088 2834432 2842624 2965504 2969600 2973696 2985984 3031040 3035136 3051520 3055616 3063808 3145728 3145728 3670016 3670016 4194304
12 10 0 524288 524288 598016 630784 643072 786432 1048576 1048576 1572864 1572864 2097152 2097152 2621440 2621440 3145728 3145728 3670016 3670016 4194304
13 21 0 524288 524288 1048576 1048576 1572864 1572864 2097152 2097152 2514944 2658304 2662400 2732032 2736128 3063808 3076096 3141632 3145728 3186688 3190784 3244032 3248128 3260416 3264512 3301376 3305472 3334144 3346432 3395584 3399680 3473408 3489792 3641344 3645440 3969024 3973120 4030464 4034560 4096000 4100096 4124672 4194304
14 31 0 12288 69632 73728 81920 524288 524288 1048576 1126400 1134592 1392640 1396736 1470464 1474560 1572864 1576960 1601536 1605632 1634304 1642496 1736704 1740800 2019328 2023424 2244608 2252800 2449408 2453504 2482176 2490368 2572288 2621440 2621440 2699264 2777088 2781184 2801664 2818048 2871296 2875392 2895872 2899968 3031040 3032064 3051520 3145728 3145728 3166208 3182592 3424256 3448832 3452928 3497984 3502080 3629056 3633152 3649536 3653632 3895296 3899392 3923968 3928064
15 34 217088 221184 405504 409600 413696 421888 425984 434176 475136 479232 630784 638976 679936 684032 745472 749568 860160 864256 884736 901120 917504 921600 925696 929792 946176 954368 1077248 1081344 1118208 1400832 1404928 1409024 1445888 1572864 1572864 1753088 1835008 1839104 1982464 1998848 2347008 2351104 2572288 2580480 2699264 2715648 2719744 2723840 2969600 2973696 3133440 3137536 3215360 3219456 3280896 3289088 3411968 3416064 3424256 3428352 3555328 3670016 3670016 3698688 3768320 3772416 3796992 3805184
16 14 0 4096 32768 49152 77824 81920 106496 114688 335872 344064 364544 380928 479232 524288 524288 1048576 1048576 1572864 1572864 2097152 2097152 2621440 2621440 3145728 3145728 3670016 3670016 4194304
17 73 0 524288 524288 1012224 1105920 1110016 1216512 1220608 1253376 1257472 1314816 1318912 1396736 1404928 1409024 1413120 1421312 1425408 1486848 1495040 1527808 1531904 1576960 1581056 1589248 1597440 1613824 1617920 1675264 1679360 1974272 1978368 2007040 2011136 2048000 2052096 2068480 2072576 2125824 2134016 2147328 2159616 2396160 2400256 2420736 2433024 2437120 2441216 2453504 2457600 2478080 2486272 2531328 2551808 2625536 2629632 2637824 2658304 2666496 2686976 2850816 2854912 2863104 2867200 2916352 2928640 2949120 2973696 3006464 3010560 3059712 3063808 3096576 3129344 3145728 3149824 3186688 3190784 3219456 3223552 3235840 3244032 3260416 3264512 3289088 3342336 3354624 3375104 3383296 3391488 3403776 3407872 3420160 3424256 3428352 3432448 3436544 3440640 3444736 3448832 3452928 3457024 3465216 3469312 3477504 3485696 3497984 3502080 3510272 3518464 3526656 3534848 3555328 3559424 3563520 3567616 3588096 3592192 3620864 3653632 3661824 3670016 3776512 3784704 3850240 3870720 3903488 3907584 3923968 3928064 3932160 3936256 3964928 3997696 4046848 4050944 4067328 4071424 4128768 4136960 4149248 4153344 4161536 4177920 4182016 4186112
18 93 0 4096 12288 16384 32768 65536 90112 94208 143360 147456 192512 212992 229376 245760 262144 266240 282624 286720 376832 409600 532480 536576 540672 557056 593920 602112 630784 634880 659456 663552 684032 688128 729088 733184 761856 765952 802816 835584 864256 868352 921600 925696 937984 946176 974848 978944 1015808 1048576 1052672 1056768 1081344 1097728 1122304 1126400 1130496 1146880 1159168 1175552 1179648 1191936 1200128 1204224 1241088 1245184 1290240 1294336 1343488 1347584 1409024 1413120 1425408 1445888 1458176 1462272 1479168 1572864 1572864 1630208 1687552 1708032 1712128 1716224 1732608 1736704 1744896 1748992 1826816 1830912 1843200 1847296 1875968 1880064 1913344 1917440 1941504 1949696 1982464 1986560 1998848 2007040 2031616 2035712 2064384 2097152 2097152 2101248 2150400 2154496 2228224 2236416 2265088 2269184 2314240 2359296 2371584 2383872 2473984 2600960 2609152 2613248 2629632 2633728 2646016 2650112 2662400 2666496 2686976 2719744 2785280 2789376 2818048 2822144 2887680 2891776 2932736 2949120 2965504 2981888 3117056 3121152 3149824 3153920 3211264 3215360 3321856 3358720 3440640 3457024 3489792 3506176 3538944 3543040 3567616 3584000 3645440 3665920 3690496 3694592 3702784 3719168 3727360 3731456 3760128 3764224 3780608 3784704 3801088 3805184 3809280 3813376 3821568 3825664 3874816 3878912 3928064 3932160 3981312 3997696 4034560 4038656 4063232 4083712 4165632 4177920 4182016 4186112
19 54 12288 16384 57344 61440 114688 147456 163840 167936 229376 245760 249856 258048 262144 266240 294912 311296 356352 360448 528384 532480 565248 569344 581632 598016 610304 614400 749568 753664 761856 765952 770048 802816 831488 835584 851968 901120 913408 917504 1019904 1024000 1146880 1179648 1187840 1191936 1363968 1376256 1445888 1446912 1540096 1572864 1622016 1638400 1761280 1769472 1855488 1863680 1929216 1933312 1966080 1998848 2084864 2088960 2097152 2101248 2150400 2154496 2158592 2166784 2215936 2220032 2244608 2260992 2297856 2310144 2392064 2424832 2547712 2551808 2605056 2621440 2621440 2637824 2686976 2699264 3014656 3026944 3035136 3039232 3088384 3112960 3153920 3158016 3215360 3227648 3260416 3264512 3465216 3469312 3522560 3538944 3670016 3686400 3751936 3768320 3830272 3896320 3997696 4005888
20 75 0 4096 32768 36864 131072 135168 229376 294912 327680 331776 385024 389120 438272 442368 458752 475136 712704 717312 811008 815104 827392 835584 847872 851968 1048576 1064960 1069056 1073152 1077248 1126400 1138688 1150976 1159168 1163264 1179648 1200128 1212416 1245184 1253376 1327104 1355776 1359872 1363968 1413120 1425408 1458176 1499136 1527808 1576960 1581056 1617920 1622016 1630208 1634304 1654784 1691648 1703936 1712128 1716224 1724416 1728512 1744896 1789952 1798144 1802240 1835008 1839104 1843200 1855488 1859584 1888256 1892352 1941504 1945600 1949696 1953792 1990656 1994752 2031616 2068480 2080768 2097152 2105344 2129920 2150400 2154496 2220032 2224128 2297856 2301952 2306048 2314240 2318336 2322432 2347008 2355200 2386944 2387968 2404352 2408448 2433024 2437120 2445312 2446336 2449408 2453504 2514944 2519040 2523136 2555904 2584576 2588672 2650112 2654208 2662400 2666496 2670592 2674688 2768896 2801664 2985984 2990080 3063808 3080192 3084288 3088384 3190784 3223552 3244032 3248128 3325952 3330048 3346432 3350528 3530752 3534848 3555328 3608576 3616768 3620864 3629056 3633152 3719168 3723264 3739648 3743744 3751936 3768320 3981312 4194304
21 52 0 524288 524288 1048576 1048576 1572864 1572864 1577472 1609728 1613824 1626112 1630208 1662976 1667072 1740800 1748992 1773568 1777664 1785856 1789952 1798144 1802240 1806336 1810432 1818624 1835008 1839104 1855488 1892352 1896448 1921024 1925120 1933312 1941504 1949696 1982464 1998848 2015232 2031616 2080768 2088960 2097152 2097152 2146304 2187264 2191360 2207744 2211840 2244608 2256896 2281472 2289664 2351104 2355200 2392064 2396160 2416640 2420736 2445312 2449408 2457600 2473984 2498560 2510848 2596864 2621440 2723840 2736128 2867200 2899968 2916352 2949120 3096576 3129344 3141632 3145728 3145728 3149824 3272704 3305472 3330048 3334144 3346432 3350528 3412992 3417088 3444736 3448832 3477504 3481600 3723264 3731456 3739648 3743744 3751936 3756032 3764224 3772416 3784704 3788800 3813376 3817472 4120576 4124672
22 51 229376 299008 311296 315392 458752 462848 491520 524288 647168 651264 671744 704512 786432 819200 966656 999424 1015808 1024000 1138688 1142784 1146880 1171456 1327104 1359872 1515520 1519616 1601536 1712128 1720320 1753088 1765376 1769472 1851392 1884160 1908736 1912832 1916928 1933312 1998848 2002944 2015232 2048000 2121728 2125824 2138112 2146304 2150400 2154496 2191360 2195456 2211840 2228224 2355200 2359296 2449408 2453504 2564096 2568192 2641920 2650112 2686976 2703360 2711552 2719744 2818048 2850816 2928640 2932736 2949120 2998272 3055616 3059712 3194880 3227648 3317760 3321856 3362816 3366912 3387392 3395584 3411968 3416064 3592192 3600384 3604480 3612672 3674112 3678208 3710976 3715072 3788800 3792896 3817472 3850240 3915776 3948544 3981312 4014080 4055040 4059136 4145152 4194304
23 48 0 16384 196608 200704 335872 339968 442368 475136 589824 593920 630784 704512 815104 831488 999424 1032192 1048576 1081344 1114112 1130496 1187840 1191936 1224704 1228800 1245184 1249280 1265664 1282048 1355776 1380352 1417216 1421312 1462272 1466368 1507328 1523712 1527808 1531904 1552384 1556480 1572864 1576960 1589248 1593344 1609728 1687552 1720320 1736704 1802240 1806336 1830912 1839104 1843200 1851392 1896448 1900544 1908736 1912832 2035712 2039808 2076672 2084864 2113536 2129920 2256896 2260992 2392064 2396160 2400256 2408448 2584576 2588672 2723840 2727936 2768896 2781184 2805760 2809856 2838528 2842624 2879488 2883584 3084288 3092480 3112960 3145728 3194880 3227648 3252224 3256320 3293184 3297280 3301376 3670016 3670016 4194304
24 25 0 524288 524288 1048576 1048576 1572864 1572864 1658880 1794048 1798144 1961984 1970176 1994752 1998848 2002944 2007040 2129920 2146304 2215936 2220032 2228224 2260992 2355200 2359296 2576384 2580480 2670592 2674688 2781184 2801664 2834432 2850816 2904064 2908160 2940928 2945024 3055616 3059712 3293184 3309568 3538944 3571712 3670016 3702784 3735552 3768320 4042752 4050944 4177920 4194304
25 33 188416 204800 462848 475136 540672 544768 667648 671744 765952 770048 802816 811008 901120 917504 929792 933888 962560 966656 978944 983040 995328 999424 1007616 1011712 1212416 1220608 1339392 1343488 1556480 1572864 1572864 2097152 2097152 2621440 2621440 3145728 3145728 3670016 3670016 3784704 3817472 3821568 3837952 3850240 3874816 3878912 3928064 3932160 3936256 3944448 3973120 3977216 3985408 3989504 4042752 4046848 4067328 4075520 4079616 4087808 4100096 4120576 4149248 4161536 4173824 4177920
26 33 0 4096 32768 36864 45056 49152 184320 188416 458752 475136 503808 507904 532480 544768 557056 573440 626688 700416 737280 782336 884736 995328 1007616 1011712 1245184 1277952 1310720 1318912 1486848 1490944 1507328 1511424 1523712 1527808 1581056 1597440 1929216 2097152 2097152 2621440 2621440 3145728 3145728 3170304 3182592 3186688 3219456 3223552 3383296 3387392 3481600 3485696 3493888 3497984 3526656 3530752 3878912 3883008 3928064 3932160 3989504 3993600 4009984 4014080 4091904 4194304
27 8 0 524288 524288 1048576 1048576 1572864 1572864 2097152 2097152 2621440 2621440 3145728 3145728 3670016 3670016 4194304
28 8 0 524288 524288 1048576 1048576 1572864 1572864 2097152 2097152 2621440 2621440 3145728 3145728 3670016 3670016 4194304
29 8 0 524288 524288 1048576 1048576 1572864 1572864 2097152 2097152 2621440 2621440 3145728 3145728 3670016 3670016 4194304
30 8 0 524288 524288 1048576 1048576 1572864 1572864 2097152 2097152 2621440 2621440 3145728 3145728 3670016 3670016 4194304
31 8 0 524288 524288 1048576 1048576 1572864 1572864 2097152 2097152 2621440 2621440 3145728 3145728 3670016 3670016 4194304
32 8 0 524288 524288 1048576 1048576 1572864 1572864 2097152 2097152 2621440 2621440 3145728 3145728 3670016 3670016 4194304
33 8 0 524288 524288 1048576 1048576 1572864 1572864 2097152 2097152 2621440 2621440 3145728 3145728 3670016 3670016 4194304
34 8 0 524288 524288 1048576 1048576 1572864 1572864 2097152 2097152 2621440 2621440 3145728 3145728 3670016 3670016 4194304
35 8 0 524288 524288 1048576 1048576 1572864 1572864 2097152 2097152 2621440 2621440 3145728 3145728 3670016 3670016 4194304
36 9 0 524288 524288 840704 905216 1048576 1048576 1572864 1572864 2097152 2097152 2621440 2621440 3145728 3145728 3670016 3670016 4194304
37 8 0 524288 524288 1048576 1048576 1572864 1572864 2097152 2097152 2621440 2621440 3145728 3145728 3670016 3670016 4194304
38 8 0 524288 524288 1048576 1048576 1572864 1572864 2097152 2097152 2621440 2621440 3145728 3145728 3670016 3670016 4194304
39 8 0 524288 524288 1048576 1048576 1572864 1572864 2097152 2097152 2621440 2621440 3145728 3145728 3670016 3670016 4194304
40 8 0 524288 524288 1048576 1048576 1572864 1572864 2097152 2097152 2621440 2621440 3145728 3145728 3670016 3670016 4194304
41 8 0 524288 524288 1048576 1048576 1572864 1572864 2097152 2097152 2621440 2621440 3145728 3145728 3670016 3670016 4194304
42 8 0 524288 524288 1048576 1048576 1572864 1572864 2097152 2097152 2621440 2621440 3145728 3145728 3670016 3670016 4194304
43 8 0 524288 524288 1048576 1048576 1572864 1572864 2097152 2097152 2621440 2621440 3145728 3145728 3670016 3670016 4194304
44 8 0 524288 524288 1048576 1048576 1572864 1572864 2097152 2097152 2621440 2621440 3145728 3145728 3670016 3670016 4194304
45 8 0 524288 524288 1048576 1048576 1572864 1572864 2097152 2097152 2621440 2621440 3145728 3145728 3670016 3670016 4194304
46 8 0 524288 524288 1048576 1048576 1572864 1572864 2097152 2097152 2621440 2621440 3145728 3145728 3670016 3670016 4194304
47 8 0 524288 524288 1048576 1048576 1572864 1572864 2097152 2097152 2621440 2621440 3145728 3145728 3670016 3670016 4194304
48 47 0 524288 524288 1048576 1048576 1175552 1204224 1208320 1318912 1335296 1351680 1355776 1376256 1409024 1425408 1429504 1445888 1482752 1515520 1519616 1732608 1740800 1753088 1761280 1765376 1773568 1798144 1806336 1843200 1847296 2125824 2129920 2170880 2174976 2183168 2228224 2306048 2310144 2387968 2392064 2453504 2621440 2621440 2637824 2654208 2658304 2675712 2695680 2711552 2756608 2822144 2826240 2842624 2846720 3006464 3010560 3018752 3022848 3055616 3059712 3092480 3096576 3117056 3121152 3129344 3133440 3145728 3149824 3178496 3182592 3276800 3547136 3559424 3563520 3575808 3584000 3633152 3641344 3710976 3715072 3735552 3751936 3756032 3760128 3772416 3776512 3878912 3883008 3952640 3969024 4100096 4104192 4153344 4157440
49 62 24576 28672 61440 81920 86528 377856 385024 389120 405504 421888 438272 442368 524288 532480 745472 757760 778240 782336 802816 806912 872448 876544 892928 897024 1048576 1052672 1105920 1110016 1118208 1130496 1208320 1216512 1261568 1265664 1310720 1318912 1347584 1351680 1523712 1527808 1703936 1708032 1744896 1753088 1802240 1806336 1814528 1830912 1949696 1953792 1978368 1982464 1990656 1998848 2073088 2081280 2207744 2220032 2224128 2236416 2244608 2248704 2260992 2265088 2281472 2285568 2297856 2301952 2330624 2334720 2396160 2465792 2469888 2473984 2486272 2490368 2502656 2506752 2519040 2523136 2564096 2568192 2580480 2584576 2596864 2600960 2613248 2617344 2629632 2633728 2666496 2670592 2691072 2748416 2813952 2822144 2928640 2932736 3035136 3043328 3100672 3104768 3145728 3162112 3178496 3211264 3219456 3227648 3252224 3260416 3284992 3293184 3567616 3571712 3637248 3645440 3768320 3772416 3776512 3780608 3915776 3940352 4022272 4030464
50 116 106496 110592 180224 196608 262144 266240 282624 286720 294912 299008 720896 724992 737280 741376 749568 753664 1048576 1146880 1150976 1159168 1163264 1167360 1171456 1179648 1253376 1265664 1310720 1314816 1323008 1331200 1339392 1343488 1359872 1363968 1376256 1380352 1384448 1392640 1396736 1409024 1466368 1470464 1474560 1478656 1490944 1495040 1503232 1507328 1560576 1564672 1589248 1593344 1646592 1654784 1695744 1699840 1740800 1748992 1773568 1777664 1781760 1789952 1814528 1818624 1826816 1830912 1843200 1851392 1888256 1892352 1925120 1929216 1961984 1966080 1986560 1990656 1994752 1998848 2011136 2015232 2027520 2031616 2035712 2039808 2056192 2060288 2064384 2068480 2072576 2076672 2088960 2097152 2097152 2248704 2273280 2277376 2293760 2301952 2314240 2318336 2355200 2359296 2363392 2371584 2392064 2396160 2400256 2404352 2445312 2449408 2461696 2469888 2473984 2478080 2482176 2486272 2490368 2498560 2519040 2523136 2531328 2535424 2547712 2551808 2568192 2572288 2588672 2592768 2613248 2621440 2633728 2637824 2641920 2650112 2662400 2670592 2674688 2686976 2691072 2695168 2707456 2719744 2736128 2744320 2748416 2764800 2768896 2809856 2859008 2863104 2949120 2953216 2961408 2965504 2981888 2985984 2990080 2998272 3051520 3076096 3080192 3084288 3104768 3105280 3145728 3149824 3158016 3166208 3178496 3182592 3190784 3194880 3203072 3219456 3223552 3227648 3235840 3239936 3252224 3256320 3260416 3264512 3268608 3272704 3289088 3305472 3338240 3342336 3354624 3358720 3366912 3371008 3383296 3395584 3403776 3559424 3567616 3571712 3608576 3612672 3616768 3620864 3637248 3653632 3661824 3665920 3678208 3682304 3698688 3702784 3706880 3710976 3768320 3772416 3825664 3829760 3846144 3850240 3923968 3928064 3932160 3936256 3948544 3952640 3960832 3964928 3985408 4009984 4026368 4034560 4157440 4161536
51 51 45056 49152 53248 57344 77824 81920 90112 94208 102400 106496 143360 147456 208896 212992 217088 221184 241664 245760 253952 258048 274432 282624 294912 307200 454656 458752 462848 466944 503808 507904 524288 528384 540672 561152 569344 573440 577536 593920 606208 618496 667648 679936 684032 696320 749568 757760 790528 794624 851968 860160 901120 905216 1052672 1056768 1060864 1064960 1220608 1224704 1376256 1396736 1548288 1560576 1626112 1630208 1712128 1732608 1851392 1867776 1884160 1888256 1925120 1978368 2043904 2048000 2121728 2125824 2134016 2138112 2166784 2174976 2187264 2256896 2293760 2297856 2342912 2347008 2490368 2494464 2564096 2568192 2613248 2617344 2822144 2826240 2904064 2908160 3031040 3039232 3571712 3670016 3670016 4194304
52 8 0 524288 524288 1048576 1048576 1572864 1572864 2097152 2097152 2621440 2621440 3145728 3145728 3670016 3670016 4194304
53 8 0 524288 524288 1048576 1048576 1572864 1572864 2097152 2097152 2621440 2621440 3145728 3145728 3670016 3670016 4194304
54 8 0 524288 524288 1048576 1048576 1572864 1572864 2097152 2097152 2621440 2621440 3145728 3145728 3670016 3670016 4194304
55 8 0 524288 524288 1048576 1048576 1572864 1572864 2097152 2097152 2621440 2621440 3145728 3145728 3670016 3670016 4194304
56 8 0 524288 524288 1048576 1048576 1572864 1572864 2097152 2097152 2621440 2621440 3145728 3145728 3670016 3670016 4194304
57 8 0 524288 524288 1048576 1048576 1572864 1572864 2097152 2097152 2621440 2621440 3145728 3145728 3670016 3670016 4194304
58 41 0 524288 524288 1048576 1110016 1118208 1179648 1183744 1191936 1196032 1306624 1310720 1343488 1355776 1363968 1396736 1409024 1413120 1429504 1433600 1441792 1445888 1449984 1454080 1499136 1507328 1515520 1519616 1830912 1835008 1863680 1867776 1908736 1912832 1916928 1933312 2072576 2076672 2080768 2084864 2142208 2146304 2150400 2154496 2170880 2174976 2228224 2236416 2269184 2273280 2281472 2621440 2621440 3145728 3145728 3334144 3346432 3350528 3387392 3391488 3465216 3469312 3506176 3518464 3538944 3547136 3551232 3555328 3600384 3604480 3645440 3649536 3768320 3776512 3784704 3792896 3801088 3805184 4022272 4026368 4063232 4067328
59 82 77824 81920 98304 106496 118784 122880 139264 143360 155648 159744 167936 172032 176128 196608 200704 204800 270336 274432 364544 376832 385024 389120 397312 401408 409600 413696 438272 442368 450560 458752 659456 684032 704512 708608 712704 716800 765952 774144 778240 782336 802816 835584 966656 974848 1019904 1028096 1056768 1073152 1089536 1105920 1134592 1138688 1175552 1179648 1216512 1220608 1232896 1236992 1253376 1277952 1286144 1302528 1343488 1359872 1380352 1384448 1437696 1441792 1454080 1458176 1462272 1474560 1478656 1482752 1519616 1523712 1544192 1548288 1552384 1556480 1638400 1642496 1699840 1703936 1757184 1761280 1773568 1785856 1900544 1908736 1929216 1933312 2015232 2023424 2072576 2080768 2101248 2105344 2129920 2134016 2154496 2158592 2191360 2195456 2281472 2285568 2347008 2355200 2506752 2510848 2514944 2519040 2637824 2641920 2715648 2723840 2744320 2760704 2764800 2768896 2789376 2801664 2818048 2822144 2899968 2908160 2940928 3031040 3047424 3051520 3117056 3121152 3170304 3174400 3219456 3223552 3227648 3244032 3272704 3276800 3321856 3325952 3375104 3379200 3383296 3387392 3440640 3624960 3653632 3661824 3698688 3702784 3928064 3936256 3985408 3989504 3993600 4001792 4014080 4063232 4091904 4100096 4145152 4149248
60 26 0 8192 24576 32768 53248 57344 65536 73728 102400 106496 122880 126976 151552 155648 167936 176128 180224 192512 200704 204800 499712 503808 507904 512000 516096 520192 589824 614400 647168 667648 696320 700416 724992 729088 819200 823296 851968 868352 913408 917504 1048576 1572864 1572864 2097152 2097152 2621440 2621440 3145728 3145728 3670016 3670016 4194304
61 8 0 524288 524288 1048576 1048576 1572864 1572864 2097152 2097152 2621440 2621440 3145728 3145728 3670016 3670016 4194304
62 8 0 524288 524288 1048576 1048576 1572864 1572864 2097152 2097152 2621440 2621440 3145728 3145728 3670016 3670016 4194304
63 8 0 524288 524288 1048576 1048576 1572864 1572864 2097152 2097152 2621440 2621440 3145728 3145728 3670016 3670016 4194304
64 8 0 524288 524288 1048576 1048576 1572864 1572864 2097152 2097152 2621440 2621440 3145728 3145728 3670016 3670016 4194304
65 8 0 524288 524288 1048576 1048576 1572864 1572864 2097152 2097152 2621440 2621440 3145728 3145728 3670016 3670016 4194304
66 8 0 524288 524288 1048576 1048576 1572864 1572864 2097152 2097152 2621440 2621440 3145728 3145728 3670016 3670016 4194304
67 8 0 524288 524288 1048576 1048576 1572864 1572864 2097152 2097152 2621440 2621440 3145728 3145728 3670016 3670016 4194304
68 8 0 524288 524288 1048576 1048576 1572864 1572864 2097152 2097152 2621440 2621440 3145728 3145728 3670016 3670016 4194304
69 8 0 524288 524288 1048576 1048576 1572864 1572864 2097152 2097152 2621440 2621440 3145728 3145728 3670016 3670016 4194304
70 8 0 524288 524288 1048576 1048576 1572864 1572864 2097152 2097152 2621440 2621440 3145728 3145728 3670016 3670016 4194304
71 8 0 524288 524288 1048576 1048576 1572864 1572864 2097152 2097152 2621440 2621440 3145728 3145728 3670016 3670016 4194304
72 8 0 524288 524288 1048576 1048576 1572864 1572864 2097152 2097152 2621440 2621440 3145728 3145728 3670016 3670016 4194304
73 8 0 524288 524288 1048576 1048576 1572864 1572864 2097152 2097152 2621440 2621440 3145728 3145728 3670016 3670016 4194304
74 8 0 524288 524288 1048576 1048576 1572864 1572864 2097152 2097152 2621440 2621440 3145728 3145728 3670016 3670016 4194304
75 8 0 524288 524288 1048576 1048576 1572864 1572864 2097152 2097152 2621440 2621440 3145728 3145728 3670016 3670016 4194304
76 59 0 524288 524288 1048576 1060864 1064960 1089536 1093632 1126400 1130496 1179648 1183744 1216512 1220608 1228800 1232896 1253376 1265664 1302528 1314816 1355776 1359872 1441792 1445888 1474560 1478656 1564672 1568768 1589248 1605632 1654784 1658880 1671168 1687552 1724416 1728512 1781760 1785856 1839104 1843200 1871872 1875968 1884160 1916928 1929216 1933312 2002944 2011136 2109440 2138112 2170880 2174976 2195456 2199552 2252800 2256896 2265088 2269184 2334720 2338816 2400256 2408448 2412544 2416640 2420736 2424832 2568192 2572288 2580480 2621440 2621440 2670592 2740224 2752512 2867200 2883584 2940928 2945024 2961408 2965504 3031040 3035136 3108864 3112960 3137536 3145728 3194880 3211264 3215360 3219456 3256320 3260416 3309568 3313664 3383296 3387392 3420160 3424256 3502080 3506176 3616768 3620864 3657728 3670016 3670016 3764224 3854336 3858432 3866624 3874816 4030464 4038656 4128768 4132864 4177920 4186112 4190208 4194304
77 46 0 4096 53248 57344 192512 245760 327680 331776 344064 348160 360448 364544 520192 524288 581632 602112 643072 647168 720896 737280 741376 753664 860160 872448 876544 880640 950272 966656 1007616 1011712 1015808 1019904 1048576 1073152 1101824 1105920 1175552 1179648 1208320 1212416 1421312 1425408 1490944 1507328 1703936 1708032 1736704 1744896 1847296 1855488 2068480 2072576 2170880 2187264 2199552 2203648 2244608 2277376 2326528 2347008 2400256 2441216 2539520 2572288 2719744 2736128 2924544 2928640 2945024 2949120 3047424 3080192 3145728 3149824 3203072 3207168 3223552 3227648 3297280 3301376 3321856 3325952 3354624 3362816 3395584 3399680 3448832 3452928 3620864 3624960 3735552 4194304
78 26 0 135168 155648 159744 176128 180224 192512 196608 208896 212992 225280 229376 241664 245760 258048 299008 311296 315392 327680 331776 380928 385024 397312 401408 516096 520192 536576 540672 557056 589824 708608 712704 733184 737280 753664 786432 991232 995328 1032192 1048576 1048576 1572864 1572864 2097152 2097152 2621440 2621440 3145728 3145728 3670016 3670016 4194304
79 8 0 524288 524288 1048576 1048576 1572864 1572864 2097152 2097152 2621440 2621440 3145728 3145728 3670016 3670016 4194304
80 8 0 524288 524288 1048576 1048576 1572864 1572864 2097152 2097152 2621440 2621440 3145728 3145728 3670016 3670016 4194304
81 8 0 524288 524288 1048576 1048576 1572864 1572864 2097152 2097152 2621440 2621440 3145728 3145728 3670016 3670016 4194304
82 8 0 524288 524288 1048576 1048576 1572864 1572864 2097152 2097152 2621440 2621440 3145728 3145728 3670016 3670016 4194304
83 8 0 524288 524288 1048576 1048576 1572864 1572864 2097152 2097152 2621440 2621440 3145728 3145728 3670016 3670016 4194304
84 74 0 524288 524288 1048576 1048576 1138688 1146880 1150976 1179648 1187840 1200128 1204224 1216512 1228800 1241088 1245184 1253376 1261568 1282048 1286144 1339392 1363968 1372160 1380352 1441792 1462272 1470464 1474560 1490944 1495040 1507328 1544192 1560576 1564672 1568768 1572864 1572864 1597440 1646592 1650688 1654784 1658880 1662976 1667072 1675264 1687552 1695744 1699840 1708032 1748992 1761280 1765376 1798144 1802240 1822720 1835008 1859584 1863680 1871872 1900544 1933312 1937408 1953792 2097152 2097152 2306048 2392064 2396160 2412544 2416640 2420736 2424832 2449408 2535424 2539520 2543616 2572288 2576384 2633728 2637824 2674688 2678784 2727936 2732032 2740224 2744320 2781184 2785280 2793472 2797568 2813952 2818048 2834432 2838528 2846720 2850816 2854912 2859008 2863104 2867200 2883584 2940928 2949120 2965504 3018752 3022848 3072000 3145728 3166208 3170304 3182592 3203072 3215360 3223552 3231744 3235840 3248128 3256320 3268608 3276800 3334144 3338240 3403776 3407872 3440640 3452928 3489792 3493888 3518464 3629056 3637248 3641344 3686400 3702784 3768320 3772416 3784704 3788800 3792896 3801088 3805184 3809280 3817472 3821568 3825664 3829760 3833856 4194304
85 49 0 258048 262144 266240 311296 315392 339968 344064 401408 405504 434176 438272 466944 471040 479232 483328 503808 507904 581632 589824 655360 659456 761856 765952 851968 1048576 1048576 1490944 1523712 1560576 1597440 1810432 1851392 1855488 1871872 1896448 1945600 1990656 2019328 2023424 2064384 2068480 2076672 2097152 2097152 2170880 2228224 2232320 2306048 2310144 2342912 2351104 2408448 2441216 2457600 2461696 2543616 2621440 2621440 2695168 2732032 2760704 2764800 2768896 2801664 2805760 2875392 2883584 2916352 2920448 2932736 2940928 3026944 3043328 3067904 3076096 3080192 3084288 3100672 3104768 3215360 3260416 3264512 3268608 3297280 3301376 3342336 3371008 3403776 3538944 3620864 3624960 3710976 3715072 3796992 4132864 4165632 4169728
86 11 327680 331776 356352 360448 368640 524288 524288 552960 593920 1048576 1048576 1572864 1572864 2097152 2097152 2621440 2621440 3145728 3145728 3670016 3670016 4194304
87 8 0 524288 524288 1048576 1048576 1572864 1572864 2097152 2097152 2621440 2621440 3145728 3145728 3670016 3670016 4194304
88 8 0 524288 524288 1048576 1048576 1572864 1572864 2097152 2097152 2621440 2621440 3145728 3145728 3670016 3670016 4194304
89 8 0 524288 524288 1048576 1048576 1572864 1572864 2097152 2097152 2621440 2621440 3145728 3145728 3670016 3670016 4194304
90 8 0 524288 524288 1048576 1048576 1572864 1572864 2097152 2097152 2621440 2621440 3145728 3145728 3670016 3670016 4194304
91 8 0 524288 524288 1048576 1048576 1572864 1572864 2097152 2097152 2621440 2621440 3145728 3145728 3670016 3670016 4194304
92 23 0 524288 524288 1048576 1048576 1118208 1126400 1130496 1138688 1142784 1146880 1572864 1572864 2097152 2097152 2621440 2621440 2789376 2826240 2830336 2871296 2875392 3043328 3047424 3096576 3133440 3141632 3145728 3145728 3153920 3272704 3440640 3473408 3489792 3502080 3506176 3551232 3559424 3563520 3566080 3661824 3670016 3670016 3764224 3805184 4194304
93 10 0 524288 524288 1048576 1048576 1572864 1572864 2097152 2097152 2621440 2621440 3145728 3145728 3670016 3670016 3825664 3837952 3842048 3936256 3940352
94 13 0 4096 32768 36864 155648 225280 360448 376832 380928 499712 626688 733184 1015808 1048576 1048576 1572864 1572864 2097152 2097152 2621440 2621440 3145728 3145728 3670016 3670016 4194304
95 8 0 524288 524288 1048576 1048576 1572864 1572864 2097152 2097152 2621440 2621440 3145728 3145728 3670016 3670016 4194304
96 8 0 524288 524288 1048576 1048576 1572864 1572864 2097152 2097152 2621440 2621440 3145728 3145728 3670016 3670016 4194304
97 8 0 524288 524288 1048576 1048576 1572864 1572864 2097152 2097152 2621440 2621440 3145728 3145728 3670016 3670016 4194304
98 8 0 524288 524288 1048576 1048576 1572864 1572864 2097152 2097152 2621440 2621440 3145728 3145728 3670016 3670016 4194304
99 8 0 524288 524288 1048576 1048576 1572864 1572864 2097152 2097152 2621440 2621440 3145728 3145728 3670016 3670016 4194304
