#StripeID,rangenumber,BlockOffsetStart,BlockOffsetEnd
0 8 0 1048576 1048576 2097152 2097152 3145728 3145728 4194304 4194304 5242880 5242880 6291456 6291456 7340032 7340032 8388608
1 8 0 1048576 1048576 2097152 2097152 3145728 3145728 4194304 4194304 5242880 5242880 6291456 6291456 7340032 7340032 8388608
2 8 0 1048576 1048576 2097152 2097152 3145728 3145728 4194304 4194304 5242880 5242880 6291456 6291456 7340032 7340032 8388608
3 8 0 1048576 1048576 2097152 2097152 3145728 3145728 4194304 4194304 5242880 5242880 6291456 6291456 7340032 7340032 8388608
4 8 0 1048576 1048576 2097152 2097152 3145728 3145728 4194304 4194304 5242880 5242880 6291456 6291456 7340032 7340032 8388608
5 46 0 1048576 1093632 1212416 1449984 1454080 1499136 1503232 1671168 1675264 1761280 1769472 1929216 1945600 2146304 2150400 2240512 2244608 2400256 2404352 2547712 2551808 2625536 2641920 2691072 2695168 2879488 2883584 3444736 3448832 3670016 3686400 3801088 3805184 4382720 4386816 4669440 4673536 4870144 4874240 4911104 5009408 5103616 5107712 5148672 5173248 5644288 5648384 5730304 5734400 5857280 5869568 6320128 6324224 6504448 6512640 6516736 6520832 6959104 6971392 7028736 7036928 7159808 7163904 7168000 7180288 7225344 7229440 7282688 7286784 7331840 7335936 7344128 7348224 7393280 7397376 7434240 7438336 7540736 7548928 7557120 7561216 7585792 7589888 7647232 7655424 7876608 7880704 7909888 7918080 8151040 8155136
6 15 438272 442368 630784 643072 909312 917504 974848 978944 1003520 1007616 1048576 2097152 2097152 3145728 3145728 4194304 4194304 5242880 5242880 6291456 6291456 6709248 7495680 7499776 7667712 7684096 8224768 8228864 8323072 8388608
7 59 0 12288 69632 73728 172032 180224 327680 331776 536576 540672 634880 638976 688128 692224 757760 761856 1028096 1032192 1126400 1134592 1392640 1396736 1470464 1474560 1572864 1576960 1634304 1642496 1736704 1740800 2449408 2453504 2482176 2490368 2629632 2633728 2662400 2666496 2777088 2781184 2801664 2818048 2871296 2875392 2895872 2899968 3031040 3032064 3051520 3145728 3145728 3166208 3170816 3174912 3182592 3424256 3448832 3452928 3497984 3502080 3649536 3653632 3895296 3899392 4260352 4264448 4874240 4878336 4939776 4943872 5054464 5058560 5079040 5095424 5111808 5115904 5120000 5124096 5140480 5148672 5271552 5275648 5337088 5341184 5423104 5427200 5574656 5578752 5591040 5595136 5726208 5730304 5812224 5943296 6029312 6033408 6766592 6774784 6787584 6791680 6897664 6901760 6914048 6918144 7163904 7168000 7327744 7331840 7475200 7483392 7606272 7610368 7618560 7622656 7749632 7892992 7995392 7999488
8 66 0 4096 32768 49152 77824 81920 106496 114688 335872 344064 364544 380928 614400 622592 626688 1048576 1048576 2097152 2097152 3145728 3145728 4194304 4194304 5206528 5591040 5599232 5681152 5689344 5722112 5726208 5730816 5739008 5771264 5775360 5783552 5791744 6168576 6172672 6201344 6205440 6242304 6246400 6615040 6627328 6672384 6680576 6733824 6746112 6819840 6823936 6844416 6848512 6860800 6864896 7045120 7049216 7057408 7061504 7110656 7122944 7143424 7168000 7200768 7204864 7254016 7258112 7290880 7323648 7340032 7344128 7380992 7385088 7413760 7417856 7430144 7438336 7454720 7458816 7487488 7536640 7548928 7569408 7581696 7585792 7598080 7602176 7614464 7618560 7630848 7634944 7639040 7643136 7659520 7663616 7675904 7680000 7692288 7696384 7708672 7712768 7725056 7729152 7749632 7753728 7757824 7761920 7782400 7786496 7815168 7847936 7856128 7864320 7970816 7979008 8060928 8065024 8097792 8101888 8118272 8122368 8126464 8130560 8159232 8192000 8241152 8245248 8323072 8331264 8355840 8372224 8376320 8380416
9 110 12288 16384 32768 65536 90112 94208 143360 147456 192512 212992 213504 217600 229376 245760 262144 266240 282624 286720 311808 315904 324096 328192 336384 340480 376832 410112 532480 536576 540672 557056 565760 569856 593920 602112 606720 610816 623104 627200 630784 634880 651776 655872 659456 663552 684032 688128 709120 713216 729088 733184 750080 754176 766464 770560 802816 835584 856576 860672 864256 868352 913920 918016 921600 925696 930304 934400 937984 946688 974848 978944 1008128 1012224 1015808 1048576 1052672 1056768 1065472 1069568 1081344 1097728 1126912 1131008 1183744 1187840 1200128 1204736 1221120 1225216 1233408 1237504 1380864 1384960 1425408 1445888 1479168 1620992 1687552 1703936 1744896 1748992 1875968 1880064 2064384 2097152 2228224 2232320 2314240 2359296 2371584 2375680 2506752 2510848 2531840 2555904 2629632 2633728 2646016 2650112 2686976 2719744 2875392 2879488 2887680 2891776 2932736 2949120 2965504 2981888 3325952 3358720 3440640 3457024 3489792 3506176 3579904 3584000 3645440 3665920 3702784 3719168 3801088 3805184 3981312 3997696 4063232 4083712 4165632 4177920 4206592 4210688 4251648 4255744 4308992 4325376 4423680 4440064 4444160 4452352 4456448 4460544 4489216 4505600 4964352 4997120 5025792 5029888 5046272 5079040 5107712 5111808 5341184 5373952 5382144 5386240 5456384 5460480 5558272 5570560 5640192 5641216 5734400 5767168 6049792 6057984 6123520 6127616 6160384 6193152 6271488 6275584 6344704 6348800 6410240 6414336 6438912 6455296 6492160 6504448 6586368 6619136 6799360 6832128 7282688 7307264 7348224 7352320 7409664 7421952 7659520 7663616 7716864 7733248 7864320 7880704 7946240 7962624 8024576 8090624 8192000 8200192
10 83 0 4096 32768 36864 131072 135168 229376 294912 385024 389120 438272 442368 458752 475136 712704 717312 827392 835584 1048576 1064960 1196032 1200128 1212416 1245184 1269760 1273856 1294336 1327104 1425408 1458176 1499136 1527808 1576960 1581056 1617920 1622016 1630208 1634304 1654784 1691648 1736704 1740800 1789952 1794048 1802240 1835008 1839104 1843200 1888256 1892352 1941504 1945600 1949696 1953792 1990656 1994752 2031616 2064384 2080768 2097152 2113536 2129920 2150400 2154496 2386944 2387968 2404352 2408448 2433024 2437120 2445312 2446336 2523136 2555904 2650112 2654208 2768896 2801664 2985984 2990080 3063808 3080192 3084288 3088384 3190784 3211264 3346432 3350528 3555328 3588096 3719168 3723264 3751936 3768320 3981312 4194304 4194304 5242880 5242880 5771776 6025216 6029312 6086656 6090752 6115328 6119424 6127616 6131712 6144000 6176768 6225920 6258688 6287360 6291456 6291456 6295552 6324224 6340608 6438912 6447104 6545408 6549504 6586368 6590464 6610944 6615040 6639616 6643712 6651904 6668288 6692864 6705152 6791168 6815744 6918144 6930432 7061504 7094272 7110656 7143424 7290880 7323648 7467008 7499776 7524352 7528448 7540736 7544832 7639040 7643136 7671808 7675904 7917568 7925760 7933952 7938048 7946240 7950336 7958528 7966720 7979008 7983104 8007680 8011776 8314880 8318976
11 94 229376 299008 311296 315392 458752 462848 491520 524288 647168 651264 671744 704512 786432 819200 966656 999424 1138688 1142784 1146880 1171456 1327104 1359872 1515520 1519616 1720320 1753088 1765376 1769472 1851392 1884160 1998848 2002944 2015232 2048000 2121728 2125824 2138112 2146304 2150400 2154496 2191360 2195456 2211840 2228224 2355200 2359296 2641920 2646016 2686976 2703360 2818048 2850816 2928640 2932736 2949120 2965504 3215360 3219456 3223552 3227648 3317760 3321856 3362816 3366912 3461120 3485696 3604480 3612672 3674112 3678208 3710976 3715072 3788800 3792896 3829760 3833856 3915776 3948544 3981312 4014080 4161536 4165632 4177920 4182016 4530176 4534272 4653056 4669440 4784128 4788224 4846080 4854272 4866048 4898816 5009408 5021696 5193728 5226496 5242880 5275648 5419008 5423104 5439488 5443584 5459968 5476352 5550080 5574656 5611520 5615616 5722112 5726208 5746688 5750784 5767168 5771264 5804032 5828608 5857280 5861376 5873664 5877760 5914624 5931008 6025216 6033408 6037504 6045696 6090752 6094848 6103040 6107136 6230016 6234112 6270976 6279168 6307840 6324224 6451200 6455296 6963200 6975488 7000064 7004160 7073792 7077888 7278592 7282688 7307264 7340032 7446528 7450624 7487488 7491584 7495680 7499776 7507968 7532544 7536640 7553024 7569408 7573504 7585792 7589888 7667712 7684096 7729152 7733248 7737344 7741440 7794688 7798784 7802880 7806976 7856128 7860224 7925760 7929856 8036352 8040448 8048640 8052736 8101888 8105984 8237056 8245248 8269824 8388608
12 34 0 1048576 1048576 1658880 1794048 1798144 1961984 1970176 1994752 1998848 2142208 2146304 2215936 2220032 2228224 2232320 2670592 2674688 2797568 2801664 2834432 2850816 2904064 2908160 2940928 2945024 3055616 3059712 3293184 3309568 3670016 3702784 3735552 3768320 4177920 4194304 4932096 4940288 4997120 5005312 5095424 5111808 5124096 5128192 5156864 5160960 5189632 5193728 5201920 5206016 5410816 5414912 6111232 6127616 6377472 6381568 6713344 6725632 7073792 7077888 7335936 7340032 8032256 8044544 8302592 8306688 8368128 8372224
13 32 0 4096 32768 36864 45056 49152 184320 188416 458752 475136 503808 507904 532480 544768 561152 565248 626688 700416 884736 995328 1007616 1011712 1310720 1318912 1486848 1490944 1507328 1511424 1523712 1527808 1929216 2097152 2097152 3145728 3145728 3170304 3182592 3186688 3493888 3497984 3526656 3530752 3878912 3883008 3989504 3993600 4009984 4014080 4091904 4194304 4194304 5242880 5242880 6291456 6291456 7159808 7479296 7512064 7737344 7741440 8200192 8212480 8376320 8380416
14 73 118784 126976 1015808 1032192 1081344 1089536 1105920 1110016 1396736 1400832 1404928 1409024 1605632 1609728 1712128 1728512 2031616 2043904 2056192 2060288 2134016 2138112 2191360 2195456 2236416 2240512 2318336 2334720 2441216 2445312 2523136 2539520 2555904 2564096 2965504 2973696 2990080 2994176 3018752 3022848 3026944 3031040 3104768 3108864 3526656 3530752 3575808 3579904 3624960 3633152 3637248 3649536 3948544 3956736 4202496 4206592 4239360 4243456 4313088 4317184 4354048 4358144 4505600 4509696 4550656 4554752 4648960 4661248 4743168 4747264 4812800 4816896 4968448 4972544 5120000 5124096 5287936 5292032 5300224 5304320 5324800 5328896 5357568 5361664 5410816 5414912 5509120 5513216 5525504 5529600 5627904 5632000 5636096 5644288 5738496 5742592 5750784 5754880 5857280 5861376 5881856 5885952 5894144 5898240 6053888 6057984 6205440 6209536 6242304 6246400 6348800 6352896 6406144 6410240 6664192 6668288 6696960 6705152 6713344 6717440 6803456 6807552 6893568 6901760 6983680 6987776 7118848 7122944 7213056 7217152 7258112 7262208 7331840 7335936 7438336 7516160 7573504 7577600 7712768 8138752 8167424 8171520 8179712 8183808 8339456 8343552
15 41 12288 16384 159744 163840 225280 229376 233472 237568 274432 294912 393216 397312 704512 708608 806912 811008 872448 876544 880640 1048576 1048576 1523712 1904640 1912832 2068480 2080768 2088960 2093056 2134016 2162688 2244608 2260992 2478080 2490368 4136960 4141056 4329472 4333568 4431872 4468736 4518912 4523008 4989952 5030912 5066752 5074944 5312512 5324800 5595136 5685248 5804032 5805056 6365184 6369280 6488064 6492160 6619136 6623232 7000576 7004672 7020544 7028736 7139328 7147520 7340032 7344128 7356416 7360512 7372800 7376896 7393280 7397376 7409664 7413760 7426048 7430144 7442432 7446528 7458816 7462912 8052736 8056832
16 75 0 4096 65536 73728 77824 81920 180224 184320 425984 430080 634880 638976 868352 872448 1052672 1105920 1114112 1118208 1122304 1126400 1179648 1183744 1196032 1200128 1204224 1216512 1220608 1228800 1236992 1241088 1290240 1294336 1540096 1544192 1552384 1556480 1732608 1736704 1753088 1757184 1814528 1818624 1904640 1921024 2007040 2011136 2052096 2056192 2117632 2121728 2170880 2174976 2392064 2396160 2424832 2428928 2445312 2449408 2473984 2475008 2576384 2580480 2646016 2650112 2662400 2666496 2670592 2682880 2699264 2703360 2854912 2859008 2990080 2994176 3026944 3035136 3088384 3104768 3170304 3178496 3186688 3198976 3203072 3211264 3223552 3227648 3235840 3239936 3244032 3272704 3399680 3403776 3407872 3411968 3477504 3497984 3616768 3629056 3747840 3751936 3756032 3760128 4337664 4341760 4407296 4423680 4685824 4702208 4775936 4784128 4825600 4833792 4861952 4866048 5074944 5079040 5394432 5398528 5521408 5603328 5672960 5677056 5767168 5832704 5840896 5844992 5910528 5914624 5955584 5959680 5971968 5980160 6029312 6033408 6037504 6041600 6148096 6156288 6746112 6750208 6905856 6909952 7000064 7004160 7061504 7065600 7073792 7077888 7913472 7914496
17 61 86016 90112 233472 234496 475136 491520 638976 643072 647168 648192 667648 688128 1085440 1089536 1105920 1110016 1122304 1126400 1138688 1142784 1155072 1159168 1171456 1175552 1183744 1187840 1232896 1245184 1331200 1335296 1384448 1388544 1654784 1675264 1732608 1736704 1802240 1806336 1822720 1826816 1957888 1966080 1978368 1982464 2015232 2019328 2551808 2555904 2560000 2564096 2732032 2736128 2883584 2887680 3084288 3088384 3100672 3101696 3289088 3293184 3342336 3346432 3727360 3731456 3829760 3833856 3854336 3858432 4018176 4022272 4202496 4206592 4243456 4247552 4300800 4304896 4325888 4329984 4358144 4359168 4415488 4419584 4513792 4517888 4579328 4583424 4612096 4616192 4677632 4681728 4714496 4722688 5533696 6291456 6291456 6303744 6414336 6488064 6578176 6582272 6676480 6680576 6926336 6946816 6959104 6963200 7001600 7021056 7200768 7204864 7303168 7307264 7340032 7344128 7364608 7368704 7536640 7544832 7954432 7958528 8101888 8105984
18 16 65536 69632 81920 86016 135168 147456 204800 212992 409600 507904 712704 716800 786432 798720 806912 811008 905216 1048576 1048576 2097152 2097152 3145728 3145728 4194304 4194304 5242880 5242880 6291456 6291456 7340032 7340032 8388608
19 20 0 1048576 1048576 2097152 2097152 3145728 3145728 4194304 4194304 5050368 5062656 5066752 5218304 5222400 5361664 5365760 5619712 5623808 5627904 5632000 5693440 5697536 5738496 5742592 5750784 5754880 5980160 5981184 6057984 6062080 6078976 6087168 6197248 6201344 6500352 6504448 6635520 7340032 7340032 8388608
20 38 0 1048576 1048576 2097152 2097152 3145728 3145728 3461120 3518464 3522560 3604480 3612672 3641344 3645440 3833856 3837952 3936256 3940352 4124672 4128768 4182016 4194304 4194304 4345856 4395008 4399104 4505600 4517888 4857856 5083136 5182464 5223424 5230592 5234688 5312512 5316608 5357568 5361664 5369856 5373952 5787648 5791744 6242304 6246400 6279168 6287360 6324224 6328320 6418432 6426624 6676480 6680576 6860800 6877184 6909952 6914048 7036928 7037952 7118848 7340032 7340032 7368704 7528448 7532544 7598080 7602176 7704576 7708672 7827456 7831552 7847936 7852032 7888896 7892992 8134656 8151040
21 41 65536 69632 118784 122880 249856 253952 573440 700416 782336 786432 929792 937984 983040 999424 1052672 1060864 1196032 1302528 1851392 1867776 2187264 2195456 2277376 2293760 2372096 2380288 2383872 2392064 2785280 2818048 2985984 2990080 3379200 3383296 3653632 3670016 4022272 4145152 4222976 4239360 4530176 4534272 4632576 4636672 4837376 4841472 5005312 5009408 5066752 5074944 5107712 5136384 5222400 5226496 5238784 5242880 5242880 5246976 5287936 5324800 5406720 5410816 5488640 5828608 5886976 5891072 5963776 5967872 6029312 6287360 6553600 6569984 7152640 7197696 7299072 7303168 7323648 7327744 8015872 8017920 8167424 8175616
22 52 544768 569344 593920 598016 626688 630784 892928 897024 1015808 1019904 1048576 1052672 1056768 1077248 1159168 1163264 1167360 1171456 1228800 1544192 1560576 1675264 1691648 2097152 2097152 2215936 2220032 2232320 2236416 2240512 2244608 2248704 2449408 2478080 2768896 2772992 2834432 2835456 2932736 2953216 3141632 3145728 3244032 3260416 3452928 3457024 3825664 3826688 3907584 3911680 4345856 4346880 4358144 4370432 4382720 4390912 4497408 4501504 4579328 4792320 4808704 5054464 5070848 5185536 5201920 5242880 5242880 5316608 5332992 5431296 5685248 5686272 5980160 5981184 6144000 6145024 6406144 6410240 6623232 6624256 6660096 6661120 6692864 6693888 6754304 6795264 7032832 7036928 7073792 7077888 7139328 7168000 7188480 7192576 7729152 7733248 7880704 7897088 7901184 7917568 8155136 8167424 8273920 8286208
23 26 364544 368640 573440 577536 790528 794624 851968 868352 1716224 1724416 1732608 1736704 1744896 1748992 2248704 2252800 2527232 2568192 2588672 2592768 2686976 2703360 3092480 3108864 3522560 3526656 4034560 4038656 4415488 4431872 4538368 4579328 4878336 4882432 5177344 5193728 5640192 5677056 6782976 6787072 6836224 6840320 7032832 7036928 7348224 7356416 7585792 7589888 7761920 7770112 8192000 8196096
24 49 122880 126976 413696 417792 630784 634880 647680 651776 933888 1048576 1048576 1175552 1204224 1208320 1318912 1335296 1425408 1429504 1445888 1482752 1753088 1761280 1765376 1773568 2043904 2072576 2125824 2129920 2183168 2228224 2306048 2310144 2654208 2658304 2842624 2846720 3092480 3096576 3117056 3121152 3129344 3133440 3346432 3350528 3493888 3497984 3633152 3637248 3878912 3883008 3952640 3969024 4542464 4546560 4939776 4952064 4972544 4976640 4997120 5001216 5038592 5042688 5300224 5304320 5455872 5459968 5505024 5513216 6008832 6025216 6184960 6193152 6410240 6414336 6418432 6430720 6774784 6778880 6885376 6942720 7008256 7016448 7122944 7127040 7294976 7299072 7340032 7356416 7413760 7421952 7446528 7454720 7479296 7487488 7761920 7766016 8216576 8220672
25 29 180224 196608 262144 266240 282624 286720 737280 741376 1048576 1130496 1134592 1138688 1744896 1748992 2088960 2097152 2097152 2248704 2531328 2535424 2641920 2646016 3059712 3076096 3104768 3105280 3145728 3149824 3207168 3215360 3297280 3301376 3403776 3526656 3985408 4009984 4780544 4788736 4878336 4882432 5046272 5054464 5246976 5248000 5414912 5419008 5820416 5824512 5906432 5926912 6361088 6369280 6758400 6762496 7016448 7020544 7839744 7843840
26 24 57344 61440 688128 692224 1454080 1458176 1560576 1564672 1949696 1982464 2129920 2146304 2572288 2576384 3162112 3166208 3620864 3637248 3895296 3899392 3919872 3923968 4251648 4255744 4542464 4567040 4833280 4841472 4911104 4931584 5140480 5156864 5201920 5210112 5242880 5246976 6427136 6435328 6979584 6983680 7073792 7077888 7335936 7340032 7946240 7954432 8060928 8077312
27 24 65536 81920 204800 209408 385024 393216 737280 745472 1048576 1052672 1064960 1069056 1101824 1118208 1253376 1257472 2314240 2318336 2789376 2793472 3096576 3145728 3145728 4194304 4194304 4292608 4382720 4386816 4591616 4603904 5132288 5156864 5160960 5165056 5304320 5308416 5450240 6291456 6291456 7000576 7127040 7131136 7225344 7229440 7802880 7811072 7876608 7880704
28 113 49152 53248 626688 630784 778240 782336 1052672 1060864 1064960 1081344 1085440 1114112 1126400 1142784 1146880 1150976 1179648 1183744 1269760 1273856 1294336 1302528 1449984 1454080 1495040 1499136 1503232 1507328 1646592 1650688 1654784 1662976 1822720 1826816 1912832 1925120 1957888 1961984 2015232 2019328 2035712 2039808 2224128 2228224 2269184 2273280 2277376 2281472 2326528 2330624 2469888 2473984 2486272 2494464 2564096 2568192 2576384 2580480 2617344 2621440 2691072 2695168 2723840 2727936 2940928 2949120 3145728 3149824 3235840 3239936 3244032 3248128 3276800 3280896 3293184 3301376 3317760 3321856 3342336 3346432 3354624 3358720 3366912 3375104 3391488 3399680 3416064 3420160 3518464 3526656 3534848 3538944 3555328 3559424 3563520 3567616 3575808 3584000 3604480 3608576 3612672 3616768 3637248 3641344 3694592 3698688 3702784 3706880 3719168 3723264 3756032 3760128 3784704 3792896 3796992 3801088 3870720 3878912 3915776 3923968 3973120 3977216 3985408 3989504 4050944 4055040 4067328 4071424 4190208 4194304 4292608 4313088 4431872 4435968 4513792 4517888 4550656 4554752 4558848 4562944 4567040 4571136 4575232 4579328 4620288 4624384 4653056 4657152 4669440 4673536 4685824 4694016 4698112 4702208 4706304 4710400 4771840 4775936 4849664 4853760 4874240 4878336 5107712 5111808 5120000 5124096 5136384 5140480 5169152 5173248 5320704 5328896 5390336 5394432 5459968 5464064 5656576 5664768 5783552 5791744 5857280 5861376 5984256 5988352 6008832 6017024 6021120 6045696 6144000 6160384 6172672 6180864 6184960 6193152 6209536 6217728 6221824 6225920 6307840 6311936 6324224 6328320 6356992 6361088 6365184 6369280 6402048 6422528 6434816 6443008 7069696 7077888 7327744 7331840 7417856 7430144 7720960 7725056 7741440 7757824 7888896 7892992 8159232 8175616 8212480 8214016
29 97 110592 241664 352256 356352 393216 405504 532480 536576 569344 573440 638976 643072 974848 978944 1019904 1024000 1110016 1118208 1179648 1183744 1191936 1196032 1306624 1310720 1343488 1355776 1363968 1396736 1429504 1433600 1441792 1445888 1449984 1454080 1499136 1507328 1515520 1519616 1830912 1835008 1863680 1867776 1916928 1933312 2072576 2076672 2080768 2084864 2142208 2146304 2150400 2154496 2170880 2174976 2359296 2625536 2629632 2633728 2646016 2650112 2674688 2678784 2707456 2711552 2736128 2740224 2768896 2785280 2805760 2809856 2883584 2891776 2904064 2908160 2940928 2945024 3006464 3026944 3145728 3149824 3260416 3284992 3297280 3301376 3313664 3317760 3346432 3350528 3465216 3469312 3506176 3510272 3538944 3547136 3600384 3604480 3768320 3776512 3801088 3805184 4063232 4067328 4272128 4276224 4292608 4300800 4333568 4337664 4349952 4354048 4362240 4366336 4395008 4399104 4464640 4468736 4562944 4571136 4579328 4583424 4591616 4595712 4632576 4636672 4644864 4653056 4907008 4911104 4960256 4968448 5251072 5267456 5283840 5300224 5369856 5373952 5410816 5414912 5427200 5431296 5447680 5464064 5480448 5496832 5545984 5550080 5636608 5644800 5672960 5677056 5951488 5955584 5967872 5980160 6475776 6479872 6541312 6549504 6909952 6918144 6938624 6946816 6983680 6995968 7033344 7041536 7094272 7102464 7311360 7315456 7364608 7368704 7413760 7417856 7467008 7471104 7516160 7520256 7569408 7573504 7634944 7819264 7892992 7897088 8122368 8130560 8187904 8192000 8237056 8241152 8286208 8294400 8339456 8343552
30 107 0 8192 24576 32768 53248 57344 65536 73728 102400 106496 122880 126976 151552 155648 200704 204800 499712 503808 507904 512000 516096 520192 598016 602112 606208 614400 647168 667648 696320 700416 819200 823296 913408 917504 1093632 1097728 1118208 1122304 1126400 1138688 1142784 1146880 1282048 1286144 1298432 1302528 1323008 1327104 1372160 1552384 1605632 1609728 1695744 1699840 1716224 1720320 1798144 1802240 1949696 1953792 2007040 2011136 2084864 2088960 2150400 2154496 2314240 2318336 2322432 2326528 2342912 2347008 2510848 2519040 2576384 2580480 2736128 2740224 2768896 2772992 2826240 2830336 2973696 2977792 3035136 3047424 3137536 3145728 3170304 3174400 3223552 3227648 3235840 3239936 3362816 3379200 3403776 3407872 3649536 3653632 3661824 3665920 3670016 3674112 3678208 3682304 3751936 3756032 3788800 3792896 3813376 3817472 3866624 3870720 3878912 3883008 3928064 3932160 3981312 3985408 4030464 4034560 4149248 4157440 4186112 4190208 4214784 4218880 4296704 4300800 4374528 4378624 4386816 4399104 4476928 4481024 4530176 4534272 4554752 4562944 4608000 4612096 4624384 4628480 4640768 4644864 4677632 4681728 4780032 4800512 4935680 4943872 5009408 5050368 5111808 5120000 5214208 5218304 5296128 5300224 5365760 5373952 5496832 5500928 5529600 5533696 5890048 5894144 5914624 5918720 5935104 5939200 5984256 5988352 5996544 6000640 6148096 6152192 6230016 6234112 6397952 6402048 6438912 6443008 6709248 6722560 6787072 6791168 6873088 7073792 7082496 7094272 7241728 7282688 7348224 7352320 7372800 7376896 7544832 7548928 7757824 7761920 7802880 7806976 7933952 7938048 8032256 8036352 8216576 8224768 8273920 8278016 8294400 8310784
31 35 110592 118784 135168 139264 389120 393216 634880 647168 921600 925696 1024000 1028096 1064960 1077248 1142784 1183744 1191936 1196032 1204224 1257472 1404928 1409024 1458176 1470464 1675264 1679360 2084864 2088960 2097152 2113536 2396160 2400256 2457600 2490368 3706880 3723264 3801088 3805184 4071424 4075520 4128768 4194304 4194304 4452352 4522496 4530688 4632576 4636672 4829184 4853760 5259264 6291456 6291456 6705152 6852608 6856704 6991872 7004160 7012352 7016448 7020544 7024640 7131136 7155712 7196672 7200768 7589888 7598080 7680000 7684096
32 56 901120 905216 921600 937984 1101824 1105920 1110016 1114112 1142784 1146880 1269760 1270784 1327104 1331200 1372160 1376256 1396736 1397760 1409024 1410048 1556480 1560576 1605632 1638400 1691648 1695744 1699840 1703936 1814528 1818624 1822720 1826816 1867776 1871872 1961984 1966080 1998848 2002944 2007040 2015232 2048000 2052096 2170880 2174976 2277376 2285568 2363392 2367488 2813952 2818048 2822144 2826240 2912256 2924544 2961408 2969600 3039232 3047424 3072000 3076096 3137536 3141632 3252224 3256320 3518464 3567616 3612672 3616768 3735552 3743744 3887104 3891200 3948544 3964928 4161536 4169728 4313088 4317184 4526080 4530176 4599808 4698112 4706304 4710400 4984832 4993024 4997120 5001216 5177344 5181440 5206016 5210112 5234688 5238784 5292032 5296128 5591040 5595136 5713920 5726208 5750784 5754880 6021120 6025216 6086656 6090752 6189056 6201344 6291456 7340032 7340032 8388608
33 27 0 1048576 1048576 2097152 2818048 2830336 2924544 2936832 3059712 3076096 3153920 3158016 3452928 3457024 3506176 3600384 3617280 3625472 3784704 3788800 3932160 3936256 4116480 4132864 4153344 4157440 4173824 4177920 4214784 4218880 5230592 5238784 5476352 5480448 5709824 5722112 6242304 6254592 6295552 6307840 6942720 6959104 7180288 7184384 7266304 7307264 7340032 7344128 7847936 7856128 8290304 8310784 8318976 8323072
34 44 208896 212992 573440 581632 655360 659456 978944 983040 1032192 1044480 1376256 1380352 1413120 1417216 1495040 1499136 1740800 1744896 1830912 1835008 2285568 2289664 2428928 2433024 2461696 2465792 2740224 2744320 2842624 2854912 2908160 3145728 3145728 4022272 4227072 4231168 4284416 4288512 4300800 4304896 4640768 4661248 4722688 4734976 4837376 4841472 4972544 4980736 5009408 5017600 5255168 5259264 5287936 5292032 5586944 5591040 5816320 5820416 5857280 5935104 6385664 6389760 6463488 6467584 6492160 6635520 6766592 6782976 6881280 6885376 7200768 7204864 7213056 7217152 7237632 7245824 7249920 7254016 7266304 7270400 7541760 7930880 8044544 8060928 8110080 8114176 8228864 8232960
35 51 73728 77824 335872 339968 786432 798720 946176 954368 1040384 1044480 1282048 1359872 1372160 1380352 1511424 1527808 1556480 1568768 1978368 1982464 2101248 2105344 2277376 2281472 2326528 2330624 2404352 2408448 2457600 2461696 2535424 2539520 2560000 2564096 2736128 2740224 3125248 3129344 3145728 4194304 4194304 5242880 5775360 5787648 5865472 5881856 5890048 5894144 5914624 5926912 6021120 6074368 6098944 6111232 6189056 6217728 6242304 6291456 6291456 6467584 6549504 6553600 6664192 6668288 6742016 6746112 6766592 6770688 6836224 6840320 6852608 6856704 6946816 6950912 6987776 6991872 7012352 7016448 7110656 7131136 7143424 7176192 7180288 7184384 7225344 7229440 7323648 7340032 7340032 7356416 7389184 7405568 7487488 7503872 7532544 7536640 7598080 7602176 7761920 7766016 8355840 8388608
36 112 376832 393216 507904 524288 929792 933888 950272 983040 999424 1007616 1048576 1101824 1105920 1114112 1142784 1146880 1191936 1196032 1212416 1216512 1220608 1228800 1245184 1261568 1277952 1294336 1323008 1331200 1343488 1347584 1368064 1372160 1417216 1421312 1425408 1433600 1454080 1458176 1482752 1486848 1536000 1540096 1585152 1593344 1613824 1617920 1634304 1638400 1687552 1691648 1736704 1740800 1748992 1757184 1769472 1802240 1810432 1814528 2105344 2109440 2179072 2183168 2199552 2203648 2207744 2215936 2220032 2224128 2252800 2269184 2322432 2326528 2338816 2383872 2494464 2502656 2637824 2646016 2682880 2686976 2727936 2732032 2740224 2744320 2793472 2805760 2899968 2904064 2998272 3002368 3006464 3010560 3117056 3125248 3141632 3145728 3235840 3239936 3272704 3276800 3325952 3330048 3338240 3346432 3518464 3522560 3567616 3571712 3653632 3670016 3837952 3842048 3846144 3854336 3891200 3903488 3907584 3911680 3923968 3928064 3936256 3940352 3985408 3989504 4018176 4026368 4075520 4079616 4136960 4141056 4227072 4239360 4259840 4263936 4276224 4280320 4354048 4390912 4407296 4411392 4452352 5144576 5185536 5206016 5218304 5222400 5234688 5242880 5427200 5431296 5562368 5566464 5648384 5652480 5664768 5672960 5877760 5881856 5955584 5959680 5971968 5976064 5984256 5988352 5996544 6000640 6008832 6017024 6033408 6037504 6049792 6053888 6070272 6074368 6082560 6086656 6098944 6103040 6123520 6127616 6135808 6139904 6176768 6180864 6336512 6340608 6569984 6574080 6578176 6590464 6619136 6623232 6631424 6647808 6651904 6656000 6684672 6688768 6750208 6770688 6836224 6840320 6861312 6865408 7274496 7307264 7335936 7340032 7376896 7385088 7577600 7581184 7700480 7733248 7847936 7880704 7938048 7942144 7979008 7983104 8175616 8179712 8245248 8249344
37 67 90112 114688 131072 147456 229376 241664 303104 307200 364544 409600 421888 434176 581632 593920 688128 741376 753664 757760 765952 778240 1024000 1036288 1044480 1048576 1052672 1056768 1089536 1114112 1261568 1290240 1343488 1347584 1409024 1425408 1515520 1519616 1564672 1568768 1687552 1691648 1839104 1847296 1908736 1933312 2019328 2023424 2080768 2097152 2097152 3145728 3145728 4075520 4100096 4103680 4337664 4374528 4526080 5242880 5242880 5865472 5881856 5894144 5996544 6012928 6045696 6049792 6193152 6209536 6275072 6279168 6336512 6340608 6373376 6389760 6635520 6668288 6672384 6676480 6713344 6725632 6750208 6762496 6791168 6795264 6799360 6803456 6828032 6836224 6918144 6922240 6938624 6942720 7045120 7077888 7139328 7143424 7151616 7192576 7270400 7294976 7323648 7327744 7401472 7405568 7467008 7471104 7495680 7499776 7606272 7614464 7667712 7692288 7897088 7909376 7925760 7929856 7999488 8003584 8015872 8019968 8028160 8040448 8065024 8069120 8126464 8134656 8196096 8232960 8286208 8290304 8318976 8331264 8335360 8355840
38 72 61440 90112 131072 135168 204800 208896 372736 380928 425984 438272 585728 589824 835584 851968 999424 1007616 1032192 1048576 1089536 1093632 1216512 1220608 1302528 1314816 1441792 1445888 1564672 1568768 1589248 1605632 1671168 1687552 1724416 1728512 1781760 1785856 1839104 1843200 1871872 1875968 1884160 1916928 1929216 1933312 2109440 2138112 2265088 2269184 2568192 2572288 2617344 2633728 2637824 2670592 2867200 2883584 3031040 3035136 3137536 3145728 3194880 3211264 3215360 3219456 3309568 3313664 3404288 3416576 3665920 3670016 3952640 4018176 4030464 4034560 4128768 4132864 4177920 4182016 4190208 4194304 4194304 4198400 4247552 4251648 4386816 4440064 4521984 4526080 4538368 4542464 4837376 4841472 4915200 4931584 4935680 4943872 5054464 5066752 5070848 5074944 5144576 5160960 5201920 5206016 5210112 5214208 5242880 5267456 5369856 5373952 5402624 5406720 5685248 5701632 6365184 6381568 6393856 6397952 6438912 6471680 6537216 6541312 6594560 6635520 6914048 6930432 7139328 7143424 7241728 7274496 7397376 7401472 7417856 7421952 7491584 7495680 7516160 7520256 7589888 7593984 7643136 7647232 8372224 8388608
39 57 0 16384 118784 122880 208896 212992 262144 294912 557056 589824 753664 786432 991232 995328 1032192 1048576 1048576 1081344 1093632 1097728 1146880 1150976 1429504 1433600 1495040 1499136 1507328 1511424 1540096 1572864 1597440 1601536 1642496 1650688 1699840 1703936 1748992 1753088 1798144 1830912 1929216 1933312 2281472 2310144 2478080 2482176 2523136 2539520 3055616 3059712 3153920 3158016 3256320 3260416 3289088 3297280 3301376 3309568 3350528 3354624 3543040 3567616 3883008 3915776 4534784 4542976 4575232 4579328 4800512 4816896 4857856 4861952 5103616 5107712 5255168 5259264 5640192 5644288 5718016 5726208 5734400 5738496 5914624 5918720 5980160 5988352 5996544 6029312 6041600 6045696 6111232 6144000 6164480 6168576 6303744 6307840 6422528 6426624 6430720 6438912 6848512 6881280 6930432 6963200 7122944 7127040 7143424 7159808 7405568 7409664 7438336 7442432 7794688 8388608
40 98 0 135168 303104 1048576 1048576 2097152 2105344 2109440 2142208 2146304 2150400 2199552 2215936 2228224 2310144 2342912 2441216 2465792 2502656 2506752 2510848 2514944 2519040 2527232 2531328 2535424 2543616 2547712 2555904 2564096 2568192 2576384 2580480 2584576 2588672 2596864 2605056 2609152 2621440 2641920 2744320 2826240 2887680 2891776 2899968 2904064 2916352 2920448 2961408 2981888 2994176 3006464 3031040 3047424 3096576 3145728 3145728 3264512 3284992 3289088 3375104 3379200 3395584 3399680 3444736 3448832 3452928 3457024 3465216 3469312 3559424 3563520 3575808 3579904 3653632 3694592 3760128 3764224 3792896 3796992 3801088 3805184 3837952 3846144 3878912 3883008 3907584 3915776 3973120 3977216 4018176 4022272 4030464 4034560 4038656 4042752 4063232 4096000 4190208 4194304 4206592 4210688 4214784 4218880 4222976 4227072 4292608 4313600 4325376 4329472 4370432 4374528 4464640 4468736 4476928 4481024 4501504 4509696 4546560 4550656 4653056 4657152 4673536 4677632 4775936 4784128 4829184 4898816 4993024 4997120 5017600 5021696 5033984 5042176 5050368 5062656 5066752 5070848 5074944 5079040 5103616 5115904 5128192 5136384 5144576 5148672 5283840 5304320 5505024 5521408 5574656 5591040 5763072 5836800 5861376 5865472 5877760 5881856 5898240 5902336 5976064 5992448 6037504 6041600 6361088 6606848 6615040 6619136 6758400 6762496 6926336 6930432 6959104 7032832 7061504 7065600 7110656 7114752 7200768 7270400 7311360 7340032 7340032 7364608 7495680 7508480 7667712 7696384 7860224 7905280 7929856 7946240 8040448 8052736 8339456 8388608
41 48 0 1048576 1048576 1445888 1617920 1667072 1671168 1687552 1880064 1896448 2002944 2011136 2064384 2084864 2097152 2179072 2375680 2392064 2396160 2400256 2420736 2469888 2588672 2596864 2772992 2818048 2867200 2871296 2961408 2965504 3014656 3076096 3092480 3104768 3108864 3112960 3149824 3203584 3227648 3256320 3342336 3371008 3481600 3497984 3805184 3842048 3870720 3887104 3899392 3907584 4050944 4100096 4120576 4124672 4190208 4194304 4194304 4235264 4313088 4349952 4374528 4636672 4644864 4882432 5013504 5103616 5275648 5292032 5423104 5496832 5615616 5619712 5840896 5844992 5873664 5890048 6455296 6459392 6524928 6526464 6541312 6545408 6721536 7340032 7340032 7598080 7634944 7651328 7962624 7966720 8003584 8167424 8183808 8282112 8355840 8388608
42 68 114688 131072 196608 200704 557056 573440 610304 618496 663552 667648 827392 839680 958464 991232 1015808 1032192 1056768 1134592 1282048 1286144 1372160 1376256 1441792 1462272 1507328 1540096 1556992 1565184 1695744 1699840 1708032 1748992 1826816 1830912 1871872 1900544 1953792 2097152 2097152 2297856 2449408 2535424 2539520 2543616 2674688 2678784 2740224 2744320 2883584 2940928 2949120 2965504 3072000 3145728 3182592 3198976 3440640 3452928 3489792 3493888 3518464 3530752 3686400 3702784 3805184 3809280 3817472 3821568 3833856 4194304 4194304 4452352 4628480 4632576 4673536 4677632 4698112 4702208 4956160 4960256 5046272 5242880 5242880 5533696 5627904 5636096 5652480 5685248 5718016 5750784 5791744 6004736 6066176 6090752 6139904 6184960 6270976 6291456 6291456 6365184 6422528 6426624 6537216 6545408 6602752 6635520 6737920 6889472 6926336 6955008 6995968 7000064 7069696 7077888 7274496 7278592 7294976 7299072 7409664 7454720 7458816 7462912 7491584 7495680 7536640 7565312 7598080 7733248 7815168 7819264 7905280 7909376 8036352 8327168 8359936 8364032
43 184 356352 360448 368640 552960 606208 607232 643072 651264 671744 688128 749568 753664 766464 774656 843776 860160 925696 942080 991232 1011712 1032192 1036288 1048576 1052672 1060864 1069056 1093632 1118208 1122304 1126400 1150976 1163264 1196032 1200128 1212416 1216512 1236992 1298432 1306624 1310720 1318912 1323008 1372160 1376256 1396736 1404928 1417216 1421312 1437696 1445888 1454080 1458176 1470464 1474560 1482752 1544192 1548288 1552384 1560576 1564672 1589248 1593344 1597440 1601536 1613824 1650688 1691648 1695744 1740800 1744896 1748992 1753088 1757184 1765376 1789952 1794048 1798144 1802240 1818624 1835008 1851392 1855488 1859584 1863680 1888256 1896448 1921024 1925120 1929216 1949696 1957888 1961984 1966080 1974272 1982464 2015232 2027520 2039808 2043904 2048000 2060288 2064384 2076672 2080768 2088960 2093056 2117632 2121728 2146304 2150400 2162688 2166784 2179072 2211840 2220032 2269184 2277376 2281472 2289664 2449408 2478080 2482176 2486272 2490368 2498560 2502656 2523136 2596864 2605056 2609152 2621440 2625536 2637824 2674688 2678784 2682880 2736128 2740224 2748416 2752512 2768896 2777088 2781184 2785280 2818048 2838528 2842624 2850816 2867200 2871296 2891776 2895872 2899968 2916352 2957312 2961408 2965504 2973696 2981888 2998272 3010560 3014656 3043328 3047424 3076096 3084288 3092480 3096576 3112960 3133440 3153920 3158016 3166208 3170304 3174400 3207168 3211264 3219456 3223552 3227648 3231744 3235840 3239936 3252224 3256320 3260416 3284992 3289088 3297280 3309568 3321856 3342336 3407872 3416064 3448832 3452928 3461120 3465216 3493888 3497984 3530752 3543040 3555328 3559424 3563520 3579904 3608576 3612672 3616768 3620864 3629056 3633152 3645440 3649536 3674112 3678208 3686400 3702784 3706880 3719168 3751936 3756032 3772416 3801088 3805184 3809280 3817472 3821568 3842048 3850240 3866624 3870720 3874816 3883008 3887104 3891200 3923968 3952640 3956736 4009984 4026368 4030464 4038656 4042752 4050944 4055040 4059136 4067328 4079616 4194304 4194304 4259840 4263936 4268032 4288512 4333568 4337664 4341760 4358144 4362240 4395008 4399104 4407296 4468736 4485120 4489216 4505600 4509696 4542464 4546560 4558848 4562944 4567040 4571136 4575232 4579328 4583424 4587520 4595712 4599808 4603904 4608000 4620288 4640768 4644864 4648960 4661248 4665344 4669440 4673536 4751360 4759552 4775936 4788224 4796416 4800512 4853760 4857856 4911104 4915200 4939776 4976640 4993024 5025792 5029888 5033984 5042176 5043712 5144576 5160960 5218304 5222400 5308416 5324800 5337088 5349376 5555200 5686272 5853184 5890048 6049792 6107136 6258688 6283264 6340608 6389760 6426624 6492160 6684672 6688768 6713344 6766592 6909952 7143424 7307264 7327744 7401472 7426048 7639040 7655424 7688192 7708672 7749632 7766016 7770112 7774208 7806976 7852032 8114176 8122368 8142848 8146944 8151040 8155136 8159232 8163328 8175616 8208384 8241152 8257536 8310784 8314880 8318976 8323072 8327168 8331264 8384512 8388608
44 80 0 12288 20480 24576 147456 180224 258048 262144 278528 487424 496128 504320 569344 589824 765952 770048 884736 917504 925696 933888 946176 950272 954368 1048576 1048576 1089536 1093632 1097728 1114112 1118208 1138688 1142784 1163264 1216512 1294336 1388544 1404928 1409024 1449984 1717248 1736704 1740800 1761280 1777664 1855488 1859584 1871872 1949696 1990656 2027520 2084864 2088960 2105344 2109440 2183168 2187264 2207744 2224128 2320896 2382336 2428928 2433024 2605056 2621440 2908160 3088384 3252224 3321856 3424256 3432448 3440640 3473408 3489792 3534848 3555328 3571712 3588096 3690496 3801088 3850240 3866624 3899392 3977216 4026368 4067328 4194304 4194304 4231168 4247552 4251648 4292608 4308992 4370432 4374528 4378624 4386816 4390912 4395008 4407296 4411392 4464640 4481024 4493312 4497408 4501504 4521984 4710400 4718592 4755456 4759552 4886528 4935680 4952064 4956160 4968448 4972544 5021696 5242880 5242880 5480448 5500928 5505024 5545984 5550080 5849088 5873664 5894144 5910528 5935104 5955584 6066176 6082560 6176768 6209536 6238208 6258688 6275072 6283264 6324224 6356992 6381568 6397952 6500352 6569984 6594560 7340032 7340032 7475200 7536640 7540736 7577600 7761920 7835648 7970816 7979008 7983104 8105984 8163328 8339456 8355840
45 58 0 4096 32768 36864 221184 241664 421888 446464 569344 573440 602112 606208 627200 635392 733184 737280 770048 802816 815104 876544 950272 954368 978944 987136 1142784 1175552 1196032 1200128 1298432 1454080 1495040 1499136 1507328 1540096 1548288 1601536 1720320 1724416 1748992 1908736 1982464 1986560 2023424 2027520 2097152 2101248 2334720 2338816 2555904 2588672 2928640 3100672 3309568 3313664 3330048 3334144 3452928 3461120 3481600 3485696 3567616 4194304 4194304 5128192 5214208 5218304 5410816 5419008 5529600 5591040 5603328 5607424 5623808 5836800 5844992 6029312 6066176 6070272 6082560 6086656 6098944 6103040 6242304 6246400 6258688 6291456 6291456 6299648 6307840 6369280 6422528 6574080 6742016 6746112 6758400 6762496 6811648 6828032 6946816 6950912 6967296 7053312 7077888 7081984 7086080 7098368 7294976 7311360 7487488 7503872 7520256 7536640 7888896 7892992 8241152 8388608
46 24 0 8192 159744 176128 200704 204800 356352 360448 532480 536576 868352 872448 946176 1048576 1048576 1118208 1146880 2097152 2097152 2789376 2871296 2875392 3272704 3440640 3473408 3489792 3551232 3559424 3563520 3566080 3661824 3764224 3805184 4194304 4194304 5242880 5242880 6291456 6291456 7340032 7340032 7700480 7745536 8015872 8032256 8036352 8130560 8134656
47 34 155648 225280 360448 376832 380928 385024 626688 733184 1015808 1048576 1048576 1093632 1171456 1175552 1208320 1556480 1720320 1724416 1761280 1789952 1957888 1978368 2199552 2203648 2281472 2306048 2314240 2437120 2543616 2703360 3108864 3129344 3137536 3141632 3174400 3178496 3543040 3547136 3665920 3670016 3723264 3739648 3862528 4009984 4251648 4272128 4329472 4452352 4583424 4587520 4816896 4820992 4841472 4845568 4878336 4882432 4943872 4947968 4997120 5032448 5079040 5083136 5353472 6291456 6291456 7340032 7340032 8388608
48 23 0 1048576 1048576 1982464 2019328 2043904 2064384 2084864 2101248 2105344 2113536 2154496 2400256 2404352 2428928 2433024 2519040 2523136 2613248 2629632 2756608 2760704 2764800 2768896 3309568 4194304 4194304 5242880 5242880 5476352 5525504 5529600 5779456 5902336 5980160 5984256 6340608 6438912 6807552 6881280 7274496 7340032 7340032 7565312 7643136 8388608
49 14 0 139264 184320 405504 430080 446464 573440 577536 638976 684032 827392 851968 1044480 1048576 1048576 2097152 2097152 3145728 3145728 4194304 4194304 5242880 5242880 6291456 6291456 7340032 7340032 8388608
50 41 0 356352 458752 471040 851968 1048576 1048576 1376256 1441792 1712128 1896448 1900544 1908736 2015232 2478080 2482176 2609152 2838528 2879488 3145728 3145728 3309568 3436544 3440640 3518464 3522560 3575808 3579904 3633152 3637248 3760128 3792896 3846144 3850240 4030464 4034560 4128768 4145152 4349952 4354048 4497408 4526080 4575232 4579328 4874240 4878336 5025792 5029888 5087232 5242880 5242880 5267456 5296128 5300224 5332992 5361664 5451776 5472256 5521408 5746688 5844992 5849088 5971968 6279168 6291456 6307840 6348800 6533120 6705152 6815744 6909952 6914048 6934528 7139328 7229440 7266304 7270400 7286784 7856128 7897088 8187904 8204288
51 24 278528 307200 344064 385024 540672 544768 626688 667648 696320 700416 860160 1003520 1044480 1048576 1048576 2097152 2097152 3145728 3145728 4194304 4194304 5242880 5242880 6225920 6451200 6483968 6529024 6545408 6676480 6692864 6696960 6701056 7122944 7340032 7340032 7720960 7856128 7864320 7966720 7970816 7999488 8003584 8065024 8077312 8081408 8085504 8208384 8253440
52 55 0 4096 159744 172032 335872 339968 659456 692224 774144 897024 958464 1015808 1036288 1040384 1052672 1056768 1064960 1069056 1085440 1089536 1093632 1097728 1101824 1114112 1126400 1146880 1155072 1159168 1175552 1179648 1191936 1196032 1200128 1204224 1208320 1212416 1232896 1236992 1245184 1249280 1273856 1282048 1286144 1290240 1347584 1355776 1368064 1372160 1425408 2097152 2097152 3145728 3145728 3170304 3235840 3239936 3244032 3260416 3407872 3411968 3420160 3424256 3596288 3604480 3723264 3727360 3764224 3850240 4005888 4009984 4030464 4034560 4190208 4194304 4211200 4219392 4251648 4255744 4362240 4366336 4382720 4399104 4440064 4444160 4468736 4472832 4513792 4517888 4521984 4526080 4571136 4808704 4816896 4820992 4849664 4890624 4952064 4956160 5083136 5091328 5169152 5173248 5242880 6291456 6291456 7340032 7340032 8368128 8384512 8388608
53 35 0 4096 77824 81920 110592 114688 270336 286720 729088 733184 737280 749568 884736 892928 901120 917504 987136 991232 1097728 1171456 1400832 1404928 1519616 1545216 1646592 1695744 1703936 1708032 1744896 1761280 1851392 2056192 2088960 2097152 2097152 2105344 2207744 2244608 2535424 2551808 2670592 2686976 2875392 2876416 3014656 3018752 3026944 3035136 3268608 3272704 3411968 3469312 4050944 4087808 4177920 4194304 4194304 5242880 5242880 6291456 6291456 6524928 6672384 7340032 7340032 8065024 8273920 8278016 8290304 8306688
54 30 45056 53248 151552 286720 540672 544768 909312 921600 1404928 2097152 2097152 2985984 2998272 3145728 3145728 3489792 3919872 4014080 4239360 4255744 4337664 4349952 4427776 4440064 4546560 4616192 4898816 4902912 4911104 4915200 5021696 5038080 5136384 5156864 5586944 5832704 5857280 5873664 6000640 6291456 6291456 6475776 6496256 6565888 6770688 6844416 6946816 7012352 7319552 7340032 7340032 7397376 7692288 7704576 7737344 7782400 7819264 8105984 8192000 8265728
55 28 307200 315392 417792 466944 598016 643072 1175552 1277952 1384448 1392640 2072576 2097152 2097152 2199552 2220032 2269184 2334720 2338816 2502656 2506752 2727936 2732032 2826240 2887680 2891776 2895872 2899968 3145728 3145728 4194304 4194304 5242880 5242880 5402624 5517312 5521408 5545984 5906432 6107136 6115328 6127616 6291456 6291456 6303744 6553600 6569984 6631424 6656000 6746112 6946816 7245824 7249920 7258112 7340032 7340032 8388608
56 36 0 598016 786432 1048576 1064960 1069056 1101824 1105920 1146880 1155072 1224704 1228800 1609728 1613824 1663488 1667584 2080768 2084864 2195456 2199552 2318336 2322432 2445312 2473984 2494464 2498560 2760704 2764800 3366912 3371008 3617792 3638272 4046848 4063232 4112384 4128768 4177920 4182016 4333568 4337664 4374528 4378624 4747264 4751360 5484544 5488640 5804032 5808128 6283264 6287360 6336512 6348800 6397952 6402048 6852608 6856704 7258112 7270400 7335936 7340032 7438336 7442432 7454720 7458816 7528448 7540736 7589888 7593984 8163328 8167424 8318976 8331264
57 26 81920 1048576 1131008 1139200 1601536 1605632 2019328 2023424 2244608 2252800 2572288 2699264 3211264 3215360 3629056 3633152 3923968 3928064 4390912 4395008 4411392 4415488 4599808 4603904 4608000 4616192 4620288 4628480 4669440 4673536 4825088 4833280 5312512 5591040 5599232 5603328 5640192 5853184 5869568 5947392 6176768 6193152 6291456 7340032 7409664 7413760 7770112 7778304 7962624 7966720 7991296 7999488
58 40 479232 1048576 1048576 2097152 2097152 2117632 2129920 2138112 2199552 2220032 2965504 2969600 3825664 3829760 3997696 4014080 4440064 4448256 4960256 4964352 5083136 5103616 5300224 5304320 5410816 5414912 5509120 5513216 5869568 5873664 6262784 6266880 6320128 6328320 6341632 6353920 6590464 6594560 6631424 6635520 6647808 6651904 6725632 6733824 6832128 6852608 6864896 6881280 7483392 7487488 7499776 7503872 7512064 7516160 7524352 7528448 7548928 7553024 7577600 7581696 7622656 7626752 7647232 7651328 7659520 7663616 7671808 7675904 7692288 7696384 7704576 7708672 7720960 7725056 8044544 8060928 8261632 8265728 8343552 8347648
59 77 0 4096 32768 36864 385024 389120 761856 765952 1122304 1126400 1130496 1146880 1159168 1175552 1179648 1183744 1187840 1191936 1241088 1245184 1290240 1294336 1343488 1347584 1409024 1413120 1458176 1462272 1626112 1630208 1703936 1708032 1712128 1716224 1732608 1736704 1826816 1830912 1843200 1847296 1913344 1917440 1982464 1986560 1998848 2007040 2031616 2035712 2084864 2088960 2097152 2101248 2150400 2154496 2232320 2236416 2265088 2269184 2375680 2383872 2473984 2600960 2609152 2613248 2662400 2666496 2707456 2719744 2785280 2789376 2818048 2822144 2932736 2936832 3117056 3121152 3149824 3153920 3211264 3215360 3321856 3325952 3448832 3452928 3538944 3543040 3567616 3584000 3690496 3694592 3710976 3715072 3727360 3731456 3760128 3764224 3780608 3784704 3809280 3813376 3821568 3825664 3874816 3878912 3928064 3932160 4034560 4038656 4182016 4186112 4251648 4255744 4329472 4341760 4358144 4362240 4550656 4554752 4722688 4726784 4759552 4763648 4775936 4792320 4804608 4808704 4943872 4947968 4956160 4960256 4964352 4972544 5046272 5095424 5214208 5218304 5816320 5832704 5955584 5963776 6279168 6283264 6352896 6361088 6742016 6746112 6881280 6893568 7208960 7221248 7229440 7233536 7454720 7458816
60 74 131072 135168 327680 331776 811008 815104 847872 851968 1052672 1056768 1060864 1064960 1069056 1073152 1077248 1126400 1138688 1150976 1159168 1163264 1179648 1196032 1212416 1216512 1220608 1224704 1253376 1302528 1355776 1359872 1363968 1413120 1703936 1712128 1716224 1724416 1728512 1736704 1740800 1744896 1789952 1798144 1855488 1859584 2039808 2043904 2064384 2068480 2080768 2084864 2105344 2113536 2220032 2224128 2297856 2301952 2306048 2314240 2318336 2322432 2347008 2355200 2449408 2453504 2514944 2519040 2584576 2588672 2662400 2666496 2670592 2674688 3244032 3248128 3325952 3330048 3530752 3534848 3579904 3608576 3616768 3620864 3629056 3633152 3739648 3743744 4247552 4251648 4714496 4722688 4853760 4857856 5095424 5099520 5160960 5169152 5206016 5210112 5242880 5750784 5804032 5808128 5820416 5824512 5857280 5861376 5935104 5943296 5967872 5971968 5980160 5984256 5992448 5996544 6000640 6004736 6012928 6025216 6033408 6049792 6131712 6135808 6193152 6209536 6230016 6246400 6250496 6275072 6283264 6291456 6291456 6332416 6381568 6385664 6402048 6406144 6447104 6451200 6475776 6483968 7319552 7323648 7335936 7340032 7340032 7344128 7607296 7611392
61 41 688128 692224 815104 818176 1015808 1024000 1146880 1155072 1601536 1712128 1908736 1912832 1916928 1933312 2449408 2453504 2564096 2568192 2646016 2650112 2711552 2719744 2965504 2998272 3055616 3059712 3194880 3227648 3387392 3395584 3411968 3416064 3592192 3600384 3817472 3850240 4055040 4059136 4145152 4194304 4194304 4210688 4390912 4395008 4636672 4669440 4825088 4870144 5021696 5025792 5308416 5324800 5382144 5386240 5632512 5640704 5656576 5660672 5701632 5718016 5783552 5787648 5820416 5881856 5996544 6000640 6586368 6590464 6594560 6602752 6778880 6782976 6918144 6922240 7032832 7036928 7335936 7340032 7389184 7421952 7495680 8388608
62 38 0 397312 712704 716800 778240 782336 1081344 1085440 1310720 1343488 1490944 1507328 1617920 1622016 2002944 2007040 2129920 2146304 2232320 2252800 2355200 2359296 2576384 2580480 2781184 2801664 3538944 3571712 3743744 3747840 4042752 4050944 4382720 4399104 4657152 4669440 4734976 4739072 4861952 4866048 4960256 4964352 5173248 5177344 5406720 5410816 5533696 5537792 5750784 6291456 6291456 7340032 7340032 7979008 8011776 8015872 8069120 8073216 8122368 8126464 8130560 8138752 8167424 8171520 8179712 8183808 8237056 8241152 8261632 8269824 8273920 8282112 8294400 8314880 8343552 8355840
63 21 557056 573440 696320 700416 737280 782336 1245184 1277952 1581056 1597440 1933312 1937408 1953792 1957888 1970176 1974272 2273280 2277376 2506752 2510848 2674688 2678784 2998272 3002368 3219456 3223552 3383296 3387392 3481600 3485696 3928064 3932160 4165632 4194304 4194304 5242880 5242880 6291456 6291456 7340032 7340032 8388608
64 8 0 1048576 1048576 2097152 2097152 3145728 3145728 4194304 4194304 5242880 5242880 6291456 6291456 7340032 7340032 8388608
65 8 0 1048576 1048576 2097152 2097152 3145728 3145728 4194304 4194304 5242880 5242880 6291456 6291456 7340032 7340032 8388608
66 8 0 1048576 1048576 2097152 2097152 3145728 3145728 4194304 4194304 5242880 5242880 6291456 6291456 7340032 7340032 8388608
67 8 0 1048576 1048576 2097152 2097152 3145728 3145728 4194304 4194304 5242880 5242880 6291456 6291456 7340032 7340032 8388608
68 16 0 357376 368640 372736 381440 385536 389632 393728 406016 414208 442880 446976 541184 549376 622592 638976 1040384 1048576 1048576 2097152 2097152 3145728 3145728 4194304 4194304 5242880 5242880 6291456 6291456 7340032 7340032 8388608
69 8 0 1048576 1048576 2097152 2097152 3145728 3145728 4194304 4194304 5242880 5242880 6291456 6291456 7340032 7340032 8388608
70 8 0 1048576 1048576 2097152 2097152 3145728 3145728 4194304 4194304 5242880 5242880 6291456 6291456 7340032 7340032 8388608
71 8 0 1048576 1048576 2097152 2097152 3145728 3145728 4194304 4194304 5242880 5242880 6291456 6291456 7340032 7340032 8388608
72 8 0 1048576 1048576 2097152 2097152 3145728 3145728 4194304 4194304 5242880 5242880 6291456 6291456 7340032 7340032 8388608
73 8 0 1048576 1048576 2097152 2097152 3145728 3145728 4194304 4194304 5242880 5242880 6291456 6291456 7340032 7340032 8388608
74 77 0 1048576 1048576 1052672 1351680 1355776 1376256 1409024 1515520 1519616 1732608 1740800 1798144 1806336 1843200 1847296 2170880 2174976 2387968 2392064 2453504 2637824 2675712 2695680 2711552 2756608 2822144 2826240 3006464 3010560 3018752 3022848 3055616 3059712 3129344 3133440 3145728 3149824 3178496 3182592 3276800 3547136 3559424 3563520 3575808 3584000 3637248 3641344 3710976 3715072 3735552 3751936 3756032 3760128 3772416 3776512 4100096 4104192 4153344 4157440 4218880 4222976 4255744 4276224 4280832 4572160 4579328 4583424 4599808 4616192 4632576 4636672 4718592 4726784 5066752 5070848 5087232 5091328 5242880 5246976 5312512 5324800 5402624 5406720 5541888 5545984 5718016 5722112 5898240 5902336 5939200 5947392 5996544 6000640 6144000 6148096 6172672 6176768 6267392 6275584 6402048 6410240 6422528 6426624 6438912 6443008 6455296 6459392 6475776 6479872 6492160 6496256 6524928 6529024 6590464 6660096 6664192 6668288 6680576 6684672 6696960 6701056 6713344 6717440 6758400 6762496 6774784 6778880 6791168 6795264 6807552 6811648 6823936 6828032 6860800 6864896 7229440 7237632 7340032 7344128 7372800 7405568 7413760 7417856 7831552 7839744 7962624 7966720 7970816 7974912 8110080 8134656 8220672 8224768
75 43 106496 110592 294912 299008 720896 724992 749568 753664 1048576 1052672 1130496 1146880 1171456 1175552 1396736 1404928 1560576 1564672 2064384 2068480 2097152 2129920 2547712 2551808 2613248 2617344 2736128 2740224 3072000 3076096 3162112 3166208 3383296 3391488 3444736 3448832 3481600 3555328 3637248 3653632 4403200 4407296 4468736 4472832 4489216 4501504 4657152 4661248 4734976 4751360 4984832 4988928 5570560 5586944 5623808 5632000 5636096 5640192 5648384 5652480 5660672 5681152 5742592 5754880 6045696 6062080 6078464 6082560 6119424 6172672 6328320 6332416 6381568 6451200 6537216 6541312 6684672 6688768 6807552 6811648 7098368 7102464 7225344 7233536 7766016 8388608
76 8 0 1048576 1048576 2097152 2097152 3145728 3145728 4194304 4194304 5242880 5242880 6291456 6291456 7340032 7340032 8388608
77 8 0 1048576 1048576 2097152 2097152 3145728 3145728 4194304 4194304 5242880 5242880 6291456 6291456 7340032 7340032 8388608
78 8 0 1048576 1048576 2097152 2097152 3145728 3145728 4194304 4194304 5242880 5242880 6291456 6291456 7340032 7340032 8388608
79 61 0 1048576 1409024 1413120 1908736 1912832 2072576 2076672 2228224 2236416 2269184 2273280 2281472 3145728 3145728 3334144 3387392 3391488 3510272 3518464 3551232 3555328 3645440 3649536 3784704 3792896 4022272 4026368 4313088 4317184 4370432 4390912 4558848 4562944 4603904 4608000 4812800 4833280 4853760 4878336 4898816 4902912 4972544 4976640 4997120 5029888 5160960 5169152 5214208 5222400 5328896 5332992 5455872 5472256 5537792 5554176 5574656 5578752 5632000 5636096 5648384 5652480 5656576 5668864 5672960 5677056 5713920 5718016 5738496 5742592 5746688 5750784 5832704 5836800 5894144 5898240 6094848 6103040 6123520 6127616 6209536 6217728 6266880 6275072 6295552 6299648 6324224 6328320 6348800 6352896 6385664 6389760 6701056 6705152 6709248 6713344 6832128 6836224 6942720 6955008 6959104 6963200 7012352 7016448 7135232 7225344 7241728 7245824 7421952 7438336 7516160 7520256 7577600 7581696 7847936 7856128 8179712 8183808 8192000 8196096 8208384 8257536
80 14 24576 32768 167936 176128 180224 192512 589824 606208 659456 663552 724992 729088 851968 868352 1048576 2097152 2097152 3145728 3145728 4194304 4194304 5242880 5242880 6291456 6291456 7340032 7340032 8388608
81 8 0 1048576 1048576 2097152 2097152 3145728 3145728 4194304 4194304 5242880 5242880 6291456 6291456 7340032 7340032 8388608
82 8 0 1048576 1048576 2097152 2097152 3145728 3145728 4194304 4194304 5242880 5242880 6291456 6291456 7340032 7340032 8388608
83 8 0 1048576 1048576 2097152 2097152 3145728 3145728 4194304 4194304 5242880 5242880 6291456 6291456 7340032 7340032 8388608
84 8 0 1048576 1048576 2097152 2097152 3145728 3145728 4194304 4194304 5242880 5242880 6291456 6291456 7340032 7340032 8388608
85 8 0 1048576 1048576 2097152 2097152 3145728 3145728 4194304 4194304 5242880 5242880 6291456 6291456 7340032 7340032 8388608
86 8 0 1048576 1048576 2097152 2097152 3145728 3145728 4194304 4194304 5242880 5242880 6291456 6291456 7340032 7340032 8388608
87 8 0 1048576 1048576 2097152 2097152 3145728 3145728 4194304 4194304 5242880 5242880 6291456 6291456 7340032 7340032 8388608
88 51 0 1048576 1060864 1064960 1126400 1130496 1179648 1183744 1228800 1232896 1355776 1359872 1474560 1478656 1654784 1658880 2002944 2011136 2170880 2174976 2195456 2199552 2252800 2256896 2334720 2338816 2400256 2408448 2412544 2416640 2420736 2424832 2580480 2908160 2940928 2945024 2961408 2965504 3108864 3112960 3141632 3145728 3256320 3260416 3383296 3387392 3420160 3424256 3502080 3506176 3616768 3620864 3657728 3764224 3854336 3858432 3866624 3874816 4034560 4038656 4182016 4186112 4194304 4198400 4390912 4395008 4395520 4448768 4554752 4558848 4714496 4718592 4775936 4796416 5296128 5300224 5615616 5619712 5898240 5902336 5931008 5939200 6041600 6049792 6262784 6266880 6520832 6541312 6733824 6766592 7118848 7122944 7340032 7344128 7548928 7557120 7746048 7750144 7815168 7819264 7929856 8388608
89 25 0 135168 155648 159744 176128 180224 192512 196608 208896 212992 225280 229376 241664 245760 258048 262144 274432 278528 294912 299008 311296 315392 327680 331776 380928 385024 397312 401408 516096 520192 536576 540672 708608 712704 733184 737280 1048576 2097152 2097152 3145728 3145728 4194304 4194304 5242880 5242880 6291456 6291456 7340032 7340032 8388608
90 8 0 1048576 1048576 2097152 2097152 3145728 3145728 4194304 4194304 5242880 5242880 6291456 6291456 7340032 7340032 8388608
91 8 0 1048576 1048576 2097152 2097152 3145728 3145728 4194304 4194304 5242880 5242880 6291456 6291456 7340032 7340032 8388608
92 128 0 1048576 1048576 1085440 1089536 1093632 1110016 1118208 1130496 1138688 1179648 1187840 1200128 1204224 1216512 1228800 1241088 1245184 1253376 1261568 1339392 1363968 1376256 1380352 1470464 1474560 1490944 1495040 1511424 1515520 1540096 1544192 1560576 1564672 1568768 1581056 1593344 1597440 1646592 1650688 1654784 1658880 1662976 1667072 1675264 1687552 1716224 1724416 1761280 1765376 1798144 1802240 1822720 1826816 1830912 1835008 1859584 1863680 1884160 1888256 1933312 1937408 1986560 1990656 2011136 2015232 2035712 2039808 2076672 2088960 2101248 2109440 2134016 2146304 2220032 2224128 2252800 2256896 2260992 2265088 2273280 2277376 2297856 2306048 2392064 2396160 2412544 2416640 2420736 2424832 2482176 2486272 2519040 2523136 2531328 2535424 2539520 2543616 2572288 2576384 2633728 2637824 2727936 2732032 2781184 2785280 2793472 2797568 2813952 2818048 2834432 2838528 2846720 2850816 2854912 2859008 2863104 2867200 2908160 2912256 3018752 3022848 3072000 3076096 3080192 3084288 3108864 3133440 3166208 3170304 3190784 3194880 3198976 3203072 3215360 3223552 3231744 3235840 3248128 3256320 3268608 3276800 3334144 3338240 3403776 3407872 3530752 3629056 3637248 3641344 3768320 3772416 3784704 3788800 3792896 3801088 3825664 3829760 3837952 3842048 3846144 3850240 3870720 3874816 3964928 3969024 4018176 4022272 4030464 4034560 4050944 4055040 4128768 4194304 4194304 4263936 4268032 4272128 4284416 4288512 4292608 4321280 4333568 4341760 4399104 4403200 4427776 4431872 4448256 4452352 4456448 4460544 4505600 4509696 4534272 4538368 4595712 4599808 4661248 4665344 4775936 4784128 4849664 4853760 5046272 5066752 5070848 5087232 5091328 5095424 5103616 5115904 5120000 5140480 5144576 5156864 5160960 5165056 5251072 5312512 5386240 5390336 5423104 5652480 5750784 5754880 5984256 5988352 6045696 6049792 6139904 6144000 6213632 6217728 6258688 6262784 6348800 6352896 6500352 6504448 6651904 6656000 6803456 6807552 6959104 6963200 7110656 7114752 7127040 7135232 7221248 7237632 7262208 7270400 7991296 8056832
93 10 327680 331776 520192 524288 593920 1048576 1048576 2097152 2097152 3145728 3145728 4194304 4194304 5242880 5242880 6291456 6291456 7340032 7340032 8388608
94 8 0 1048576 1048576 2097152 2097152 3145728 3145728 4194304 4194304 5242880 5242880 6291456 6291456 7340032 7340032 8388608
95 8 0 1048576 1048576 2097152 2097152 3145728 3145728 4194304 4194304 5242880 5242880 6291456 6291456 7340032 7340032 8388608
96 41 0 1048576 1052672 1060864 1064960 1110016 1126400 1130496 1138688 1142784 1179648 1183744 1277952 1282048 1335296 1404928 1548288 1552384 1699840 1703936 1912832 1921024 2105344 2109440 2281472 2314240 2707456 2711552 2826240 2830336 3043328 3047424 3096576 3100672 3141632 3145728 3145728 3153920 3317760 3325952 3502080 3506176 4075520 4083712 4358144 4362240 4572160 4682752 5369856 5451776 5599232 5603328 6139904 6144000 6225920 6234112 6262784 6266880 6844416 6856704 6877184 6881280 6897664 6914048 7274496 7290880 7589888 7593984 7745536 7749632 7815168 7819264 7831552 7835648 7876608 7880704 7909376 7933952 7954432 7958528 8015872 8019968
97 11 0 4096 32768 36864 380928 499712 1040384 1044480 1048576 2097152 2097152 3145728 3145728 4194304 4194304 5242880 5242880 6291456 6291456 7340032 7340032 8388608
98 8 0 1048576 1048576 2097152 2097152 3145728 3145728 4194304 4194304 5242880 5242880 6291456 6291456 7340032 7340032 8388608
99 8 0 1048576 1048576 2097152 2097152 3145728 3145728 4194304 4194304 5242880 5242880 6291456 6291456 7340032 7340032 8388608
