#StripeID,rangenumber,BlockOffsetStart,BlockOffsetEnd
0 10 0 524288 524288 1048576 1048576 1572864 1572864 2097152 2097152 2621440 2621440 3145728 3145728 3670016 3670016 4194304 4194304 4718592 4718592 5242880
1 42 0 524288 524288 851968 901120 905216 913408 946176 983040 987136 991232 995328 1056768 1060864 1081344 1089536 1114112 1118208 1183744 1185280 1187840 1199616 1204224 1205760 1236992 1273856 1298432 1429504 1466368 1470464 1585152 1589248 1650688 1662976 1724416 1732608 1744896 1748992 1757184 2097152 2097152 2101248 2195456 2210304 2224128 2228224 2240512 2244608 2260992 2281472 2289664 2293760 2334720 2347008 2359296 2375680 2420736 2424832 2490368 2498560 2543616 2547712 2646016 2658304 2666496 2671616 2674688 2715648 2740224 2805760 2818048 2830336 2842624 2909184 2916352 3145728 3145728 3670016 3670016 4194304 4194304 4718592 4718592 5242880
2 10 0 524288 524288 1048576 1048576 1572864 1572864 2097152 2097152 2621440 2621440 3145728 3145728 3670016 3670016 4194304 4194304 4718592 4718592 5242880
3 34 0 524288 524288 1048576 1048576 1572864 1572864 2097152 2097152 2465792 2535424 2580480 2592768 2600960 2699264 2719744 2736128 2772992 2936832 2940928 3055616 3059712 3137536 3141632 3248128 3252224 3272704 3317760 3325952 3330048 3452928 3485696 3502080 3584000 3620864 3624960 3682304 3686400 3702784 3768320 3784704 3788800 3878912 3883008 3960832 3964928 3973120 4042752 4190208 4194304 4345856 4358144 4370432 4390912 4411392 4415488 4501504 4509696 4825088 4845568 4915200 4972544 5001216 5033984 5042176 5046272 5193728 5242880
4 54 0 16384 28672 61440 65536 73728 159744 524288 524288 679936 704512 987136 1015808 1017856 1351680 1355776 1376256 1388544 1417216 1429504 1540096 1556480 1572864 1642496 1646592 1650688 1675264 1683456 1826816 1830912 1888256 1896448 1900544 1904640 1933312 1937408 1953792 1966080 1978368 1982464 1994752 2060288 2146304 2187264 2203648 2207744 2215936 2220032 2228224 2232320 2256896 2260992 2318336 2330624 2400256 2404352 2543616 2621440 2621440 2646016 2809856 2812928 2899968 2904064 2990080 2994176 3006464 3010560 3055616 3058688 3080192 3145728 3145728 3612672 3616768 3620864 3661824 3665920 3768320 3772416 3784704 3805184 3813376 3825664 3948544 3952640 3964928 3997696 4055040 4067328 4149248 4194304 4194304 4214784 4296704 4398080 4399104 4403200 4407296 4411392 4456448 4513792 4558336 4566528 4579328 4718592 4718592 5242880
5 37 0 524288 524288 741376 778240 786432 839680 843776 847872 868352 917504 932352 942080 987136 991232 1003520 1011712 1040384 1044480 1048576 1048576 1110016 1122304 1124352 1159168 1171456 1179648 1191936 1286144 1310720 1339392 1343488 1376256 1396736 1441792 1458176 1527808 1572864 1572864 2097152 2097152 2379776 2383872 2621440 2621440 3145728 3145728 3284992 3293184 3297280 3309568 3350528 3522048 3526144 3579904 3670016 3670016 4194304 4194304 4718592 4718592 4976640 5009408 5058560 5079040 5083136 5160448 5164544 5185536 5193728 5197824 5198336 5201920 5242880
6 10 0 524288 524288 1048576 1048576 1572864 1572864 2097152 2097152 2621440 2621440 3145728 3145728 3670016 3670016 4194304 4194304 4718592 4718592 5242880
7 11 0 524288 524288 1048576 1048576 1572864 1572864 2097152 2097152 2621440 2621440 3145728 3145728 3670016 3670016 4194304 4194304 4718592 4718592 4902912 4935680 5242880
8 13 0 414208 417792 421888 425984 524288 524288 1048576 1048576 1572864 1572864 1998848 2002944 2097152 2097152 2621440 2621440 3145728 3145728 3670016 3670016 4194304 4194304 4718592 4718592 5242880
9 55 0 524288 524288 1048576 1048576 1572864 1585152 1597440 1736192 1740288 1830912 1835008 1859584 1863680 1908736 1916928 1957888 1961984 1986560 2031616 2121728 2154496 2162688 2228224 2297856 2314240 2347008 2351104 2383872 2387968 2416640 2482176 2621440 2686976 2736128 2785280 2801664 2809856 2884096 2884608 2891776 2895872 2924544 2981888 2990080 3002368 3042816 3046912 3080192 3145728 3145728 3670016 3670016 3735552 3760128 3772416 3821568 3825664 3862528 3866624 3938816 3939840 3956736 3960832 3964928 3969024 3997696 4018176 4059136 4071424 4145152 4149248 4177920 4190208 4239360 4251648 4296704 4308992 4415488 4419072 4464640 4481024 4562944 4579328 4657152 4669440 4722688 4726784 4755456 4759552 4780032 4784128 4800512 4804608 4898816 4902912 4911104 4915200 5005312 5029888 5062656 5066752 5165056 5169152 5181440 5185536 5193728 5230592 5238784 5242880
10 55 12288 524288 536576 544256 753664 765952 970752 983040 1097728 1101824 1105920 1118208 1126400 1572864 1593344 1597440 1629696 1633792 1638400 1679360 1683456 1908736 1937408 1966080 2236416 2240512 2244608 2248704 2252800 2301952 2310144 2322432 2347008 2351104 2355200 2359296 2367488 2371584 2383872 2387968 2408448 2412544 2424832 2433024 2437120 2439680 2584576 2586624 2629632 2637824 2678784 2695168 2838528 2842624 2949120 3010560 3022336 3026432 3080192 3082752 3162112 3166208 3182592 3194880 3231744 3244032 3260416 3264512 3268608 3271680 3280896 3293184 3571712 3574272 3641344 3645440 3653632 3670016 3670016 3801088 3813376 3817472 3842048 3846144 3932160 3973120 3977216 3981312 3985408 4022272 4071424 4091904 4149248 4157440 4268032 4300800 4411392 4440064 4444160 4456448 4492800 4718592 4718592 4939264 5013504 5021696 5079040 5099520 5148672 5160960
11 44 24576 53248 65536 66048 192512 196608 249856 253952 286720 290816 389120 393216 507904 520192 573440 577536 581632 585728 589824 610304 618496 634880 667648 679936 741376 745472 856064 864256 970752 1048576 1048576 1077248 1081344 1105920 1167360 1171456 1204224 1208320 1294336 1306624 1310720 1314816 1318912 1372160 1396736 1400832 1466368 1544192 1548288 1552384 1589248 1593344 1597440 1626112 1650688 1654784 1662976 1679360 1703936 1708032 1728000 1732096 1773568 1839104 1871872 1884160 1912832 1916928 2072576 2097152 2097152 2138112 2174976 2179072 2306048 2326528 2490368 2621440 2621440 3145728 3145728 3670016 3670016 4194304 4194304 4718592 4718592 5242880
12 10 0 524288 524288 1048576 1048576 1572864 1572864 2097152 2097152 2621440 2621440 3145728 3145728 3670016 3670016 4194304 4194304 4718592 4718592 5242880
13 10 0 524288 524288 1048576 1048576 1572864 1572864 2097152 2097152 2621440 2621440 3145728 3145728 3670016 3670016 4194304 4194304 4718592 4718592 5242880
14 13 0 524288 524288 1048576 1048576 1572864 1572864 2097152 2097152 2134016 2150400 2158592 2166784 2174976 2199552 2621440 2621440 3145728 3145728 3670016 3670016 4194304 4194304 4718592 4718592 5242880
15 10 0 524288 524288 1048576 1048576 1572864 1572864 2097152 2097152 2621440 2621440 3145728 3145728 3670016 3670016 4194304 4194304 4718592 4718592 5242880
16 36 0 524288 524288 1048576 1048576 1572864 1572864 2097152 2097152 2621440 2621440 3145728 3145728 3293184 3334144 3407872 3411968 3596288 3633152 3670016 3670016 3686400 3689984 3706368 3751936 3801088 3805184 3891200 3960832 3964928 4042752 4046848 4091904 4100096 4120576 4124672 4268032 4272128 4365824 4369920 4493312 4497408 4509696 4517888 4608000 4640768 4681728 4694016 4743168 4747264 4915200 4943872 5005312 5038080 5042176 5058560 5062656 5079040 5083136 5115904 5120000 5144576 5152768 5156864 5165056 5173248 5193728 5210112 5226496 5234688 5238784 5242880
17 81 0 11264 12288 16384 20480 40960 53248 61440 65536 77824 81920 86016 159744 163840 188416 192512 233472 237568 266240 299008 450560 462848 765440 781824 786432 823296 835584 872448 901120 933888 974848 975872 1040384 1040896 1110016 1146880 1159168 1167360 1179648 1183744 1282048 1290240 1306624 1347584 1363968 1572864 1572864 1576960 1597440 1654784 1658880 1662976 1720320 1785856 1835008 1843200 1908736 1912832 1925120 1929216 1966080 1970176 1978368 1982464 2101248 2105344 2174976 2179072 2244608 2260992 2273280 2285568 2318336 2322432 2326016 2334208 2363392 2375680 2510848 2512384 2551296 2567680 2584576 2588672 2658304 2663936 2711552 2748416 2752512 2789376 2797056 2830336 2878976 2895360 2998272 3010560 3014656 3016704 3072000 3076096 3137536 3141632 3153920 3157504 3212288 3215872 3313664 3325952 3346432 3616768 3629056 3637248 3657728 3661824 3690496 3693568 3694592 3710976 3760128 3768320 3895296 3903488 3948544 3952640 3960832 3973120 4030464 4042752 4157440 4194304 4194304 4206592 4280320 4292608 4358144 4423680 4489216 4490240 4554752 4562944 4571136 4575232 4685824 4698112 4726784 4729344 4804608 4808704 4829184 4841472 4870144 4882432 4947968 4960256 5009408 5013504 5046272 5079040 5128192 5132288 5144576 5210112
18 75 0 12288 15872 24064 73728 77824 179712 187904 192000 196096 217088 221184 245760 258048 319488 323072 360448 425984 499200 503296 507392 515584 552960 561152 589824 1048576 1048576 1572864 1572864 1638400 1667072 1671168 1724416 1728512 1736192 1752576 1818624 1888256 1912832 1921024 1929216 1961984 1982464 1994752 2007040 2019328 2056192 2097152 2097152 2215936 2240512 2248704 2252800 2260992 2268672 2272768 2273280 2347008 2363392 2371584 2375680 2383872 2396160 2404352 2412544 2478080 2486272 2490368 2494464 2506752 2510848 2512896 2543616 2572288 2580480 2584576 2588672 2608640 2609152 2621440 2621440 2678784 2682880 2686976 2740224 2871296 3002368 3133440 3158016 3162112 3182080 3592192 3608576 3612672 3690496 3694592 3702784 3842048 3883008 3928064 3985408 3989504 4026368 4030464 4034048 4066816 4198400 4214784 4222976 4231168 4255744 4268032 4272128 4280320 4288512 4300800 4321280 4333568 4476928 4489216 4571136 4575232 4599808 4603904 4616192 4620288 4628480 4632576 4636672 4640768 4653056 4657152 4661248 4665344 4882432 4947968 4952064 4960256 4980736 4984832 4997120 5001216 5091328 5095424 5210112 5214208 5218304 5222400 5234688 5238784
19 58 0 4096 8192 180224 229376 294912 368640 462848 487424 489984 499712 503808 565248 577536 593920 598016 630784 634880 647168 651264 753664 819200 872448 884736 921600 925696 937984 950272 957952 1048576 1048576 1330688 1343488 1347584 1363968 1368064 1392640 1396736 1400832 1421312 1449984 1462272 1470464 1474560 1478656 1490944 1531904 1548288 1572864 2097152 2150400 2166784 2244608 2256896 2269184 2273280 2306048 2326528 2334720 2400256 2412544 2418176 2457600 2461696 2531328 2535424 2547712 2564096 2600960 2609152 2617344 2621440 2629632 2633728 2641920 2646016 2654208 2736128 2740224 2756608 2801664 2805760 2830336 2842624 2875392 2879488 2915840 2919936 2969600 2985984 3100672 3104768 3112960 3117056 3219456 3223552 3244032 3260416 3342336 3346432 3387392 3399680 3424256 3432448 3440640 3442688 3473408 3538944 3604480 3670016 3670016 4194304 4194304 4718592 4718592 5242880
20 74 0 524288 524288 1011712 1028096 1032192 1044480 1048576 1052672 1118208 1130496 1138688 1142784 1146880 1163264 1167360 1236992 1241088 1261568 1265664 1282048 1286144 1298432 1302528 1314816 1318912 1327104 1572864 1572864 1692672 1695744 1704960 1712128 1713152 1716224 1725440 1732608 1733632 1736704 1745920 1753088 1754112 1757184 1766400 1773568 1774592 1777664 1786880 1794048 1795072 1798144 1807360 1814528 1815552 1818624 1827840 1835008 1871872 1880064 1884160 2080768 2084864 2088960 2093056 2166784 2177024 2347008 2473984 2584576 2588672 2613248 2616320 2662400 2666496 2801664 2809856 2953216 2957312 2961408 2981888 3002368 3006464 3124736 3128832 3162112 3166208 3215360 3448832 3481600 3483648 3534848 3555328 3592192 3596288 3624960 3629056 3743744 3756032 3776512 3780608 3805184 3809280 3858432 3870720 3944448 4128768 4222976 4231168 4235264 4237824 4268032 4272128 4308992 4329472 4337664 4341760 4345856 4349952 4362240 4370432 4374528 4382720 4575232 4579328 4612096 4661248 4677632 4694016 4702208 4710400 4714496 4718592 4718592 4722688 4751360 4755456 4804608 4812800 4849664 4861952 4943872 4956160 4968448 5079040 5091328 5128192 5136384 5165056
21 64 114688 118784 122880 135168 151552 155648 184320 380928 385024 393216 479232 483328 503808 507904 544768 638976 647168 651264 667648 671744 700416 708608 827392 839680 843776 851968 876544 909312 925696 929792 966656 1048576 1048576 1191936 1204224 1241088 1245184 1294336 1327104 1332224 1585152 1589248 1605632 1609216 1675264 1679360 1818624 1830912 1835008 1896448 1900544 1986560 2015232 2093056 2227712 2314240 2363392 2404352 2420736 2424832 2428928 2469888 2523136 2564096 2600960 2609152 2617344 2621440 2654208 2658304 2695168 2703360 2711552 2715648 2727936 2732032 2736128 2744320 2764800 2768896 2834432 2838528 3014656 3022848 3100672 3145728 3145728 3178496 3190272 3194368 3235328 3239424 3305472 3334144 3342336 3346432 3362816 3375104 3379200 3391488 3436544 3440640 3497984 3502080 3510272 3511296 3559424 3563520 3571712 3579904 3592192 3608576 3801088 3813376 3870720 3874816 3883008 3919872 3928064 3977216 3985408 3989504 4063232 4194304 4194304 4718592 4718592 5242880
22 65 0 524288 524288 1048576 1048576 1101824 1126400 1130496 1282048 1290240 1359872 1372160 1499136 1503232 1507328 1511424 1544192 1556480 1585152 1601536 1716224 1720320 1884160 1896448 1929216 1937408 1957888 1974272 2015232 2043904 2129920 2142208 2330624 2334720 2347008 2351104 2379776 2383872 2404352 2498560 2506752 2568192 2580480 2588672 2596864 2605056 2609152 2621440 2621440 2625536 2629632 2633728 2646016 2650112 2691072 2700800 2711552 2715648 2764288 2768384 2850816 3145728 3145728 3178496 3194880 3198976 3214848 3218944 3264512 3272704 3297280 3301376 3309568 3344896 3407872 3417088 3428352 3432448 3444736 3448832 3457024 3461120 3469312 3502080 3514368 3518464 3538944 3543040 3698688 4104192 4165632 4186112 4235264 4300800 4304384 4414976 4505600 4517888 4591616 4595712 4653056 4669440 4706304 4711936 4743168 4747264 4763648 4767744 4780032 4818432 4820992 4822528 4825088 4911104 4915200 4919296 4972544 4973568 4997120 5038080 5042176 5046272 5087232 5186560 5197824 5214208 5222400 5226496 5234688 5238784
23 36 0 4096 12288 57344 69632 73728 106496 196608 315392 319488 356352 360448 450560 462848 471040 475136 491520 503808 573440 577536 593920 598016 618496 622592 638976 647168 724992 729088 794624 860160 884736 888832 1003520 1032192 1081344 1093632 1105408 1109504 1249280 1251328 1347584 1351680 1384448 1441792 1449984 1454080 1507328 1511424 1519616 1572864 1572864 1802240 1847296 1851392 1880576 1998848 2007040 2015232 2027520 2097152 2097152 2621440 2621440 3145728 3145728 3670016 3670016 4194304 4194304 4718592 4718592 5242880
24 10 0 524288 524288 1048576 1048576 1572864 1572864 2097152 2097152 2621440 2621440 3145728 3145728 3670016 3670016 4194304 4194304 4718592 4718592 5242880
25 11 0 524288 524288 1048576 1048576 1572864 1572864 2097152 2097152 2621440 2621440 3145728 3145728 3164160 3166208 3670016 3670016 4194304 4194304 4718592 4718592 5242880
26 21 0 524288 524288 1048576 1048576 1572864 1572864 2097152 2097152 2117632 2121728 2384384 2396160 2400256 2449920 2621440 2621440 3080192 3108352 3112448 3137536 3141632 3149824 3670016 3670016 3760128 4104192 4106752 4198400 4243456 4357632 4480512 4481024 4530176 4546048 4554240 4665344 4677632 4694016 4698112 4739072 5242880
27 22 0 28672 184320 188416 319488 323584 475136 479232 606208 610304 614400 618496 901120 905216 909312 962560 1044480 1048576 1048576 1052672 1081344 1110016 1114112 1572864 1572864 2097152 2097152 2621440 2621440 3145728 3145728 3670016 3670016 4194304 4194304 4345856 4349952 4612608 4636672 4640768 4673024 4718592 4718592 5242880
28 10 0 524288 524288 1048576 1048576 1572864 1572864 2097152 2097152 2621440 2621440 3145728 3145728 3670016 3670016 4194304 4194304 4718592 4718592 5242880
29 10 0 524288 524288 1048576 1048576 1572864 1572864 2097152 2097152 2621440 2621440 3145728 3145728 3670016 3670016 4194304 4194304 4718592 4718592 5242880
30 48 0 458752 471040 475136 532480 536576 614400 618496 696320 704512 716800 757760 786432 787968 802816 806912 835584 851968 1024000 1028096 1101312 1113600 1122304 1126400 1167360 1175552 1277952 1282048 1470464 1478656 1482752 1572864 1572864 1941504 1945600 1948672 1966080 1970176 2072576 2097152 2097152 2138112 2149888 2153984 2293760 2318336 2396160 2399232 2428416 2432512 2654208 2723840 2854912 2859008 3194880 3198976 3231744 3244032 3596288 3612672 3616768 3670016 3670016 3674112 3895296 3911680 3964928 4001792 4018176 4055040 4087808 4124672 4194304 4218880 4435968 4444160 4509696 4513792 4554752 4558848 4575232 4579328 4591616 4595712 4628480 4632576 4640768 4644864 4673536 4677632 4694016 4698112 4710400 4714496 4718592 5242880
31 33 0 524288 524288 1048576 1048576 1572864 1572864 1966080 2052096 2056192 2076672 2080768 2150400 2183168 2227712 2240512 2248704 2252800 2265088 2269184 2326528 2334720 2350592 2354688 2371584 2375680 2387968 2392064 2555904 2600960 2621440 2625536 2629632 2630656 2637824 2654208 2666496 3112960 3125248 3129344 3162112 3178496 3194880 3198976 3211264 3227648 3268608 3342336 3346432 3350528 3354624 3358720 3366912 3371008 3383296 3395584 3407872 3670016 3670016 4194304 4194304 4718592 4718592 5177344 5214208 5222400
32 47 151552 217088 253952 327680 360448 372736 471040 475136 544768 548864 626176 630272 704512 708608 761856 782336 790528 843776 983040 1044480 1114112 1200128 1372160 1376256 1478656 1482752 1490944 1495040 1638400 1798144 1801728 1805824 1826816 1830912 1933312 1937408 1994752 2097152 2158592 2445312 2547712 2551808 2596864 2621440 2621440 2662400 2707456 2719232 2797568 2805760 2850816 2859008 2887680 2891776 2928640 2932736 3006464 3010560 3018752 3059712 3108864 3145728 3145728 3166208 3178496 3215360 3231232 3259904 3276288 3280384 3317760 3334144 3342336 3346432 3452928 3473408 3493888 3510272 3543040 3571712 3608576 3621376 3629056 3637248 3661824 3665920 3735552 4194304 4194304 4493312 4497408 4718592 4718592 5242880
33 12 0 524288 524288 1048576 1048576 1572864 1572864 2097152 2097152 2621440 2621440 2744832 2801664 3145728 3145728 3448832 3452928 3670016 3670016 4194304 4194304 4718592 4718592 5242880
34 42 0 524288 524288 1048576 1048576 1241600 1282048 1286144 1331200 1347584 1359872 1392640 1462272 1466368 1470464 1472512 1507328 1572864 1572864 1703936 1888256 1900544 2117632 2125824 2129408 2178560 2182656 2478080 2584576 2592768 2637824 2732032 2809856 2813952 2875392 2880000 2957312 3076096 3112960 3117056 3145216 3145728 3145728 3194880 3198464 3443200 3505664 3636736 3641344 3661824 3723264 3726336 3760128 3764224 3784704 3801088 3805184 3809280 3846144 3850240 3887104 3889152 4009984 4145152 4198400 4202496 4235264 4235776 4312576 4316672 4370432 4374528 4386816 4403200 4435968 4501504 4567040 4681728 4755456 4825088 4881920 4931072 4935168 5242880
35 18 0 524288 524288 1048576 1048576 1155072 1232896 1236992 1437696 1445888 1486848 1490944 1523712 1544192 1638400 1642496 1703936 1728512 1765376 1769472 1814528 1847296 1851904 2097152 2097152 2621440 2621440 3145728 3145728 3670016 3670016 4194304 4194304 4718592 4718592 5242880
36 13 0 524288 524288 1048576 1048576 1572864 1572864 2097152 2097152 2621440 2621440 3145728 3145728 3670016 3670016 4194304 4194304 4718592 4718592 5128192 5144576 5156864 5159936 5160448 5177344 5242880
37 35 12288 20480 28672 40960 49152 57344 61440 65536 204800 208896 217088 221184 258048 262144 266240 270336 413696 417792 475136 479232 520192 524288 524288 679936 704512 707072 749568 897024 942080 1048576 1048576 1138688 1150976 1179648 1245184 1302528 1306624 1572864 1572864 1867776 1871872 1880064 1896448 1900544 2088960 2097152 2097152 2099712 2101248 2105344 2134016 2138112 2461696 2496000 2539520 2543616 2555904 2621440 2621440 3145728 3145728 3670016 3670016 4194304 4194304 4718592 4718592 5107200 5230592 5234688
38 66 0 512 69632 135168 196608 199168 241664 245760 253952 258048 299008 364544 368640 372736 532480 548864 589824 593920 626688 630784 638976 724992 786432 794624 819200 851968 962560 1031680 1035776 1048576 1048576 1383936 1421312 1425408 1478656 1544192 1576960 1581056 1589248 1593344 1740800 1744896 1748992 1753088 1781760 1785856 1822720 1830912 1835008 1838592 1891840 1912320 1925120 1998848 2072576 2076672 2101248 2117632 2179072 2187264 2244608 2269184 2306048 2310144 2346496 2350592 2359296 2363392 2433024 2437120 2490368 2502656 2514944 2621440 2621440 2678784 2777088 2781184 2813952 2850816 2936832 2961408 3051520 3145728 3145728 3366912 3534848 3547136 3571200 3575296 3715072 3719168 3813376 3817472 3936256 3944448 4034560 4038656 4108288 4120576 4194304 4259840 4341760 4349952 4378624 4382720 4517888 4521984 4534272 4538368 4554752 4557824 4562944 4571136 4587520 4591616 4640768 4644864 4669440 4718592 4718592 4935680 4968448 4984832 5046272 5062656 5095424 5099520 5111808 5193728 5210112 5242880
39 57 102400 106496 139264 139776 143360 147456 155648 184320 225280 241664 282624 294912 335872 339968 344064 348160 357376 422912 430080 434176 532480 557056 618496 626688 675840 684032 692224 696320 700416 704512 729088 737280 757760 1048576 1048576 1134592 1191936 1196032 1290240 1294336 1306624 1310720 1327104 1339392 1368064 1372160 1409024 1413120 1523712 1544192 1564672 1568768 2072576 2076672 2109440 2211840 2293760 2359296 2383360 2387456 2531328 2543616 2551808 2568192 2719744 2728448 2752512 2760704 2772992 2863104 3014656 3018752 3026944 3031040 3108864 3117056 3280896 3284992 3563520 3567616 3571712 3572224 3645440 3670016 3670016 4001792 4030464 4034560 4042752 4194304 4194304 4276224 4284416 4288512 4337664 4341760 4382720 4386816 4485120 4493312 4619776 4640256 4656640 4660736 4886528 4890624 5042176 5046272 5062656 5066752 5124096 5132288 5177344 5242880
40 66 81920 90112 126976 131072 221184 225280 229376 233472 368640 372224 642560 646656 663552 667648 684032 688128 733184 753664 761856 839680 843776 853504 872448 888832 905216 1048576 1048576 1092096 1097216 1155584 1163264 1208320 1228800 1259520 1261568 1269760 1282048 1290240 1327104 1343488 1396736 1572864 1572864 1622016 1675264 1679360 1691648 1695744 1708032 1712128 1720320 1785856 1908736 1910272 1925120 1929216 1933312 1998848 2019328 2023424 2101248 2105344 2113536 2183168 2211840 2215936 2265088 2285568 2375680 2441216 2469888 2473984 2531328 2535424 2609152 2613248 2621440 2629632 2654208 2658304 2711552 2712064 2768896 2850816 2859008 2863104 3047424 3055616 3100672 3112960 3117056 3121152 3133440 3145728 3149824 3153920 3186176 3218944 3244032 3248128 3276800 3284992 3350528 3362816 3424256 3428352 3485696 3559424 3563520 3567616 3641344 3657728 3702784 3703808 3805184 4194304 4194304 4378624 4448256 4493312 4550656 4624384 4657152 4718592 4718592 4980736 4984832 5017600 5074944 5091328 5218304 5226496
41 77 45056 110592 266240 270336 274432 278528 303104 307200 318976 323584 352256 356352 360448 393216 417280 421376 430080 434176 450560 524288 524288 712704 761856 765952 770048 774144 798720 806912 888832 892928 1060864 1069056 1077248 1089536 1097728 1101824 1167360 1171456 1179648 1183744 1187840 1191936 1212416 1216512 1228800 1236992 1241088 1242112 1310720 1572864 1572864 1703936 1769472 1773568 1785856 1789952 1818624 1822720 1855488 1859584 1863680 1867776 1916928 1921024 1925120 1929216 1961984 1970176 2007040 2011136 2039808 2043904 2121728 2129920 2142208 2146304 2285568 2289664 2322432 2326528 2363392 2437120 2441216 2461696 2490368 2494464 2555392 2621440 2621440 2637312 2654208 2658304 2924544 2990080 3047424 3051520 3092480 3104768 3137536 3145728 3145728 3227648 3231744 3233280 3342336 3346432 3354624 3366912 3420160 3432448 3444736 3448832 3457024 3469312 3497984 3506176 3547136 3612672 3616768 3620864 3715072 3747840 3780608 3784704 3923968 3932160 3956736 4079616 4341760 4349952 4382720 4386816 4390912 4391424 4550656 4554752 4562944 4567040 4575232 4579328 4648960 4653056 4657152 4661248 4665344 4666368 4669440 4685824 4812800 4915200 5066752 5070848 5181440 5185536
42 51 3584 24064 69632 106496 278528 282624 303104 319488 356352 376832 512000 516096 520192 524288 524288 585728 700416 704512 737280 794624 827392 831488 876544 880640 913408 917504 1007616 1011712 1166848 1183744 1265152 1314304 1638400 1650688 1777664 1806336 1810432 1843200 1937408 2002944 2097152 2121728 2125824 2129920 2134016 2138112 2166784 2170880 2174976 2183680 2265088 2330624 2351104 2363392 2387968 2392064 2482176 2490368 2621440 2625536 2719744 2723840 2764800 3145728 3145728 3670016 3670016 3674112 3702784 3710976 3751936 3764224 3825152 3829248 3911680 3977216 4001792 4005888 4014080 4022272 4026368 4030464 4067328 4091904 4202496 4210688 4227072 4231168 4300800 4308992 4325376 4423680 4632576 4636672 4820992 4825088 4915200 4923392 4927488 4931584 5009408 5025792
43 64 61440 94208 110592 114688 184320 187904 266240 290816 516096 524288 524288 532480 581632 585728 618496 621056 708608 774144 782336 786432 1007616 1011712 1085440 1089536 1093632 1097728 1200128 1257472 1331200 1335296 1343488 1345536 1380352 1400832 1404928 1409024 1445888 1454080 1486848 1495040 1499136 1503232 1548288 1556480 1564672 1572864 1654784 1658880 1687552 1691648 1699840 1703936 1736704 1740800 1830912 1847296 1863680 1953792 1990656 1998848 2002944 2035712 2150400 2154496 2158592 2162688 2183168 2187264 2424832 2425344 2428928 2433024 2465792 2469888 2490368 2555904 2596864 2621440 2621440 2785280 2826240 2830336 2871296 2875392 2949120 2953216 3100672 3108864 3121152 3125248 3227648 3264512 3350528 3411968 3473408 3538944 3604480 3637248 3657728 3670016 3670016 3723264 3817472 3821568 3833344 3837440 3878912 3883008 3891200 3895296 3989504 3997696 4079616 4083712 4100096 4104192 4194304 4251136 4255232 4509184 4591616 4599808 4681728 4718592 4718592 4763648 4780032 5021696
44 28 49152 200704 303104 307200 433664 437760 438272 479232 528384 532480 692224 757760 765952 770048 778240 782336 884736 1048576 1048576 1085440 1130496 1134592 1159168 1161728 1166848 1170944 1249280 1257472 1290240 1294336 1359872 1363968 1400832 1409024 1441792 1458176 1462272 1465344 1527808 1531904 1540096 1572864 1572864 2097152 2097152 2621440 2621440 3145728 3145728 3670016 3670016 4194304 4194304 4718592 4718592 5242880
45 10 0 524288 524288 1048576 1048576 1572864 1572864 2097152 2097152 2621440 2621440 3145728 3145728 3670016 3670016 4194304 4194304 4718592 4718592 5242880
46 13 0 524288 524288 1048576 1048576 1572864 1572864 2097152 2097152 2621440 2621440 3067904 3121664 3145728 3145728 3670016 3670016 4194304 4194304 4718592 4718592 5201408 5206016 5210112 5222400 5242880
47 28 0 286720 318976 331264 339968 344064 454656 462848 536576 548864 630784 651264 675840 1048576 1048576 1183744 1253376 1282048 1622016 1708032 1712128 2097152 2097152 2621440 2621440 3063808 3100672 3145728 3145728 3260416 3309568 3317760 3325952 3330048 3391488 3395584 3407872 3473408 3584000 3600384 3649536 3653632 3657728 3670016 3670016 3682304 3796992 3932160 4149760 4194304 4194304 4685824 4698112 4718592 4718592 5242880
48 45 0 524288 524288 1024000 1044480 1048576 1048576 1097216 1101312 1572864 1572864 2097152 2097152 2621440 2621440 3145728 3145728 3481600 3493888 3497984 3538944 3543040 3604480 3670016 3690496 3694592 3723264 3760128 3842048 3846144 3887104 3887616 3891200 3895296 3899392 3903488 3969024 3970560 3989504 3993600 4009984 4014080 4018176 4020224 4022272 4023296 4026880 4027392 4029440 4029952 4030976 4031488 4032000 4032512 4033024 4033536 4035072 4035584 4036096 4036608 4037120 4037632 4038144 4038656 4136448 4144640 4214784 4259840 4283904 4288000 4329472 4337664 4362240 4366336 4423680 4452352 4456448 4521984 4587520 4653056 4718592 4726784 4808704 4812800 4816896 4870144 5070848 5091328 5144064 5168640
49 19 0 20480 24576 28672 147456 151552 245760 253952 294912 299008 339968 397312 400896 437760 453632 459776 471040 483328 552960 557056 602112 1048576 1048576 1572864 1572864 2097152 2097152 2621440 2621440 3145728 3145728 3670016 3670016 4194304 4194304 4718592 4718592 5242880
50 10 0 524288 524288 1048576 1048576 1572864 1572864 2097152 2097152 2621440 2621440 3145728 3145728 3670016 3670016 4194304 4194304 4718592 4718592 5242880
51 16 0 524288 524288 1048576 1048576 1572864 1572864 2097152 2097152 2621440 2621440 3145728 3145728 3670016 3670016 4194304 4194304 4718592 4718592 4901376 5038080 5046272 5066752 5068800 5152768 5156864 5177344 5181440 5189120 5193216 5206016 5226496
52 53 446464 450560 458752 462848 499200 503296 503808 516096 536064 540160 548864 557056 585728 589824 610304 630784 688128 753664 765952 884736 897024 1048576 1048576 1146880 1167360 1171456 1200128 1204224 1277952 1413120 1474560 1572864 1572864 1675264 1683456 1982464 1986560 2002944 2011136 2097152 2097152 2207744 2252800 2257408 2359296 2424832 2588672 2600960 2613248 2617344 2977792 2981888 2994176 3145728 3145728 3256320 3366912 3375104 3436544 3440640 3493888 3497984 3510272 3584000 3690496 3694592 3715072 3780608 3792896 3874816 4182016 4186112 4190208 4194304 4194304 4214784 4321280 4325376 4460544 4464640 4501504 4513792 4546560 4554752 4702208 4706304 4710400 4718592 4718592 4755456 4784128 4804608 4808704 4810240 4911104 4915200 5021696 5025792 5029888 5033984 5046272 5083136 5095424 5099520 5148672 5156864
53 55 40960 106496 139264 143360 352256 360448 389120 393216 397312 406528 434176 458752 495616 499712 520192 524288 524288 528384 651264 655360 684032 688128 847872 851968 925696 929792 1110016 1114112 1282048 1286144 1335296 1339392 1465856 1572864 1572864 1605120 1609216 1957376 1966080 1970176 1974272 1978368 2019328 2023424 2231808 2235904 2252800 2273280 2293760 2294272 2326528 2392064 2502144 2547200 2850816 2854912 2871296 2871808 2875392 2879488 2883584 2887680 3219456 3350528 3420160 3485696 3534848 3538944 3543040 3546112 3551232 3616768 3756032 3780608 3800576 3804672 3981312 3985408 3997696 4001792 4014080 4018176 4030464 4034560 4050944 4055040 4149248 4165632 4321280 4325376 4341760 4345856 4370432 4399104 4403200 4407296 4476928 4481024 4493312 4497408 4505600 4513792 4538368 4542464 4730880 4734976 4780032 4784128 4841472 5115392
54 33 32768 524288 524288 1048576 1048576 1572864 1572864 2097152 2097152 2621440 2621440 3145728 3145728 3248128 3301376 3317760 3342336 3428352 3440640 3493888 3506176 3563520 3571712 3670016 3670016 3702784 3739648 3743744 3993600 3997696 4009984 4030464 4046848 4071424 4096000 4186112 4190208 4194304 4194304 4308992 4386816 4415488 4419072 4423168 4440064 4636672 4714496 4718592 4718592 4780032 4784128 4788224 4820992 4825088 4845568 4861952 4898816 4964352 5013504 5042176 5087232 5091328 5095424 5226496 5234688 5242880
55 54 0 45056 49152 65536 77824 94208 131072 135168 139264 176128 180224 196608 200704 204800 245760 376832 409600 421888 425984 430080 442368 524288 524288 638976 655360 806912 819200 827392 888832 1048576 1048576 1572864 1572864 1818624 1884160 1957888 2007040 2011136 2015232 2019328 2035712 2043904 2072576 2097152 2097152 2162688 2211840 2408448 2412544 2420736 2424832 2441216 2469888 2524672 2539520 2605056 2637824 2654208 2662400 2666496 2670592 2674688 2691072 2699264 2707456 2711552 2727936 2732032 2736128 2738176 2834432 2838528 2842624 2850816 2928640 2932736 3010560 3080192 3092480 3100672 3117056 3133440 3149824 3153920 3272704 3280896 3297280 3305472 3407872 3473408 3502080 3506176 3510272 3522560 3538944 3546624 3592192 3596288 3633152 3637248 3645440 3670016 3670016 4194304 4194304 4718592 4718592 5242880
56 113 0 225280 249856 253952 294912 299008 327680 331776 339456 351744 356352 421888 450560 454656 458752 462848 475136 483328 520192 524288 532480 536576 540672 544768 622592 634880 696320 708608 712704 716800 724992 729088 733184 737280 741376 749568 761856 778240 782336 1048576 1048576 1486336 1486848 1499136 1507328 1511424 1523712 1527808 1536000 1544192 1556480 1572864 1585152 1839104 1843200 1847296 1851392 1859584 1863680 1875968 1884160 1888256 1892352 1908736 1912832 1916928 1921024 1925120 1929216 1933312 1937408 1945600 1957888 1966080 1978368 1986560 1994752 1998848 2002944 2007040 2023424 2027520 2031616 2035712 2052096 2080768 2084864 2097152 2097152 2125824 2138112 2142208 2154496 2158592 2162688 2166784 2170880 2179072 2191360 2195456 2203648 2207744 2224128 2228224 2244608 2248704 2256896 2310144 2314240 2318336 2322432 2330624 2338816 2342912 2351104 2359296 2371584 2379776 2387968 2396160 2400256 2408448 2412544 2433024 2441216 2457600 2469888 2473984 2482176 2490368 2494464 2498560 2506752 2519040 2523136 2527232 2531328 2535424 2543616 2547712 2555904 2572288 2576384 2584576 2596864 2600960 2629632 2641920 2654208 2658304 2662400 2678784 2682880 2691072 2695168 2707456 2711552 2732032 2736128 2748416 2777088 2781184 2785280 2809856 2822144 2830336 2838528 2867200 2871296 2883584 2887680 2895872 2904064 2908160 2916352 2953216 2973696 2977792 3072000 3117056 3149824 3166208 3325952 3330048 3440128 3472896 3592192 3596288 3600384 3604480 3727360 3764224 3866624 3874816 3952640 3956736 3977216 3981312 4034560 4036608 4042752 4046848 4124672 4128768 4190208 4194304 4198400 4202496 4239360 4435968 4550656 4554752 4558848 4579328 4628480 4632576 4648960 4669440 4784128 4785664 4861440 4931072 4939776 4943872 4960256 5222400
57 93 69632 77824 245760 376832 405504 409600 601600 605696 647168 675840 880640 884736 888832 978944 1028096 1036288 1040384 1048576 1048576 1077248 1081344 1343488 1351680 1355776 1470464 1478656 1589248 1884160 1978368 1994752 2015232 2019328 2068480 2071040 2121728 2125824 2134016 2138112 2158592 2211840 2236416 2301952 2306048 2371584 2428928 2490368 2523136 2527232 2531328 2600960 2641920 2646016 2650112 2715648 2719744 2793472 2801664 2805760 2842624 2994176 3014656 3018752 3026944 3104768 3108864 3117056 3125248 3129344 3145728 3211264 3215360 3284992 3309568 3313664 3317760 3321856 3342336 3346432 3354624 3407872 3411968 3424256 3428352 3436544 3444736 3448832 3452928 3461120 3473408 3477504 3481600 3485696 3657728 3659264 3739648 3743232 3764224 3768320 3858432 3859968 3928064 3932160 3944448 3977216 3989504 4001792 4014080 4018176 4022272 4026368 4030464 4034560 4038656 4042752 4050944 4055040 4067328 4071424 4075520 4079616 4091904 4100096 4112384 4116480 4149248 4153344 4157440 4182016 4198400 4218880 4222976 4227072 4239360 4247552 4255744 4263936 4268032 4284416 4300800 4304896 4308992 4313088 4321280 4358144 4362240 4366336 4370432 4374528 4395008 4399104 4407296 4415488 4419584 4423680 4431872 4435968 4440064 4448256 4452352 4476928 4505600 4513792 4517888 4542464 4546560 4550656 4554752 4558848 4579328 4583424 4587520 4591616 4599808 4603904 4608000 4616192 4620288 4624384 4640768 4644864 4653056 4718592 4718592 5230592 5234688 5238784
58 114 4096 8192 12288 16384 20480 24576 36864 40960 45056 69632 73728 77824 81920 135168 151552 155648 212992 516096 548864 557056 589824 592896 614400 622592 847872 864256 925696 929792 1101824 1105920 1159168 1163264 1286144 1290240 1372160 1376256 1392640 1396736 1433600 1437696 1466368 1478656 1482752 1486848 1617920 1622016 1634304 1638400 1662976 1667072 1703936 1707520 1798144 1802240 1839104 1843200 1867776 1871872 1925120 1937408 1941504 1945600 1978368 1982464 1998848 2002944 2007040 2011136 2060288 2064384 2129408 2211328 2215424 2264576 2280960 2334208 2338304 2437120 2449408 2518528 2522624 2571776 2592768 2596864 2637312 2653696 2654208 2658304 2662400 2670592 2686976 2691072 2772992 2777088 2797568 2801664 2809856 2813952 2834432 2838528 2875392 2879488 2908160 2912256 3063808 3100672 3104768 3112960 3149824 3162112 3170304 3174400 3215360 3219456 3223552 3239936 3252224 3260416 3268608 3276800 3284992 3289088 3297280 3305472 3309568 3317760 3325952 3342336 3346432 3469312 3481600 3486208 3506176 3510272 3518464 3522560 3526656 3530752 3596288 3598336 3633152 3637248 3661824 3665920 3694592 3698688 3727360 3731456 3743744 3747840 3751936 3756032 3784704 3792896 3817472 3821568 3833856 3837952 3846144 3850240 3891200 3895296 3907584 3911680 3915776 3919872 3936256 4038656 4087808 4091904 4124672 4128768 4153344 4157440 4177920 4186112 4231168 4300800 4304896 4308992 4313088 4378624 4390912 4395008 4399104 4657152 4743168 4767744 4792320 4796416 4845568 4849664 4870144 4874240 4878336 4882432 4886528 4890624 4898816 4902912 4911104 4919296 4964352 4968448 4976640 4980736 4997120 5001216 5005312 5009408 5054464 5062656 5066752 5070848 5074944 5082624 5086208 5087232 5090816 5095424 5124096 5128192 5165056 5168640 5177344 5181440 5193216 5205504
59 137 8192 12288 204800 208896 229376 233472 249856 253952 352256 360448 368640 372736 393216 401408 421888 425984 466944 483328 495616 499712 532480 536576 610304 655360 708608 716800 819200 827392 860160 864256 917504 954368 970752 974848 986624 990720 1007616 1015808 1080832 1129984 1134080 1572864 1572864 1605632 1613824 1617920 1630208 1634304 1835008 1880064 1933312 1941504 1986048 1990144 2027520 2031616 2080768 2084864 2088960 2097152 2109440 2113536 2125824 2134016 2138112 2142208 2146304 2166784 2170880 2174976 2179072 2183168 2187264 2191360 2207744 2211840 2220032 2224128 2232320 2293760 2306048 2310144 2314240 2371584 2375680 2387968 2396160 2412544 2416640 2424832 2428928 2445312 2449408 2457600 2461696 2469888 2473984 2478080 2482176 2486272 2494464 2502656 2514944 2523136 2531328 2551808 2555904 2560000 2568192 2572288 2576384 2580480 2584576 2588672 2592768 2600960 2613248 2617344 2621440 2633728 2637824 2641920 2650112 2658304 2662400 2670592 2674688 2682880 2715648 2719744 2723840 2727936 2740224 2748416 2760704 2764800 2772992 2781184 2785280 2801152 2801664 2809856 2838528 2842624 2859008 2871296 2875392 2887680 2891776 2912256 2916352 2981888 2985984 2990080 3026944 3027456 3227648 3229696 3338240 3661824 3665920 3670016 3670016 3682304 3702784 3768320 3858432 3862528 3866624 3870720 3887104 3888128 3932160 3936256 4029952 4034048 4067328 4075008 4169728 4173824 4247552 4251648 4255744 4258816 4272128 4280320 4292096 4296192 4354048 4358144 4402688 4460032 4489216 4542464 4546048 4550144 4562944 4571136 4583424 4595712 4612096 4616192 4648960 4653056 4665344 4669440 4677632 4685824 4689920 4698112 4706304 4710400 4718592 4730880 4734976 4739072 4747264 4755456 4759552 4767744 4784128 4788224 4808704 4812800 4820992 4825088 4833280 4841472 4845568 4853760 4874240 4886528 4902912 4911104 4915200 4923392 4927488 4939776 4943872 4947968 4952064 4956160 4972544 4973056 4988928 5009408 5013504 5017600 5021696 5025792 5029888 5033984 5042176 5050368 5070848 5079040 5083136 5087232 5091328 5095424 5099520 5103616 5107712 5111808 5132288 5136384 5156864 5181440 5189632 5193728 5197824 5226496 5230592 5234688
60 80 24576 28672 32768 36864 40960 45056 57344 90112 94208 98304 102400 106496 135168 139264 143360 147456 151552 155648 167936 172032 192512 196608 225280 299008 303104 307200 311296 327680 331776 344064 356352 372736 376832 385024 389120 393216 397312 405504 409600 413696 417792 421888 425984 430080 445952 450560 454656 462848 466944 524288 524288 1027584 1028096 1036288 1040384 1048576 1048576 1052672 1060864 1093632 1101824 1105920 1110016 1146880 1155072 1277440 1282048 1306624 1310720 1318912 1323008 1421312 1425408 1449984 1454080 1458176 1462272 1507328 1511424 1515520 1531904 1536000 1540096 1548288 1556480 1560576 1564672 1572864 1576448 1592832 1596928 1650688 1687552 1724416 1757184 1798144 1908736 1912832 1921024 1933312 1937408 1941504 1986560 1990656 1994752 1998848 2011136 2015232 2019328 2023424 2076672 2080768 2228224 2232320 2351104 2355200 2383360 2387456 2391552 2395648 2407936 2428416 2432512 2436608 2440704 2444800 2629632 2646016 2772992 2838528 2949120 2953216 2973696 2977792 3237888 3239424 3256320 3276800 3293184 3321856 3366912 3563520 3584000 3670016 3670016 4194304 4194304 4259840 4288512 4300800 4304896 4718592 4718592 4825088 4829184 4853760 4874240 4878336 4890624 5242880
61 11 0 524288 524288 1048576 1048576 1572864 1572864 2097152 2097152 2621440 2621440 3145728 3145728 3670016 3670016 3780608 3784704 4194304 4194304 4718592 4718592 5242880
62 22 0 524288 524288 1048576 1048576 1572864 1572864 2097152 2097152 2191872 2216448 2621440 2621440 2752512 2768896 2772992 2781184 2785280 2793472 3145728 3145728 3670016 3670016 3846144 3854336 4194304 4194304 4587008 4681728 4685824 4726784 4730880 4800512 4804608 4939776 4943872 4976640 4984832 5033984 5099520 5128192 5144576 5148672 5150720
63 52 16384 20480 106496 114688 139264 151552 155648 159744 204800 208896 348160 380928 397312 401408 638976 643072 753664 757760 770048 774144 790528 921600 1023488 1048576 1048576 1072640 1076736 1572864 1572864 1576448 1633792 1646080 1789952 1818624 2023424 2027520 2080768 2084864 2117632 2121728 2150400 2154496 2281472 2289664 2371584 2375680 2564096 2621440 2621440 2629632 2678784 2691072 2809856 2818048 3076096 3080192 3190784 3194880 3260416 3268608 3280896 3289088 3371008 3387392 3436544 3440640 3469312 3473408 3510272 3514368 3624960 3629056 3665920 3670016 3723264 3726336 3821568 3829760 3919872 3923968 3960832 3964928 4001792 4002816 4014080 4018176 4067328 4079616 4100096 4104192 4141056 4149248 4161024 4194304 4194304 4210176 4214272 4562432 4669440 4718592 4718592 4771840 4775936 5210112
64 61 12288 20480 77824 98304 204800 208896 282624 286720 327680 344064 397312 401408 430080 434176 507904 512000 520192 524288 524288 528384 544768 548864 573440 581632 593920 598016 618496 622592 630784 634880 638976 647168 659456 663552 704512 708608 729088 745472 749568 819200 823296 876032 901120 905216 933888 937984 946176 958464 978944 983040 1097728 1150976 1212416 1277952 1310720 1314816 1441792 1445888 1490944 1499136 1507328 1572864 1572864 1576960 1609728 1626112 1654784 1658880 1675264 1679360 1687552 1699840 1789952 1794048 1896448 1900544 1933312 1998848 2146304 2150400 2228224 2232320 2240512 2248704 2326528 2396160 2494464 2495488 2502656 2510848 2514944 2519040 2527232 2531328 2711552 2715648 2772992 2781184 2899968 2900992 2920448 2985984 3072000 3080192 3153920 3301376 3371008 3375104 3379200 3506176 3637248 3649536 3690496 3698688 3739648 3854848 3920384 4194304 4194304 4718592 4718592 5242880
65 10 0 524288 524288 1048576 1048576 1572864 1572864 2097152 2097152 2621440 2621440 3145728 3145728 3670016 3670016 4194304 4194304 4718592 4718592 5242880
66 16 0 524288 524288 1048576 1048576 1572864 1572864 1901056 1925120 2097152 2097152 2621440 2621440 3145728 3145728 3670016 3670016 4182016 4194304 4325376 4333568 4345856 4374528 4718592 4718592 4767744 4800512 4808704 4829184 4833280 4837376 5242880
67 28 143360 212992 233472 290816 294912 303104 344064 352256 385024 475136 577536 581632 589824 655360 671744 737280 847872 851968 1048576 1052672 1060864 1073152 1105920 1564672 1581056 1646592 1650688 1654784 1740800 1744896 1761280 1765376 1777664 1780224 1863680 2097152 2097152 2191360 2195456 2621440 2621440 3145728 3145728 3235840 3256320 3367424 3403776 3407872 3432960 3670016 3670016 4194304 4194304 4718592 4718592 5242880
68 58 0 524288 524288 900608 937984 946176 991232 1028096 1036288 1044480 1118208 1122304 1142784 1155072 1208320 1212416 1249280 1261568 1277952 1290240 1312256 1312768 1347584 1368064 1404928 1413120 1417216 1421312 1495040 1572864 1572864 1581056 1609728 1716224 1761280 1937408 1961984 1966080 2023424 2024448 2072576 2080768 2084864 2093056 2310144 2314240 2461696 2527232 2617344 2621440 2703360 2707456 2711552 2715648 2785280 2789376 2818048 3145728 3145728 3670016 3670016 4005888 4071424 4075520 4141056 4145152 4182016 4186112 4202496 4206592 4239360 4243456 4366336 4370432 4386304 4390400 4399104 4403200 4411392 4427776 4435968 4440064 4464640 4467712 4489216 4497408 4542464 4546560 4595712 4599808 4612096 4616192 4624384 4627456 4640768 4644864 4751360 4755456 4763648 4767744 4771840 4775936 4898816 4902912 4947968 4952064 4960256 4964352 5017600 5029888 5053952 5058048 5107712 5111808 5140480 5177344
69 63 73728 90112 192512 193536 237056 458752 499712 524288 524288 630784 667648 671744 696320 761856 827392 905216 958464 1024000 1060864 1064960 1155072 1351680 1433088 1437184 1445888 1449984 1458176 1507328 1548288 1572864 1572864 1986560 2158592 2207744 2244096 2248192 2408448 2424832 2502656 2506752 2551808 2568192 2617344 2621440 2621440 2633728 2686976 2691584 2699264 2752512 2756608 2760704 2883072 2895872 2907648 2911744 2912256 2916352 2924032 2928128 2932224 2936320 2952704 2960896 2965504 2969600 2973696 3145728 3145728 3670016 3670016 3984896 3997184 4009472 4013568 4034560 4038144 4042240 4046336 4054528 4058624 4062720 4066816 4070912 4079104 4103680 4104192 4165120 4165632 4194304 4194304 4238848 4242944 4542464 4546048 4582912 4591616 4595712 4608000 4616192 4755456 4759552 4800512 4804608 4836864 4840960 4845056 4849152 4857344 4861440 4865536 4869632 4890624 4894720 4898816 4915200 4964352 4972544 5079040 5083136 5115904 5120000 5197824 5201920 5210112 5242880
70 37 0 36864 40960 45056 155648 159744 163840 167936 212992 217088 262144 503808 573440 577536 598016 602112 667648 1048576 1048576 1572864 1572864 1707520 1723904 1875968 1945600 1949696 1994752 2097152 2097152 2117632 2179072 2187264 2199552 2232320 2240512 2621440 2621440 3145728 3145728 3670016 3670016 3989504 4005888 4009984 4050944 4083712 4116480 4165632 4218880 4259840 4272128 4276224 4284416 4300800 4317184 4325376 4329472 4345856 4354048 4362240 4370432 4386816 4390912 4395008 4476928 4636672 4640768 4718592 4718592 4784128 4833280 5067264 5132800 5242880
71 10 0 524288 524288 1048576 1048576 1572864 1572864 2097152 2097152 2621440 2621440 3145728 3145728 3670016 3670016 4194304 4194304 4718592 4718592 5242880
72 33 0 524288 524288 1048576 1048576 1572864 1572864 1966080 2150400 2158592 2187264 2191360 2215936 2220032 2281472 2285568 2293760 2297856 2306048 2310144 2334720 2584576 2613248 2621440 2621440 2650112 2682880 2715648 2744320 2748416 2756608 2764800 2781184 2797568 2924032 2994176 3022848 3026944 3063808 3067904 3080192 3092480 3096576 3104768 3112960 3117056 3121152 3129344 3387392 3452928 3538944 3604480 3715072 3747840 3813376 3817472 3911680 3977216 4038144 4042240 4206592 4210688 4214784 4718592 4718592 5242880
73 48 0 32256 45056 110592 131072 196608 245760 401408 586240 655360 749568 753664 786432 790528 823296 827392 868352 884736 942080 946176 1048576 1114112 1191936 1204224 1261568 1327104 1417216 1421312 1609728 1626112 1728512 1740800 1764864 1768960 1867776 1871872 1957888 1964544 2088960 2093056 2121216 2129408 2220032 2224128 2265088 2269184 2363392 2367488 2576384 2580480 2686976 2691072 2789376 2793472 2842624 2875392 2887680 2940928 2990080 3121152 3145728 3670016 3670016 4009984 4111872 4115968 4190208 4194304 4194304 4202496 4218368 4222464 4227072 4296704 4317184 4321280 4366336 4431872 4521984 4526080 4534272 4538368 4595200 4603392 4685312 4718592 4718592 4734464 4738560 5049856 5058560 5111808 5197824 5201920 5238784 5242880
74 24 0 524288 524288 1048576 1048576 1572864 1572864 2031616 2113024 2117120 2146304 2150400 2187264 2191360 2297856 2301952 2367488 2375680 2441216 2449408 2707456 2711552 2846720 2850816 2879488 2965504 3141632 3145728 3284992 3289088 3358720 3362816 3387392 3395584 3436544 3440640 3584000 3588096 3694592 3760128 3796992 3801088 3907584 4194304 4194304 4718592 4718592 5242880
75 51 0 524288 524288 684032 692224 696320 704512 712704 774144 786432 860160 860672 884736 888832 917504 937984 958464 970752 1314816 1441792 1495040 1503232 1511424 1515520 1536000 1548288 1556480 1560576 1572864 1916928 1925120 2002944 2043904 2056192 2093056 2097152 2097152 2101248 2105344 2109440 2113536 2121728 2142208 2215936 2269184 2293760 2428928 2433024 2465792 2469888 2490368 2498560 2535424 2600960 2609152 2613248 2703360 2936832 2985984 2990080 3047424 3051520 3063808 3104768 3112960 3145728 3145728 3190784 3248128 3252224 3256320 3260416 3464704 3476992 3599872 3603968 3637248 3641344 3644928 3649024 3715072 3780608 3801088 3866624 3915264 3919360 3952640 3956736 4087808 4096000 4100096 4104192 4120576 4124672 4182016 4190208 4194304 4198400 4247552 4718592 4718592 5242880
76 44 0 524288 524288 1048576 1048576 1572864 1572864 2097152 2097152 2166272 2170880 2209280 2228224 2293760 2490368 2576384 2625536 3145728 3145728 3276800 3284992 3293184 3375104 3391488 3416064 3428352 3436544 3440640 3448832 3451392 3452928 3457024 3510272 3513344 3571712 3575808 3604480 3670016 3670016 3682304 3772416 3854848 3866624 3867648 3870720 3900928 3903488 3905024 3907584 3944448 3948544 3949568 3952640 3985408 4063232 4194304 4194304 4296704 4341760 4354048 4366336 4370432 4390912 4403200 4407296 4456448 4489216 4513792 4538368 4550656 4554752 4558848 4562944 4575232 4653056 4718592 4718592 4739072 4759552 4812800 4849664 4853760 4952064 4956160 4960256 4964352 5062656 5242880
77 68 0 4096 45056 53248 98304 102400 122880 126976 204800 208896 212992 217088 233472 233984 303104 307200 323584 327680 360448 364544 393216 417792 421888 430080 466944 475136 602112 606208 700416 716800 733184 737280 745472 806912 843776 847872 872448 876544 880640 884736 892928 897024 901120 905216 974848 977920 1200128 1202176 1351680 1355776 1404928 1413120 1507328 1511936 1519616 1527808 1536000 1540096 1572864 1576960 1593344 1658880 1675264 1757184 1835008 1839104 1863680 1866240 1900544 1916928 1945600 2097152 2097152 2293760 2375680 2378752 2400256 2412544 2445312 2621440 2621440 3145728 3145728 3198976 3354624 3366912 3375104 3379200 3387392 3391488 3403776 3407872 3473408 3538944 3587584 3591680 3702784 3735552 3846144 3850240 4079616 4096000 4132864 4141056 4300800 4325376 4485120 4497408 4603904 4608000 4661248 4665344 4677632 4689920 4706304 4707328 4730880 4739072 4743168 4747264 4771840 4772864 4812800 4849664 4866048 4878336 4939776 4943872 5091328 5095424 5111808 5115904 5185536 5187072 5234688 5238784
78 33 36864 49152 53248 57344 102400 106496 184320 192512 225280 229376 233472 237568 270336 274432 327680 393216 401408 409600 417792 419840 503808 512000 516096 524288 524288 528384 581632 585728 593920 598016 602112 606208 671744 673280 692224 835584 901120 987136 991232 1048576 1048576 1052672 1069056 1073152 1089536 1097728 1114112 1171456 1200128 1204224 1310720 1572864 1572864 2097152 2097152 2621440 2621440 3145728 3145728 3670016 3670016 4194304 4194304 4718592 4718592 5242880
79 10 0 524288 524288 1048576 1048576 1572864 1572864 2097152 2097152 2621440 2621440 3145728 3145728 3670016 3670016 4194304 4194304 4718592 4718592 5242880
80 64 0 524288 524288 569344 602112 606208 737280 741376 819200 823296 1015296 1019392 1720320 1724416 1769472 1970176 1994752 2048000 2056192 2060288 2064384 2080768 2097152 2117632 2179072 2195456 2203648 2228224 2232320 2236416 2276864 2280960 2338816 2342912 2428416 2461184 2465280 2473472 2477568 2498048 2527232 2555904 2572288 2621440 2621440 2629632 2646016 2649088 2654208 2715648 2719744 2764800 2785280 2830336 2850816 2891776 2912256 3145728 3145728 3178496 3194880 3198976 3309568 3493888 3563520 3566592 3661824 3662848 3723264 3727872 3747840 3760128 3784704 3866624 3887104 3888640 3936256 3969024 3985408 4063232 4075520 4079616 4087808 4091904 4116480 4128768 4145152 4194304 4194304 4222976 4234752 4238848 4272128 4304896 4325376 4337664 4358144 4366336 4370432 4375040 4378624 4382720 4390912 4395008 4435968 4436992 4444160 4456448 4481024 4485120 4513792 4538368 4603904 4608000 4677632 4681728 4767744 4771840 4784128 4820992 4825088 4968448 4980736 5042176 5210112 5218304 5222400 5226496
81 53 0 73728 126976 131072 208896 212992 258048 483328 524288 622592 655360 860160 917504 1007616 1048576 1142784 1179648 1273856 1302528 1335296 1523712 1527808 1617920 1703936 1716224 1717248 1769472 1900544 1912832 1921024 2076672 2080768 2117632 2134016 2142208 2146304 2158592 2162688 2248704 2252800 2297856 2301952 2306048 2310144 2322432 2326528 2351104 2355200 2392064 2396160 2400256 2407424 2420736 2426368 2609152 2613248 2691072 2699264 2748416 2793472 2797568 2805760 2809344 2813440 2826240 2887680 2965504 2973696 3177984 3227136 3231232 3538432 3551232 3670016 3670016 4185600 4329472 4370432 4382720 4403200 4427776 4432384 4521984 4542464 4595712 4598784 4665344 4669440 4673536 4677632 4681216 4718592 4718592 4746752 4751360 4784128 4890624 4894720 4943872 4947968 4956160 4988928 5054464 5055488 5083136 5242880
82 11 0 425984 442368 524288 524288 1048576 1048576 1572864 1572864 2097152 2097152 2621440 2621440 3145728 3145728 3670016 3670016 4194304 4194304 4718592 4718592 5242880
83 28 0 524288 524288 1048576 1048576 1572864 1572864 1851392 1855488 2097152 2097152 2621440 2621440 3002880 3006464 3047424 3051520 3145728 3145728 3604480 3621376 3641344 3645440 3649536 3653632 3657728 3686400 3719680 3723264 4182528 4186112 4186624 4198400 4202496 4218880 4222464 4275712 4279808 4316672 4320768 4460544 4468736 4481024 4483584 4550656 4571136 4611584 4615680 4706304 4710400 4812800 4820992 4845568 4955136 5193728 5197824
84 60 19968 28160 40448 44544 48640 52736 69120 73216 303104 458752 598016 614400 737280 774144 798720 835584 847872 892928 905216 918528 974848 978944 983040 1044480 1060864 1093632 1114112 1228800 1241088 1245184 1261568 1298432 1310720 1323008 1327104 1429504 1454080 1486848 1495040 1572864 1613824 1617920 1667072 1671168 1679360 1732608 1810432 1811456 1839104 1841152 1855488 1896448 1900544 1925120 2031104 2097152 2134016 2138112 2191360 2195456 2359296 2379776 2400256 2416640 2678784 2682880 2866688 2870784 2883584 2949120 3018752 3019776 3112960 3117056 3125248 3129344 3133440 3145728 3145728 3670016 3670016 3678208 3698688 3715072 3756032 3760128 3813376 3817472 3829760 4194304 4194304 4341760 4415488 4440064 4444160 4718592 4784128 4788224 4808704 4833280 4866048 4874240 4915200 4931584 4980736 5013504 5025792 5033984 5038080 5042176 5062656 5079040 5087232 5103616 5111808 5128192 5177344 5189632 5210112 5213184
85 38 65536 106496 131072 155648 196608 204800 233472 237568 294912 524288 548864 598016 614400 616960 618496 774144 778240 782336 831488 832512 839680 856064 921600 954368 974848 1003520 1015808 1024000 1097728 1101824 1114112 1138688 1150976 1187840 1241088 1302528 1425408 1438208 1441792 1470464 1572864 1703936 1728512 2097152 2097152 2621440 2621440 3145728 3145728 3670016 3670016 4063232 4128768 4194304 4194304 4210688 4402688 4407296 4411392 4415488 4427776 4440064 4444160 4456448 4460544 4485120 4587520 4595712 4816896 4849664 5013504 5017600 5054464 5058560 5087232 5242880
86 38 0 438272 454656 458752 462848 475136 507904 512000 520192 524288 524288 917504 929792 933888 1011712 1024000 1028096 1032192 1048576 1085440 1097728 1110016 1134592 1138688 1142784 1146880 1191936 1204224 1269760 1273856 1306624 1355776 1380352 1384448 1409024 1433600 1470464 1474560 1601024 1605632 1642496 1646592 1761280 1765376 1835008 1847296 1851392 1855488 1880064 1882624 1900544 1908736 2084864 2097152 2097152 2117632 2121216 2125312 2129408 2621440 2621440 2645504 2686976 2695168 2781184 3145728 3145728 3670016 3670016 4194304 4194304 4378624 4382720 4718592 4718592 5242880
87 11 0 524288 524288 1048576 1048576 1572864 1572864 2097152 2097152 2621440 2621440 3145728 3145728 3289088 3293184 3670016 3670016 4194304 4194304 4718592 4718592 5242880
88 13 0 524288 524288 1048576 1048576 1572864 1572864 2097152 2097152 2621440 2621440 3145728 3145728 3670016 3670016 4194304 4194304 4243456 4378112 4382208 4407296 4440064 4448256 4718592 4718592 5242880
89 52 0 524288 524288 782336 786432 1048576 1048576 1572864 1572864 1966080 2019328 2023424 2031616 2048000 2064384 2068480 2072576 2080768 2093056 2097152 2105344 2109440 2183168 2211840 2236416 2244608 2256896 2260992 2265088 2269184 2293760 2297856 2301952 2306048 2338816 2347008 2375680 2412544 2527232 2564096 2584576 2588672 2633728 2637824 2641920 2646016 2772992 2777088 2781184 2813952 3018752 3067904 3072000 3076096 3080192 3145728 3174400 3215360 3219456 3330048 3383296 3387392 3411968 3416064 3473408 3477504 3538944 3670016 3670016 3883008 3985408 4005888 4026368 4046848 4182016 4186112 4198400 4201984 4390912 4399104 4407296 4411392 4526080 4567040 4583424 4587520 4603904 4616192 4632576 4640768 4808704 4812800 4849664 4852224 4882432 4886528 4952064 4956160 5066752 5070848 5103616 5107712 5238784 5242880
90 55 8192 12288 20480 32768 69632 98304 102400 110592 135168 139264 155648 159744 172032 233472 241664 266240 278528 376832 442368 446464 466944 475136 479232 524288 524288 528384 532480 565248 618496 630784 770048 774144 786432 933888 983040 1048576 1085440 1097728 1114112 1179648 1245184 1376256 1441792 1572864 1634304 1650688 1703936 1871872 1884160 1888256 1896448 1900544 1949696 1953792 2129920 2146304 2174976 2621440 2621440 3145728 3145728 3670016 3670016 3747840 3751936 3768320 3796480 3800576 3829248 3850240 3936256 3964928 4071424 4075520 4079616 4096000 4165632 4194304 4194304 4202496 4231168 4255744 4304896 4308992 4341760 4345856 4509696 4517888 4554752 4599808 4620288 4632576 4661248 4677632 4685824 4698112 4730880 4739072 4820992 4825088 4972544 4974080 4976640 4980736 5033984 5038080 5050368 5050880 5177344 5185536
91 35 20480 28672 139264 151552 196608 221184 274432 524288 524288 1048576 1060864 1097728 1101824 1105408 1187840 1191936 1224192 1289728 1323008 1327104 1355264 1572864 1572864 1650176 1740800 1744896 1966080 1970176 1978368 1982464 2060288 2097152 2097152 2109440 2154496 2338816 2404352 2408448 2609152 2613248 2879488 2883584 2940928 2945024 3022848 3026944 3059712 3067904 3162112 3180032 3305472 3309568 3362816 3366912 3510272 3670016 3670016 3977216 4018176 4194304 4194304 4571136 4812800 4816896 4956160 5033984 5169152 5177344 5210112 5214208
92 10 16384 524288 524288 1048576 1048576 1572864 1572864 2097152 2097152 2621440 2621440 3145728 3145728 3670016 3670016 4194304 4194304 4718592 4718592 5193728
93 33 24576 65536 167936 172032 253440 257536 306688 310784 339968 524288 524288 634880 638976 647168 679936 696320 737280 1048576 1048576 1347584 1351680 1572864 1572864 2097152 2097152 2621440 2621440 2965504 2981888 2985984 3006464 3010560 3022848 3026944 3158016 3166208 3198464 3670016 3670016 3751424 3836416 3845632 3899392 3944448 4108288 4112384 4337664 4341760 4403200 4472832 4489216 4575232 4608000 4616192 4624384 4644864 4661248 4669440 4689920 4694016 4710400 4714496 4780032 4788224 4849664 4943872
94 49 36864 40960 86016 90112 159744 188416 602112 638976 651264 655872 774144 778240 782336 786432 794624 798720 872448 909312 937984 954368 987136 995328 1032192 1048576 1048576 1052672 1101824 1114112 1187840 1196032 1204224 1220608 1347584 1351680 1380352 1413120 1449984 1470464 1515520 1518080 1556480 1564672 1609728 1617920 1662976 1671168 1703936 1769472 1810432 1851392 1884160 1892352 1908736 1916928 1937408 1961984 1970176 2097152 2097152 2273280 2334720 2551808 2555904 2621440 2621440 2686976 2732032 2736128 2752512 2798080 2875392 2879488 2957312 2958336 2969600 2973696 3018752 3022848 3137536 3141632 3231744 3235840 3342336 3403776 3407872 3416064 3686400 3751936 3883008 4128768 4133888 4147200 4153344 4194304 4194304 4718592 4718592 5242880
95 14 0 524288 524288 1048576 1048576 1572864 1572864 2097152 2097152 2621440 2621440 2822144 2834432 3145728 3145728 3260416 3268608 3272704 3289088 3309568 3321344 3670016 3670016 4194304 4194304 4718592 4718592 5242880
96 36 0 32256 86016 94208 143360 151552 204800 208896 257536 261632 290816 294912 327680 458752 573440 577536 618496 622592 831488 835584 839680 905216 917504 983040 1200128 1572864 1572864 1576960 1769472 1855488 1953792 1957888 1966080 2031616 2072576 2076672 2129920 2158592 2162176 2621440 2621440 3145728 3145728 3670016 3670016 4021760 4025856 4194304 4194304 4705792 4800512 4825088 4849664 4915200 4968448 4972544 4980736 4984832 4988928 4997120 5025792 5029888 5045760 5050368 5066752 5099520 5111808 5115904 5144576 5148672 5177344 5181440
97 59 0 65536 73728 75264 299008 303104 307200 311296 348160 352256 372736 373760 376832 380928 393216 524288 786432 851968 880640 884736 929792 995328 1011712 1019904 1175552 1359872 1380352 1413120 1417216 1454080 1572864 1638400 1695744 1699840 1716224 1718784 1728512 1732608 1888256 1900544 1966080 2052096 2179072 2211840 2359296 2424832 2506752 2621440 2621440 3031040 3043328 3047424 3067904 3076096 3092480 3096576 3100672 3145728 3145728 3276800 3284992 3289088 3325952 3330048 3338240 3342336 3375104 3383296 3399680 3403776 3481600 3641344 3690496 3694592 3710976 3719168 3739648 3743744 3751936 3760128 3821568 3829760 3837952 3842048 3850240 3854336 3866624 3874816 3878912 3895296 3932160 3970048 4087808 4088832 4239360 4268032 4415488 4419584 4616192 4624384 4644864 4648960 4653056 4689920 4702208 4706304 4714496 4718592 4755456 4780032 4845568 4853760 4894720 4895232 5038080 5042176 5062656 5067776
98 73 167936 180224 217088 233472 241664 245760 331776 352256 356352 383488 389120 395264 413696 475136 540672 602112 614400 618496 688128 692224 712704 741376 745472 1048576 1048576 1253376 1343488 1347584 1499136 1572864 1572864 2097152 2097152 2170880 2174976 2596864 2605056 2621440 2621440 2797568 2801664 2805760 2957312 2961408 2977792 2981888 3014656 3018752 3043328 3047424 3080192 3088384 3161600 3165696 3186176 3190272 3231744 3235840 3342336 3342848 3379200 3383296 3424256 3452928 3526656 3592192 3624960 3629056 3792896 3795456 3801088 3805184 3821568 3825664 3874816 3878912 3964928 3969024 3993600 4001792 4018176 4026368 4063232 4067328 4190208 4194304 4194304 4198400 4259840 4263936 4313088 4317184 4358144 4362240 4390912 4395008 4415488 4419584 4431872 4435968 4460544 4464640 4497408 4501504 4530176 4534272 4550656 4554752 4710400 4714496 4726784 4730880 4743168 4747264 4767744 4771840 4788224 4792320 4812800 4816896 4820992 4825088 4845568 4849664 4853760 4857856 4874240 4886528 4939776 4943872 4976640 4984832 5038080 5046272 5058560 5062656 5111808 5128192 5177344 5181440 5193728 5197824 5201920 5206016 5210112 5214208
99 52 0 4096 77824 81920 172032 200704 212992 217088 237568 241664 274432 278528 290816 294912 372736 380928 397312 401408 417792 421888 458240 462336 471040 472576 512000 516096 544256 548352 659456 663552 724992 729088 794624 798720 835584 856064 868352 876544 880640 909312 913408 917504 1040384 1048576 1048576 1179648 1236992 1572864 1572864 1638400 1650688 1654784 1658880 1662976 1679360 1683456 1732608 1736704 1753088 1761280 1794048 1798144 1826816 1830912 1859584 1925120 1953792 1966080 1986560 1990656 2064384 2068480 2072576 2076672 2097152 2117632 2129920 2334720 2355200 2396160 2408448 2420736 2461696 2467840 2469888 2470912 2482176 2489856 2551808 2560000 2600960 2605056 2654208 2719744 2736640 3145728 3145728 3670016 3670016 4194304 4194304 4718592 4718592 5242880
