#StripeID,rangenumber,BlockOffsetStart,BlockOffsetEnd
0 10 0 65536 65536 131072 131072 196608 196608 262144 262144 327680 327680 393216 393216 458752 458752 524288 524288 589824 589824 655360
1 8 0 65536 65536 131072 131072 196608 196608 262144 262144 327680 327680 385024 421888 458752 458752 487424
2 8 73728 77824 225280 262144 262144 327680 327680 393216 393216 458752 458752 524288 524288 589824 589824 655360
3 10 0 65536 65536 114688 172032 176128 184320 196608 196608 208896 262144 266240 446464 458752 462848 466944 585728 589824 589824 593920
4 9 57344 61440 106496 107008 114688 131072 131072 196608 196608 245760 299008 327680 327680 380928 400896 413184 638976 643072
5 6 114688 118784 147456 196608 196608 262144 262144 290816 475136 524288 524288 532480
6 13 131072 135168 155648 196608 196608 262144 262144 327680 327680 393216 393216 458752 458752 471040 503808 512000 544768 552960 557056 589824 589824 622592 634880 638976 651264 655360
7 13 4096 12288 32768 36864 40960 49152 69632 77824 102400 110592 139264 143360 200704 204800 266240 270336 278528 286720 360448 393216 393216 417792 425984 434176 606208 630784
8 7 249856 253952 299008 327680 327680 393216 393216 458752 458752 524288 524288 589824 589824 655360
9 10 0 65536 65536 90112 323584 327680 335872 339968 393216 397312 425472 458752 458752 474624 478720 524288 524288 589824 589824 650752
10 12 20480 24576 28672 32768 261632 262144 262144 310784 314880 327680 327680 393216 393216 458752 458752 524288 524288 589824 589824 605696 606208 610304 622592 625664
11 10 8192 12288 94208 98304 188416 192512 208384 212480 237568 243200 262144 286720 294912 299008 368640 372736 430080 434176 557056 561152
12 8 126976 131072 203264 206336 270336 274432 282624 294912 323584 327680 520192 524288 524288 528384 532480 557056
13 10 8192 65536 65536 131072 131072 196608 196608 262144 262144 327680 327680 393216 393216 458752 458752 479232 606208 610304 634880 638976
14 5 135168 139264 196608 262144 348160 352256 393216 397312 589824 655360
15 9 0 65536 65536 81920 143360 196608 196608 245760 360448 368640 372736 376832 462848 466944 557056 561152 589824 606208
16 4 49152 53248 73728 77824 307200 323584 446464 450560
17 15 8192 10240 106496 110592 135168 139264 143360 147456 163840 196608 196608 229376 245760 249856 253952 262144 262144 278528 303104 307200 495616 497152 499712 524288 524288 578048 598016 602112 622592 655360
18 10 0 32768 81920 131072 131072 147456 229376 262144 262144 294912 450560 454656 479232 524288 524288 544768 557056 589824 589824 622592
19 9 16384 28672 32256 48640 81920 131072 131072 147456 299008 303104 388608 393216 393216 396800 409600 410112 557056 581632
20 6 0 8192 81920 131072 131072 167936 495616 503808 561152 565248 606208 655360
21 7 0 16384 110592 131072 131072 163840 294912 299008 319488 323584 548864 589824 589824 614400
22 11 16384 65536 65536 81920 114688 116736 131072 196608 196608 262144 262144 311296 405504 458752 458752 475136 557056 589824 589824 598016 638976 643072
23 11 57344 65536 65536 86016 94208 102400 114688 118784 163840 167936 299008 311296 327680 331776 372736 376832 450560 454656 491520 524288 524288 552960
24 11 32768 36864 40960 65536 65536 106496 114688 126976 147456 196608 196608 212992 376832 380928 397312 406528 417792 438272 520192 524288 548864 552960
25 11 12800 65536 65536 131072 131072 196608 196608 229376 233472 262144 262144 327680 327680 393216 393216 458752 458752 524288 524288 589824 589824 655360
26 9 0 65536 65536 131072 131072 196608 196608 262144 262144 327680 327680 393216 393216 401920 581632 585728 606208 610304
27 11 73728 77824 90112 114688 126976 131072 131072 196608 196608 262144 262144 327680 327680 393216 393216 458752 458752 524288 524288 585728 634880 643072
28 15 0 8192 20480 24576 32768 65536 65536 110592 249856 250368 253952 258048 262144 266240 274432 282624 308224 319488 393216 421888 430080 438272 450560 458752 458752 524288 524288 589824 589824 655360
29 10 0 65536 65536 131072 131072 196608 196608 262144 262144 327680 327680 393216 393216 458752 458752 524288 524288 589824 589824 655360
30 10 0 65536 65536 131072 131072 196608 196608 262144 262144 327680 327680 393216 393216 458752 458752 524288 524288 589824 589824 655360
31 10 0 65536 65536 78336 94208 98304 155648 163840 249856 253952 258048 262144 262144 327680 327680 389120 544768 548864 626688 638976
32 3 258048 262144 266240 307200 638976 643072
33 3 110592 114688 544768 589824 589824 655360
34 13 0 65536 65536 131072 131072 196608 196608 200704 237568 241664 262144 327680 327680 393216 425984 430080 433664 458752 458752 524288 528384 532480 622592 634880 643072 655360
35 7 0 12288 28672 65536 65536 131072 225280 229376 503808 520192 524288 589824 589824 655360
36 4 53248 57856 188416 192512 409600 458752 458752 475136
37 7 36864 49152 57344 61440 331776 335872 339968 344064 405504 421888 569344 573440 618496 622592
38 7 36864 65536 65536 102400 180224 196608 196608 245760 413696 458752 524288 589824 589824 655360
39 10 0 65536 65536 131072 131072 196608 196608 262144 262144 327680 327680 393216 393216 458752 458752 524288 524288 589824 589824 655360
40 10 0 65536 65536 131072 131072 196608 196608 262144 262144 327680 327680 393216 393216 458752 458752 524288 524288 589824 589824 655360
41 9 0 65536 65536 131072 131072 196608 196608 208896 249856 253952 380928 385024 458752 462848 573440 589824 589824 638976
42 9 32768 45056 122880 131072 131072 196608 364544 368640 442368 458752 458752 507904 532480 552960 561152 589824 589824 598016
43 8 139264 147456 225792 234496 237568 241664 421888 425984 458752 471040 475136 477696 483328 487424 495616 499712
44 7 8192 12288 24576 28672 139264 140800 217088 221184 446464 450560 573440 577536 651264 655360
45 9 16384 20480 155648 163840 221184 233472 319488 327680 327680 335872 339968 393216 500224 524288 524288 589824 589824 655360
46 10 0 65536 65536 131072 131072 196608 196608 262144 262144 327680 327680 393216 393216 458752 458752 524288 524288 589824 589824 655360
47 10 0 65536 65536 131072 131072 196608 196608 262144 262144 327680 327680 393216 393216 458752 458752 524288 524288 589824 589824 655360
48 8 0 65536 65536 131072 131072 196608 196608 225280 335872 352256 356352 393216 393216 421888 610304 655360
49 9 0 36864 126976 131072 131072 196608 196608 262144 262144 327680 327680 380928 385024 393216 393216 446464 458752 471040
50 9 212992 217088 274432 327680 327680 393216 393216 458752 458752 524288 524288 536576 557056 589824 589824 626688 638976 643072
51 12 12288 16384 49152 53248 151552 163840 192512 196608 196608 221184 249856 262144 262144 327680 327680 359424 385024 389120 512000 516096 614400 618496 643072 647168
52 9 0 4096 12288 28672 57344 61440 102400 106496 159744 188416 327680 393216 393216 458752 569344 577536 606208 618496
53 6 24576 28672 228864 262144 262144 265728 311296 315392 417792 421888 589824 606208
54 9 24576 36864 45056 49152 110592 114688 299008 307200 327680 393216 442368 454656 466944 471040 557056 561152 634880 655360
55 11 0 61440 106496 110592 122880 131072 241664 245760 249856 262144 324096 327680 327680 393216 393216 458752 458752 524288 524288 589824 589824 655360
56 10 0 65536 65536 131072 131072 196608 196608 262144 262144 327680 327680 393216 393216 458752 458752 524288 524288 589824 589824 655360
57 10 0 65536 65536 131072 131072 196608 196608 262144 262144 327680 327680 393216 393216 458752 458752 524288 524288 589824 610304 655360
58 8 0 20480 196608 262144 262144 327680 327680 393216 393216 458752 458752 524288 524288 589824 589824 655360
59 10 0 65536 65536 131072 131072 196608 196608 262144 262144 327680 327680 393216 393216 458752 458752 524288 524288 589824 589824 655360
60 10 0 65536 65536 131072 131072 196608 196608 262144 262144 327680 327680 393216 393216 458752 458752 524288 524288 589824 589824 655360
61 8 0 65536 65536 131072 131072 196608 196608 262144 262144 327680 512000 524288 524288 577536 589824 655360
62 4 0 65536 217088 222208 225280 229376 618496 622592
63 8 16384 20480 65536 131072 131072 196608 196608 262144 262144 307200 348160 385024 425984 446464 483328 487424
64 7 196608 200704 212992 262144 262144 327680 327680 393216 393216 458752 458752 512000 614400 655360
65 9 0 24576 196608 204800 245760 253952 286720 290816 372736 393216 393216 458752 458752 524288 524288 589824 589824 655360
66 8 0 49152 73728 77824 307200 311296 315392 319488 323584 327680 401408 405504 536576 552960 561152 573440
67 8 0 4096 57344 65536 65536 86016 159744 163840 307200 311296 327680 393216 602112 606208 626688 630784
68 10 0 65536 65536 131072 131072 196608 196608 262144 262144 327680 327680 393216 393216 458752 458752 524288 524288 589824 589824 655360
69 6 20480 24576 32768 36864 90112 91136 229376 233472 507904 516096 544768 565248
70 8 40960 65536 65536 106496 110592 114688 241664 245760 303104 327680 327680 368640 524288 585728 614400 618496
71 13 94208 98304 118784 122880 163328 196608 196608 212480 216576 262144 262144 327680 327680 393216 393216 458240 466944 471040 487424 491520 507904 516096 528384 532480 654848 655360
72 8 0 48640 52736 65536 65536 131072 131072 196608 196608 212480 376832 380928 479232 512000 599552 603648
73 10 94208 131072 131072 196608 196608 262144 262144 274432 335872 368640 425472 458752 458752 474624 478720 524288 524288 589824 589824 655360
74 5 0 65536 65536 130560 135168 143360 217088 225280 356352 360448
75 3 212992 217088 270336 327680 335872 348160
76 13 16384 20480 45056 61440 155648 196608 196608 200704 204800 262144 262144 286720 372736 373760 393216 405504 454656 458752 458752 462848 471040 495616 532480 589824 589824 655360
77 10 0 65536 65536 131072 131072 196608 196608 262144 262144 327680 327680 393216 393216 458752 458752 524288 524288 589824 589824 655360
78 13 0 65536 65536 131072 131072 196608 196608 262144 262144 327680 327680 372736 405504 409600 454656 458752 458752 471040 536576 589824 589824 606208 618496 626688 647168 651264
79 11 0 8192 28672 45056 77824 94208 135168 139264 339968 348672 380928 385024 442368 458752 458752 524288 524288 532480 598016 602112 638976 655360
80 5 0 20480 233472 237568 397312 442368 479232 483328 499712 503808
81 4 49152 53248 180224 184320 262144 327680 425984 438272
82 8 131072 135168 217600 262144 262144 327680 327680 393216 393216 458752 458752 524288 524288 589824 589824 655360
83 12 0 65536 65536 98304 110592 131072 131072 196608 196608 262144 262144 327680 327680 393216 393216 458752 458752 524288 524288 589824 589824 623104 647168 651264
84 11 16384 28672 131072 196608 217088 229376 327680 331776 356352 368640 413696 458752 458752 475136 503808 507904 540672 589824 589824 598016 638976 643072
85 10 90112 106496 155648 159744 167936 196608 196608 233472 315392 327680 327680 344064 364544 368640 454656 458752 552960 557056 610304 618496
86 12 106496 110592 114688 115200 118784 122880 126976 131072 274432 278528 290816 294400 294912 327680 327680 393216 393216 458752 458752 524288 524288 589824 589824 655360
87 10 0 65536 65536 131072 131072 196608 196608 262144 262144 327680 327680 393216 393216 458752 458752 524288 524288 589824 589824 655360
88 10 0 65536 65536 131072 131072 196608 196608 262144 262144 327680 327680 393216 393216 458752 458752 524288 524288 589824 589824 655360
89 9 0 65536 65536 131072 131072 196608 196608 205312 491520 495616 528384 589824 610304 610816 614400 618496 622592 626688
90 6 12288 28672 192512 196608 196608 208896 327680 331776 385024 389120 425984 430080
91 4 393216 458752 458752 524288 524288 589824 589824 655360
92 10 0 65536 65536 131072 131072 196608 196608 262144 339968 393216 393216 397312 417792 421888 523776 524288 524288 589824 589824 655360
93 7 0 65536 65536 131072 319488 324608 389120 393216 393216 421888 524288 589824 589824 655360
94 6 0 65536 65536 131072 196608 262144 348160 352256 479232 483328 643072 655360
95 5 65536 73728 110592 131072 131072 196608 196608 208896 462848 466944
96 5 225280 229376 258048 262144 274432 278528 593920 630784 634880 655360
97 10 0 65536 65536 131072 131072 196608 196608 262144 262144 327680 327680 393216 393216 458752 458752 524288 524288 589824 589824 655360
98 10 0 65536 65536 131072 131072 196608 196608 262144 262144 327680 327680 393216 393216 458752 458752 524288 524288 589824 589824 655360
99 10 0 65536 65536 131072 131072 196608 196608 262144 262144 327680 327680 393216 393216 458752 458752 524288 524288 589824 589824 655360
