#StripeID,rangenumber,BlockOffsetStart,BlockOffsetEnd
0 65 0 524288 524288 983040 986624 991232 1028096 1032192 1085440 1089536 1097216 1101312 1101824 1105920 1126400 1138688 1142784 1146880 1228800 1232896 1236992 1241088 1261568 1265664 1282048 1290240 1298432 1302528 1314816 1318912 1327104 1343488 1441792 1572864 1572864 1691648 1703936 1908736 1933312 1998848 2015232 2019328 2035712 2039808 2113536 2195456 2207744 2228224 2232320 2236416 2338816 2342912 2383872 2387968 2408448 2424832 2428416 2461184 2465280 2473472 2477568 2493952 2551808 2555904 2646016 2649088 2711552 2712064 2912256 2916352 2920448 2924544 2928640 2932736 2973696 2977792 3043328 3112960 3117056 3121152 3124736 3128832 3133440 3145728 3149824 3153920 3194880 3198976 3237888 3239424 3346432 3347456 3424256 3428352 3473408 3475968 3551232 3559424 3563520 3567616 3592192 3596288 3600384 3604480 3608576 3637248 3641344 3645440 3661824 3662848 3723264 3727872 3747840 3751936 3756032 3760128 3776512 3780608 3805184 3813376 3829760 3837952 3846144 3850240 3858432 3887104 3940352 3960832 3997696 4153344
1 71 12288 16384 40960 43520 61440 65536 69632 73728 86016 106496 110592 114688 135168 139264 147456 151552 167424 171520 176128 180736 286720 290816 311296 319488 356352 372736 389120 397312 401408 413696 425984 430080 454656 516096 573440 577536 593920 598016 659456 663552 687616 704000 712192 716288 720896 733184 753664 761856 774144 823808 827392 831488 843776 847872 856064 860160 864256 868352 880640 897024 1011712 1014784 1015808 1048576 1048576 1089536 1142784 1146880 1290240 1294336 1327104 1331200 1495040 1572864 1572864 1691648 1744896 1753088 1785856 1802240 1896448 1900544 1949696 1953792 2015232 2097152 2097152 2170880 2211840 2212864 2228224 2232320 2236416 2240512 2252800 2289664 2347008 2621440 2621440 2756608 2764800 2765824 2772992 2781184 2805760 3145728 3145728 3149824 3158016 3178496 3190784 3194880 3207168 3211264 3244032 3268608 3289088 3293184 3297280 3301376 3334144 3338240 3346432 3350528 3371008 3375104 3399680 3403776 3411968 3485696 3489792 3514368 3592192 3596288 3657728 3661824 3788800 3854336 3857920 3862016 3964928 4194304
2 8 0 524288 524288 1048576 1048576 1572864 1572864 2097152 2097152 2621440 2621440 3145728 3145728 3670016 3670016 4194304
3 8 0 524288 524288 1048576 1048576 1572864 1572864 2097152 2097152 2621440 2621440 3145728 3145728 3670016 3670016 4194304
4 37 0 524288 524288 1048576 1048576 1417216 1486848 1503232 1523712 1527808 1531904 1536000 1544192 1552384 1585152 1589248 1622016 1642496 1650688 1671168 2007040 2011136 2137600 2141696 2211840 2215936 2224128 2228224 2232320 2240512 2277376 2281472 2334720 2338816 2347008 2351104 2359296 2363392 2420736 2424832 2473984 2478080 2482176 2486272 2572288 2576384 2617344 2621440 2723840 2724864 2736128 2740224 2768896 2781184 2846720 2854912 2912256 2916352 2928640 2994176 3006464 3010560 3026944 3031040 3153408 3202560 3203072 3456512 3620864 3670016 3670016 3723264 3727360 4145152
5 78 57344 61440 65536 73728 81920 98304 311296 315392 327680 344064 376832 380928 430080 434176 438272 479232 528384 532480 565248 585728 606208 614400 692224 774144 798720 835584 847872 1048576 1048576 1093632 1114112 1159168 1166848 1228800 1232896 1236992 1241088 1249280 1261568 1323008 1327104 1429504 1454080 1486848 1495040 1572864 1609728 1617920 1679360 1699840 1703936 1732608 1855488 1896448 1900544 1925120 1990656 2060288 2064384 2068480 2134016 2142208 2146304 2150400 2174976 2207744 2228224 2232320 2256896 2265088 2269184 2273280 2281472 2285568 2318336 2330624 2351104 2359296 2363392 2379776 2457600 2473984 2539520 2605056 2629632 2646016 2666496 2732032 2789376 2793472 2863104 2870784 2871296 2875392 2908160 2912256 2953216 2957312 2965504 2969600 3026944 3031040 3072000 3084288 3088384 3092480 3112960 3117056 3121152 3129344 3133440 3137536 3158016 3170304 3182592 3190784 3198976 3203072 3223552 3301376 3305472 3307008 3350528 3366912 3371008 3375104 3428352 3432448 3440640 3543040 3559424 3567616 3612672 3637248 3661824 3665920 3690496 3715072 3719168 3727360 3731456 3735552 3739648 3772416 3788800 3817472 3846144 3850240 3862528 3973120 4005888 4009984 4018176 4022272 4124672 4194304
6 8 0 524288 524288 1048576 1048576 1572864 1572864 2097152 2097152 2621440 2621440 3145728 3145728 3670016 3670016 4194304
7 8 0 524288 524288 1048576 1048576 1572864 1572864 2097152 2097152 2621440 2621440 3145728 3145728 3670016 3670016 4194304
8 30 0 524288 524288 1048576 1048576 1572864 1572864 2097152 2097152 2621440 2621440 3145728 3178496 3182592 3264512 3268608 3272704 3276800 3289088 3309568 3321856 3323392 3346432 3350528 3362816 3366912 3371008 3379200 3399680 3403776 3464704 3476992 3497984 3510272 3543040 3547136 3555328 3620864 3649536 3653632 3710976 3715072 3743744 3747840 3801088 3805184 3817472 3883008 3895296 3899392 3915776 3919872 3993600 3997696 4014080 4018176 4075520 4079616 4112384 4194304
9 23 0 49152 102400 112128 122880 126976 135168 139264 167424 171520 180224 196608 237568 241664 262144 266240 274432 278528 282624 290816 299008 364544 532480 598016 610304 614400 626688 643072 655360 675840 679936 700416 704512 1048576 1048576 1572864 1572864 2097152 2097152 2621440 2621440 3145728 3145728 3670016 3670016 4194304
10 10 0 524288 524288 1048576 1048576 1572864 1572864 1998848 2002944 2097152 2097152 2621440 2621440 3145728 3145728 3670016 3670016 3727360 3735552 4194304
11 49 0 389120 487424 491520 524288 532480 737280 741376 765952 774144 794624 798720 835584 839680 949760 974336 1212416 1220608 1343488 1347584 1368064 1376256 1400832 1402368 1425408 1429504 1478656 1482240 1585152 1589248 1601536 1605632 1716224 1720320 1740800 1744896 1748992 1757184 1769472 2097152 2097152 2125824 2203648 2211840 2334720 2338816 2359296 2465792 2482176 2494464 2605056 2609152 2633728 2646016 2658304 2662400 2707456 2715648 2887680 2891776 2904064 2908160 2916352 2920448 2936832 2949120 2961408 3002368 3035136 3080192 3112960 3117056 3182592 3186688 3231744 3260416 3313664 3317760 3342336 3346432 3432448 3436544 3543040 3612672 3682304 3694592 3747840 3801088 3833856 3837952 3932160 3944448 3984896 4005376 4038656 4046848 4128768 4194304
12 61 4096 8192 32768 57344 73728 90112 98304 102400 122880 126976 139264 147456 151552 176128 196608 262144 274432 278528 380928 385024 393216 397312 417792 524288 524288 540672 544768 548864 557056 561152 614400 626688 675840 679936 729088 733184 794624 798720 839680 860160 880640 888832 897024 901120 978944 987136 991232 995328 999424 1032192 1052672 1060864 1363968 1368064 1445888 1449984 1458176 1466368 1568768 1572864 1572864 1575936 1576960 1581056 1585152 1605632 1609728 1613824 1634304 1638400 1703936 1706496 1744896 1748992 1785856 1789952 1794048 1798144 1966080 1974272 2011136 2031616 2035712 2056192 2064384 2072576 2093056 2097152 2097152 2621440 2633728 2637824 2670592 2674688 2715648 2748416 2793472 2801664 2953216 2969600 2977792 2981888 3035136 3039232 3055616 3059712 3067904 3080192 3182592 3186688 3198976 3203072 3210752 3292672 3313664 3325952 3346432 3350528 3419648 3670016 3670016 4194304
13 21 0 524288 524288 1048576 1048576 1437184 1441280 1572864 1572864 2097152 2097152 2186752 2220032 2224128 2260992 2265088 2281472 2285568 2314240 2326528 2379776 2490368 2555904 2600960 2621440 2686976 2879488 2883584 2916352 2920448 2936832 2940928 2953216 2953728 2985984 2990080 3080192 3084288 3145728 3670016 3670016 4194304
14 25 0 524288 524288 917504 974848 978944 1024000 1028096 1118208 1331200 1474560 1478656 1507328 1568768 1581056 1582080 1601536 1605632 1654784 1655808 1667072 1687552 1892352 1896448 1937408 1965056 1974272 1978368 2011136 2019328 2084864 2097152 2097152 2150400 2183168 2187264 2220032 2293760 2297856 2621440 2621440 3145728 3145728 3670016 3670016 4132864 4169728 4173824 4182016 4186112
15 33 0 8192 32768 36864 86016 90112 98304 102400 151552 159744 163840 172032 176128 180224 192512 196608 262144 290816 307200 524288 524288 856064 884736 925696 1024000 1028096 1073152 1180672 1200128 1204224 1261568 1277952 1396736 1404928 1478656 1482752 1503232 1507328 1629696 1633792 1662976 1667072 1699840 1703936 1835008 2097152 2097152 2621440 2621440 3145728 3145728 3485696 3493888 3497984 3506176 3510272 3530752 3604480 3629056 3637248 3719168 3723264 3730944 3735040 3735552 4194304
16 9 0 524288 524288 1048576 1048576 1572864 1572864 2097152 2097152 2621440 2621440 3145728 3145728 3670016 3670016 3793408 3858944 4194304
17 9 0 303104 307200 524288 524288 1048576 1048576 1572864 1572864 2097152 2097152 2621440 2621440 3145728 3145728 3670016 3670016 4194304
18 14 0 524288 524288 1048576 1048576 1572864 1572864 2097152 2097152 2621440 2621440 3145728 3145728 3194880 3227648 3293184 3428352 3436544 3665920 3667968 3735552 3739648 3751936 3817472 3821568 4083712 4128768 4149248
19 35 8192 20480 36864 40960 77824 81920 151040 155136 172032 180224 278528 524288 524288 806912 819200 823296 876544 954368 1003520 1007616 1024000 1032192 1056768 1060864 1064960 1073152 1175552 1183744 1208320 1212416 1273856 1277952 1282048 1306624 1343488 1376256 1380352 1384448 1396736 1400832 1409024 1413120 1417216 1421312 1490944 1556480 1576960 1579008 1605632 1654784 1695744 1699840 1708032 1712128 1785856 2097152 2097152 2138112 2195456 2215936 2220032 2224128 2228224 2621440 2621440 3145728 3145728 3670016 3670016 4194304
20 9 0 524288 524288 1048576 1048576 1572864 1572864 2097152 2097152 2621440 2621440 3145728 3145728 3670016 3670016 4021760 4025856 4194304
21 50 0 511488 540672 544768 548864 552960 565248 618496 720896 749568 765952 1028096 1122304 1123840 1208320 1212416 1236992 1241088 1282048 1286144 1294336 1425408 1441792 1466368 1748992 1755648 1761280 1765376 1814016 1830400 1835008 1871872 1888256 1896448 1900544 1921024 1929216 1933312 1937408 2027520 2088960 2097152 2097152 2125824 2129920 2408448 2424832 2433024 2437120 2498560 2527232 2531328 2584576 2588672 2637824 2932736 2936832 2965504 3026944 3035136 3059712 3067904 3149824 3153920 3272704 3276800 3293184 3305472 3321856 3330048 3366912 3371008 3424256 3427328 3522560 3543040 3579904 3670016 3670016 3772416 3829760 3833856 3845632 3878400 3911680 3981312 3997696 4042752 4046848 4050944 4067328 4075520 4091904 4104192 4112384 4120576 4128768 4132864 4149248 4153344
22 44 8192 20480 32256 52736 56832 101888 105984 471040 483328 491520 512000 516096 536576 605696 606208 966144 1011712 1048576 1048576 1060864 1073152 1077248 1093632 1122304 1212416 1277952 1282048 1286144 1425408 1429504 1458176 1462272 1507328 1544192 1556480 1560576 1568768 1572864 1572864 1961472 1998848 2064384 2105344 2109440 2170880 2174976 2215936 2220032 2265088 2277376 2310144 2342912 2367488 2371584 2457600 2523136 2613248 2621440 2621440 2625536 2650112 2654208 2686976 2690048 2785280 2789376 2793472 2937344 2953216 2990080 3079680 3145728 3145728 3481088 3527168 3571712 3608576 3612672 3694592 3702784 3833344 3866624 3919872 3985408 4022272 4026368 4071424 4194304
23 18 0 118784 184320 249856 307200 311296 315392 380928 393216 397312 458752 466944 495104 524288 524288 577536 589824 593920 606208 614400 643072 774144 905216 1048576 1048576 1572864 1572864 2097152 2097152 2621440 2621440 3145728 3145728 3670016 3670016 4194304
24 11 0 524288 524288 918016 937984 942080 946176 950272 983552 1048576 1048576 1572864 1572864 2097152 2097152 2621440 2621440 3145728 3145728 3670016 3670016 4194304
25 9 0 524288 524288 630784 634880 1048576 1048576 1572864 1572864 2097152 2097152 2621440 2621440 3145728 3145728 3670016 3670016 4194304
26 27 0 524288 524288 1048576 1048576 1572864 1572864 1908736 1925120 1929216 1961984 2056192 2068480 2097152 2097152 2342912 2375680 2380800 2428928 2452480 2572288 2576384 2850816 2863104 2883584 2945024 2949120 3006464 3010560 3018752 3166208 3170304 3244032 3256320 3272704 3276800 3309568 3330048 3338240 3342336 3383296 3395584 3407872 3670016 3670016 3940352 3956736 3964928 4038656 4042752 4132864 4136960 4186112 4194304
27 61 0 274432 278528 286720 290816 294912 299008 303104 311296 323584 327680 331776 352256 360448 446464 458752 532480 536576 540672 544768 548864 551424 643072 700416 716800 720896 745472 761856 806912 827392 1040384 1048576 1048576 1052672 1064960 1077248 1093632 1105920 1196032 1200128 1282048 1286656 1417216 1421312 1425408 1429504 1474560 1540096 1576960 1589248 1605632 1609728 1622016 1634304 1638400 1642496 1654784 1667072 1683456 1687552 1699840 1703936 1761280 1769472 1806336 1810432 1835008 1871872 1937408 2097152 2097152 2469888 2523136 2621440 2621440 2686976 2752512 2818048 2879488 2969600 2994176 3006464 3018752 3055616 3063808 3080192 3141632 3145728 3145728 3211264 3223552 3227648 3338240 3481600 3497984 3500544 3510272 3514368 3596288 3600384 3604480 3608576 3629056 3670016 3686400 3690496 3813376 3817472 3829760 3846144 3849728 3853824 3891200 3895296 3989504 4001792 4026368 4046848 4059136 4063232 4177920 4194304
28 45 0 24576 36352 44544 48640 52736 69632 73728 77824 89600 155648 159744 179712 245248 290816 294912 323584 339968 348160 385024 409600 471040 483328 524288 524288 1048576 1048576 1572864 1572864 1581056 1605632 1613824 1728000 1732096 1777664 1781760 1814528 1880064 1892352 1896448 1966080 1970176 2027520 2097152 2097152 2489856 2572288 2621440 2621440 2662400 2682880 2719744 2764800 2781184 2805760 2809856 2818048 2822144 2879488 2936832 2940928 2945024 3031040 3039232 3256320 3289088 3338240 3342336 3354624 3358720 3411968 3624960 3661824 3670016 3670016 3682304 3710976 3723264 3764224 3768320 3940352 4005888 4030464 4034560 4042240 4075008 4124672 4136960 4169216 4194304
29 50 0 24064 24576 524288 524288 527872 585216 597504 606208 610304 638976 643072 679424 683520 688128 692224 778240 794624 843776 847872 954368 987136 1032192 1036288 1069056 1073152 1077248 1089536 1130496 1155072 1232896 1245184 1434112 1434624 1503232 1507328 1515520 1572864 1572864 1736704 1835008 1871872 1884160 1925120 1957888 1998848 2072576 2076672 2088960 2093056 2179072 2211840 2387968 2392064 2461696 2531328 2605056 2621440 2621440 2674688 2784768 2788864 2830336 2834432 2871296 2875392 2965504 2969600 3014144 3018240 3018752 3035136 3051520 3055616 3067904 3072000 3145728 3162112 3297280 3309568 3321856 3342336 3366912 3371008 3395072 3461120 3502080 3522560 3801088 3817472 3821568 3825664 3854336 3985408 4100096 4104192 4108288 4124672 4145152 4149248
30 32 19968 28160 28672 200704 204800 208896 278528 286720 294912 299008 344064 393216 409600 442368 462848 507904 524288 540672 544768 557056 593920 610304 614400 651264 659456 667648 729088 745472 749568 770048 778240 782336 901120 905216 933888 937984 1097728 1150976 1159168 1161728 1191936 1196032 1351680 1355776 1376256 1388544 1417216 1429504 1490944 1499136 1511424 1515520 1540096 1556480 1589248 2097152 2097152 2621440 2621440 3145728 3145728 3670016 3670016 4194304
31 8 0 524288 524288 1048576 1048576 1572864 1572864 2097152 2097152 2621440 2621440 3145728 3145728 3670016 3670016 4194304
32 8 0 524288 524288 1048576 1048576 1572864 1572864 2097152 2097152 2621440 2621440 3145728 3145728 3670016 3670016 4194304
33 8 0 524288 524288 1048576 1048576 1572864 1572864 2097152 2097152 2621440 2621440 3145728 3145728 3670016 3670016 4194304
34 27 0 524288 524288 1048576 1048576 1572864 1572864 2097152 2097152 2621440 2621440 3145728 3145728 3228160 3235840 3239424 3301376 3304960 3317760 3330048 3342336 3354112 3358208 3366912 3407872 3428352 3464704 3481600 3485696 3526656 3579904 3584000 3624448 3653120 3657728 3661824 3665920 3670016 3670016 3674112 3702784 3760128 3788800 3792896 3801088 3805184 3846144 3850240 4026368 4030464 4055040 4059136 4063232 4071424
35 40 4096 8192 45056 49152 57344 61440 69632 70656 147456 155648 307200 311296 327680 335872 372736 385024 445952 470528 503808 507904 606208 610304 655360 659456 716800 720896 827392 839680 1007616 1011712 1101824 1105920 1134592 1138688 1187840 1191424 1312256 1312768 1372160 1376256 1404928 1413120 1417216 1421312 1462272 1470464 1495040 1572864 1572864 1581056 1634304 1716224 1732608 1736704 1748992 1753088 1765376 1769472 1781760 1785856 1818624 1822720 1847296 1859584 1863680 1884160 1891840 1895936 1896448 1900544 1957888 2097152 2097152 2621440 2621440 3145728 3145728 3670016 3670016 4194304
36 8 0 524288 524288 1048576 1048576 1572864 1572864 2097152 2097152 2621440 2621440 3145728 3145728 3670016 3670016 4194304
37 8 0 524288 524288 1048576 1048576 1572864 1572864 2097152 2097152 2621440 2621440 3145728 3145728 3670016 3670016 4194304
38 8 0 524288 524288 1048576 1048576 1572864 1572864 2097152 2097152 2621440 2621440 3145728 3145728 3670016 3670016 4194304
39 13 0 524288 524288 1048576 1048576 1572864 1572864 2097152 2097152 2621440 2621440 3145728 3145728 3670016 3670016 3852800 3903488 3906560 3907584 3997696 4140544 4144640 4156928 4161024 4161536 4169728
40 22 0 4096 36352 40448 65536 77824 151552 220672 258048 262144 294912 299008 323584 327680 405504 409600 503808 516096 598016 655360 663552 667648 688128 753664 790528 794624 802816 806912 819200 884736 950272 1048576 1048576 1572864 1572864 2097152 2097152 2621440 2621440 3145728 3145728 3670016 3670016 4194304
41 32 0 352768 356352 360448 397312 401408 418304 524288 524288 626688 630784 720896 839680 843776 851968 856064 884736 892928 901120 905216 913408 1048576 1048576 1572864 1572864 2097152 2097152 2621440 2621440 3005952 3010560 3013120 3022848 3026944 3039232 3055616 3088384 3100672 3169792 3177984 3186688 3190784 3239936 3244032 3375104 3440640 3489792 3493888 3751424 3763712 3767808 3771904 3837952 3842048 3891200 3923968 3936256 4013568 4026368 4038656 4095488 4161024 4165120 4194304
42 19 0 524288 524288 819200 864256 868352 880640 884736 933888 999424 1048576 1331200 1384448 1396736 1449472 1457664 1495040 1507328 1539584 1572864 1572864 1588736 1592832 1904128 1912832 1914368 2052096 2056192 2088960 2097152 2097152 2621440 2621440 3145728 3145728 3670016 3670016 4194304
43 28 0 135168 171520 175616 229376 233472 331776 454656 475136 491520 524288 589824 618496 638976 712704 716800 733184 983040 1204224 1220608 1245184 1331200 1343488 1396736 1409024 1466368 1474560 1572864 1572864 1605632 1646592 1650688 1662976 1667072 1699840 1703936 1712128 1744896 1748992 1753088 1810432 1835008 1855488 1859584 1880064 2080768 2093056 2097152 2097152 2621440 2621440 3145728 3145728 3670016 3670016 4194304
44 43 0 524288 524288 1048576 1048576 1572864 1572864 1777664 1785856 1789952 1794048 1802240 1814528 1826816 1916416 1920512 1966080 2031616 2043392 2052096 2084864 2088960 2109440 2117632 2154496 2166784 2211840 2224128 2240512 2269184 2383872 2433024 2457600 2470912 2490368 2498048 2571776 2584064 2588672 2605056 2621440 2637824 2686976 2691072 2752512 2818048 2895872 2899968 2912256 2973184 2977280 3026432 3039232 3047424 3091968 3145728 3145728 3157504 3161600 3670016 3670016 3702784 3723264 3727360 3735552 3780608 3796992 3809280 3854336 3858432 3883008 3887104 3895296 3896320 3899392 3993600 4042752 4046848 4050944 4055040 4079616 4083712 4116480 4128768 4161536 4173824
45 63 0 81920 86016 94208 131072 327680 450560 454656 458752 462848 475136 483328 516096 524288 524288 528384 536576 544768 556032 561664 618496 630784 692224 696320 708608 712704 729088 733184 749568 786432 839680 847872 860160 864256 892928 921600 983040 987136 1032192 1048576 1085440 1248768 1253376 1257472 1261568 1265664 1273856 1277952 1282048 1331200 1335296 1351680 1376256 1388544 1421312 1425408 1433600 1441792 1466368 1470464 1478656 1481728 1503232 1536000 1564672 1568768 1593344 1736704 1757184 1761280 1777664 1789952 1867776 1870336 1875968 1880064 1916928 2002944 2056192 2060288 2080768 2088960 2105344 2109440 2129920 2158592 2174464 2178560 2203648 2209280 2228224 2293760 2301952 2306048 2375168 2621440 2621440 2825728 2838528 2854912 2875392 3035136 3072000 3145728 3145728 3211264 3223040 3231232 3235840 3293184 3334144 3407872 3411968 3670016 3670016 3674112 3788800 3801088 3952640 3958784 3997696 3998720 4042752 4046848 4141056 4149248
46 63 0 4096 12288 15360 73728 77824 167936 176128 245760 249856 299008 323584 331776 348160 356352 360448 413696 446464 454656 475136 487424 499712 503808 507904 606208 630784 872448 905216 913408 933888 942080 946176 950272 962560 978944 983040 1044480 1048576 1048576 1059840 1097728 1105920 1110016 1114112 1306624 1310720 1314816 1318912 1335296 1339392 1351680 1355776 1409024 1413120 1499136 1511424 1568768 1572864 1650176 1654784 1662976 1667072 1695744 1724416 1748992 1761280 1818624 1822720 1839104 1859584 1884160 1888256 1921024 1925120 1929216 1933312 1941504 1945600 1953792 1957888 1966080 1974272 1982464 2097152 2097152 2129920 2158592 2191360 2199552 2228224 2293760 2351104 2355200 2621440 2621440 2916352 2973696 2977792 3014656 3018752 3026944 3100672 3117056 3119616 3182592 3186688 3198976 3211264 3231744 3239936 3272704 3276800 3284992 3309568 3321856 3334144 3411968 3424256 3502080 3506176 3555328 3670016 3670016 4079616 4169728 4173824
47 40 45056 131072 167936 180224 196608 245760 262144 372736 503808 507904 512000 524288 524288 552960 557056 581632 585728 794624 802816 815104 819200 1048576 1048576 1146880 1224704 1228800 1232896 1241088 1372160 1572864 1572864 1961984 1966080 1970176 1982464 1986560 2060288 2064384 2088960 2093056 2097152 2109440 2199552 2232320 2314240 2318336 2342912 2355200 2396160 2400256 2433024 2437120 2449408 2453504 2609152 2613248 2646016 2650112 2686976 2691072 2723840 2727936 2789376 2818048 2883584 2965504 2977792 2981888 3059712 3096576 3133440 3145728 3145728 3215360 3256320 3260416 3407872 3670016 3670016 4194304
48 56 0 524288 524288 1048576 1048576 1495040 1511424 1515520 1536000 1540096 1548288 1552384 1564672 1568768 1593344 1601536 1654784 1658880 1720320 1724416 1757184 1761280 1794048 1798144 1810432 1814528 1818624 1822720 1839104 1843200 1875968 2031616 2056192 2060288 2080768 2088960 2093056 2097152 2097152 2203648 2207744 2211840 2220032 2592768 2596864 2621440 2621440 2740224 2748416 2752512 2789376 2793472 2801664 2805760 2813952 2822144 2854912 2883584 2899968 2904064 2908160 2912256 2957312 2965504 2969600 2973696 2977792 2981888 2989056 2990080 3026944 3031040 3080192 3084288 3153920 3158016 3186176 3190272 3223552 3227648 3248128 3252224 3317760 3346432 3371008 3387392 3395584 3399680 3407872 3428352 3497984 3608576 3641344 3645440 3678208 3682304 3710976 3723264 3874816 3883008 3919872 3928064 3981312 3989504 3993600 3997696 4018176 4030464 4083712 4100096 4161536 4177920
49 64 8192 12288 61440 64000 73728 77824 110592 212992 237568 274432 335872 524288 524288 557056 561152 569344 581632 585728 630784 651264 716800 720896 744960 749056 884736 892928 929792 946176 1011712 1036288 1110016 1138688 1196032 1208320 1220608 1224704 1302528 1304064 1306624 1347584 1359872 1363968 1413120 1419264 1421312 1422336 1433600 1441280 1441792 1474560 1482752 1519616 1703936 1712128 1716224 1720320 1736192 1760768 1781760 1806336 1826816 1830912 1851392 1871872 1978368 1978880 2052096 2056192 2060288 2068480 2129920 2134016 2162176 2244096 2248192 2596352 2596864 2621440 2621440 2924544 2932736 2953216 2994176 3051520 3096576 3100672 3112960 3125248 3227648 3230720 3293184 3297280 3305472 3309568 3333632 3345920 3350528 3411968 3436544 3440640 3469312 3470848 3514368 3518464 3600384 3604480 3682304 3686400 3788800 3792896 3891200 3895296 3923968 3936256 3944448 3957248 3960832 3985408 3993600 3997696 4014080 4018176 4022272 4026368 4071424 4075520 4115968 4194304
50 19 36864 40960 81920 86016 225280 229376 368640 372224 454656 462848 466944 524288 524288 905216 917504 1011712 1015296 1019392 1040384 1048576 1064960 1093632 1105920 1274368 1310720 1318912 1339904 1572864 1572864 2097152 2097152 2621440 2621440 3145728 3145728 3670016 3670016 4194304
51 8 0 524288 524288 1048576 1048576 1572864 1572864 2097152 2097152 2621440 2621440 3145728 3145728 3670016 3670016 4194304
52 8 0 524288 524288 1048576 1048576 1572864 1572864 2097152 2097152 2621440 2621440 3145728 3145728 3670016 3670016 4194304
53 9 0 94720 119296 524288 524288 1048576 1048576 1572864 1572864 2097152 2097152 2621440 2621440 3145728 3145728 3670016 3670016 4194304
54 42 0 393216 458752 460288 471040 524288 524288 753664 798720 802816 811008 819200 827392 831488 864256 868352 884736 888832 987136 1048576 1048576 1097728 1187840 1355776 1417216 1421312 1433600 1437696 1441792 1531904 1581056 1589248 1593344 1594880 1630208 1642496 1736192 1740288 1761280 1769472 1822720 1826816 1847296 1859584 1900544 1904640 2056192 2060288 2121728 2162688 2228224 2244608 2342912 2355200 2400256 2404352 2433024 2445312 2473984 2475520 2560000 2621440 2621440 2961408 3031040 3035136 3051520 3055616 3092480 3100672 3112448 3145728 3145728 3161600 3165696 3513856 3543040 3547136 3575808 3588096 3657728 3661824 3805184 4194304
55 28 0 135168 159744 524288 524288 724992 753664 819200 823296 868352 884736 888832 946176 958464 978944 983040 1015808 1017856 1069056 1085440 1130496 1134592 1155072 1171456 1212416 1277952 1462272 1465344 1507328 1572864 1572864 1617920 1654784 1658880 1675264 1683456 1691648 1835008 1851392 1855488 1888256 1892352 1900544 1998848 2031616 2097152 2097152 2219520 2265600 2621440 2621440 3145728 3145728 3670016 3670016 4194304
56 8 0 524288 524288 1048576 1048576 1572864 1572864 2097152 2097152 2621440 2621440 3145728 3145728 3670016 3670016 4194304
57 9 0 524288 524288 1048576 1048576 1572864 1572864 2097152 2097152 2621440 2621440 3145728 3145728 3670016 3670016 4034560 4038656 4194304
58 8 0 524288 524288 1048576 1048576 1572864 1572864 2097152 2097152 2621440 2621440 3145728 3145728 3670016 3670016 4194304
59 9 0 524288 524288 1048576 1048576 1572864 1572864 2097152 2097152 2240512 2244608 2621440 2621440 3145728 3145728 3670016 3670016 4194304
60 8 0 524288 524288 1048576 1048576 1572864 1572864 2097152 2097152 2621440 2621440 3145728 3145728 3670016 3670016 4194304
61 17 0 524288 524288 1048576 1048576 1572864 1572864 1605632 1638400 1794048 1798144 2097152 2097152 2621440 2621440 3145728 3145728 3198976 3211264 3276800 3284992 3296768 3350528 3354624 3395584 3399680 3424256 3428352 3457024 3514368 3551232 3555328 3670016 4194304
62 46 0 262144 303104 524288 524288 737280 798720 802816 819200 823296 835584 872448 880640 897024 1019904 1036288 1101824 1114112 1155072 1159168 1196032 1228800 1245184 1253376 1265664 1269760 1306624 1310720 1318912 1323008 1409024 1413120 1437696 1441792 1458176 1470464 1486848 1495040 1499136 1519616 1548288 1572864 1572864 1581056 1609728 1613824 1654784 1658880 1675264 1679360 1753088 1757184 1843200 1884160 2019328 2023424 2035712 2048000 2199552 2203648 2232320 2240512 2252800 2256896 2326528 2359296 2420736 2433024 2498560 2519040 2695168 2699264 2715648 2727936 2764800 3145728 3145728 3158016 3178496 3670016 3670016 3768320 3772416 3776512 3780608 3932160 3964928 3969024 3985408 3989504 4091904 4194304
63 31 0 45056 73728 524288 524288 1048576 1048576 1572864 1572864 1928704 1937408 1941504 1982464 1998848 2019328 2097152 2097152 2105344 2174976 2179072 2187264 2203648 2224128 2228224 2232320 2248704 2256896 2260992 2273280 2281472 2285568 2289664 2293760 2297856 2318336 2334720 2338816 2347008 2395648 2621440 2621440 2874880 3010560 3014656 3035136 3039232 3121152 3125248 3133440 3137536 3280896 3282432 3284992 3289088 3301376 3305472 3325952 3383296 3420160 3670016 3670016 4194304
64 28 73728 110592 118784 122880 131072 192512 262144 278528 294912 299008 442368 458752 495616 499712 524288 569344 602112 606208 663552 667648 729088 790528 831488 843776 847872 864256 974848 1048576 1048576 1114112 1257472 1261568 1355776 1359872 1363968 1376256 1384448 1388544 1404928 1409024 1425408 1433600 1490944 1502720 1507328 1572864 1572864 2097152 2097152 2621440 2621440 3145728 3145728 3670016 3670016 4194304
65 8 0 524288 524288 1048576 1048576 1572864 1572864 2097152 2097152 2621440 2621440 3145728 3145728 3670016 3670016 4194304
66 8 0 524288 524288 1048576 1048576 1572864 1572864 2097152 2097152 2621440 2621440 3145728 3145728 3670016 3670016 4194304
67 59 0 204800 215040 216576 221184 222208 266240 344064 348160 376832 405504 471040 475136 479232 552960 577536 607232 608256 610304 634880 638976 647168 654848 658944 688128 692224 753664 798720 826880 839168 843776 847872 1003520 1019904 1044480 1048576 1048576 1196032 1257472 1261568 1310720 1314816 1318912 1323008 1331200 1335296 1347584 1351680 1392640 1396736 1536000 1544192 1585152 1589248 1634304 1638400 1699328 1969664 2162688 2166784 2174976 2179072 2183168 2187264 2281472 2285568 2392064 2400256 2424832 2433024 2457600 2490368 2674688 2682880 2785280 2789376 2805760 2846720 2863104 3026944 3055616 3092480 3096576 3100672 3137536 3141120 3145728 3153920 3284992 3293184 3301376 3317760 3338240 3341824 3387392 3391488 3432448 3436544 3457024 3489792 3497984 3502080 3559424 3563520 3567616 3569664 3608576 3670016 3670016 3682304 3698688 3699200 3768320 3796992 3801088 3866624 3981312 4194304
68 58 0 8192 20480 28672 49152 53248 65536 131072 147456 151552 180224 204800 401408 405504 458752 524288 569344 585728 589824 593920 626688 634880 778240 782848 831488 847872 921600 925696 942080 946176 978944 982528 1036288 1048576 1052672 1056768 1085440 1089536 1204224 1207808 1294336 1298432 1376256 1380352 1454080 1458176 1552384 1554944 1556480 1559040 1912832 2031616 2138112 2138624 2170880 2172416 2215424 2219520 2269184 2306048 2334720 2338816 2359296 2424832 2494464 2502656 2506752 2510848 2518528 2535424 2568192 2584576 2588672 2592768 2621440 2695168 2748416 2785280 2813952 2818048 2850816 2854912 2916352 2945024 2949120 3014656 3043328 3059712 3129344 3145728 3145728 3284992 3354624 3403776 3407872 3473408 3543040 3551232 3563520 3567616 3571712 3575808 3633152 3637248 3674112 3739648 3760128 3764224 3776512 3784704 3866624 3932160 4005888 4009984 4030464 4194304
69 28 0 253952 266240 397312 401408 434176 446464 524288 524288 1048576 1048576 1216512 1220608 1388544 1441792 1449984 1474560 1552384 1560576 1564672 1589248 1605632 1617408 2097152 2097152 2621440 2621440 3145728 3145728 3345920 3379200 3383296 3432448 3670016 3670016 3784704 3796992 3801088 3809280 3854336 4018176 4022272 4034560 4035584 4046848 4055040 4063232 4067328 4096000 4100096 4104192 4108288 4112384 4116480 4128768 4194304
70 88 0 8192 20480 28672 32768 49152 57344 61440 86016 94208 192512 196608 249856 253952 270336 274432 327680 434176 458752 475136 495616 524288 524288 561152 602112 634880 638976 692224 696320 720896 724992 729088 733184 749568 761856 790528 798720 802816 806912 835072 839680 847360 851968 856064 868352 869888 884736 892928 901120 983040 999424 1003520 1007616 1011712 1019904 1024000 1032192 1048576 1048576 1052672 1056768 1077248 1089536 1093632 1097728 1101824 1110016 1118208 1134592 1138688 1150976 1155072 1163264 1167360 1171456 1175552 1196032 1200128 1208320 1212416 1232896 1236992 1249280 1265664 1269760 1314816 1318912 1355776 1359872 1376256 1380352 1384448 1396736 1572864 1572864 1929216 1937408 1945600 1957888 2035712 2052096 2080768 2084864 2097152 2097152 2125824 2134016 2142208 2154496 2158592 2162688 2166784 2170880 2207744 2224128 2228224 2244608 2248704 2256896 2310144 2314240 2318336 2322432 2330624 2338816 2342912 2351104 2359296 2371584 2379776 2387968 2396160 2400256 2408448 2412544 2490368 2494464 2498560 2506752 2519040 2523136 2527232 2531328 2535424 2543616 2547712 2555904 2572288 2576384 2584576 2596864 2600960 2625536 3145728 3145728 3276800 3284992 3293184 3375104 3391488 3407872 3485696 3575808 3576832 3604480 3670016 3727360 3801088 3805184 3891200 3911680 3944448 4042752 4046848 4063232 4194304
71 52 0 77824 94208 98304 147456 159744 172032 176128 180224 184320 196608 204800 262144 327680 344064 348160 352256 356352 360448 364544 368640 380928 409088 524288 524288 556544 655360 736768 745472 749568 851968 856064 868352 869376 876544 958464 965632 966144 1007616 1048576 1048576 1114112 1146880 1150976 1171456 1175552 1253376 1257472 1261568 1269760 1314816 1351680 1355776 1359872 1441792 1572864 1597440 1728512 1835008 1900544 1978368 2043904 2088960 2089472 2121728 2187264 2228224 2293760 2314240 2379776 2400256 2404352 2416640 2461696 2465792 2502656 2568192 2576384 2621440 2686976 2764800 2767360 2777088 2818048 2822144 2838528 2842624 2863104 2883584 2891776 2895872 2916352 2920448 2928640 2994176 3145728 3145728 3350528 3354624 3473408 3477504 3670016 3670016 4194304
72 126 0 139264 163840 167936 172032 176128 180224 184320 196608 200704 208896 278528 282624 290816 299008 303104 307200 315392 319488 458752 544768 547840 565248 573440 577536 581632 700416 704512 786432 831488 851968 856064 868352 872448 876544 880640 884736 888832 892928 897024 921600 925696 929792 933888 946176 954368 966656 970752 987136 995328 1003520 1007616 1011712 1036288 1048576 1073152 1077248 1081344 1093632 1101824 1107968 1108480 1110016 1118208 1122304 1138688 1155072 1159168 1163264 1167360 1175552 1212416 1216512 1220608 1224704 1228800 1245184 1253376 1261568 1269760 1273856 1277952 1286144 1290240 1294336 1302528 1306624 1331200 1359872 1368064 1372160 1388544 1392640 1396736 1400832 1404928 1409024 1417216 1433600 1437696 1441792 1445888 1454080 1458176 1462272 1478656 1495040 1499136 1511424 1527808 1536000 1548288 1552384 1556480 1560576 1564672 1572864 1576960 1581056 1585152 1589248 1609728 1613824 1626112 1634304 1638400 1646592 1654784 1662976 1703936 1712128 1720320 1724416 1728512 1744896 1748992 1753088 1777664 1785856 1789952 1802240 1806336 1810432 1814528 1818624 1830912 1835008 1843200 1855488 1884160 1892352 1900544 1904640 1933312 1949696 1970176 1978368 1990656 1994752 2007040 2015232 2035712 2039808 2043904 2064384 2093056 2101248 2105344 2109440 2113536 2117632 2121728 2134016 2138112 2142208 2166784 2170880 2199552 2211840 2215936 2228224 2232320 2248704 2252800 2314240 2318336 2330624 2334720 2338816 2342912 2351104 2359296 2392064 2490368 2514944 2516992 2596864 2599936 2600960 2609152 2674688 2682880 2691072 2695168 2699264 2703360 2711552 2715648 2768896 2772992 2776576 2780672 2797568 2801664 2842624 3145728 3145728 3350528 3383296 3387392 3436544 3444736 3448832 3450880 3465216 3477504 3481600 3485696 3489792 3493888 3522560 3526656 3567616 3670016 3715072 3719168 3801088 3805184 3821568 3825664 3846144 3850240 3895296 3899392 3972608 3977216 4009984 4018176 4030464 4096000 4128768 4194304
73 80 0 524288 524288 618496 679936 684032 700416 704512 716800 753664 778240 782336 905216 909312 921600 925696 946176 950272 962560 966656 974848 978944 983040 991232 995328 1003520 1007616 1015808 1118208 1122304 1126400 1130496 1134592 1142784 1155072 1163264 1175552 1179648 1200128 1208320 1212416 1220608 1228800 1245184 1249280 1269760 1273856 1286144 1290240 1294336 1298432 1302528 1323008 1331200 1335296 1339392 1404928 1409024 1437696 1449984 1499136 1501184 1527808 1531904 1630208 1634304 1654784 1658880 1671168 1675264 1785856 1830912 2166784 2170880 2215936 2281472 2297856 2330624 2334720 2338816 2424832 2428928 2473984 2478080 2481664 2485760 2502656 2506752 2572288 2609152 2670592 2674688 2678784 2682880 2691072 2695168 2711552 2719744 2748416 2885120 2973696 2977792 2981376 2985472 2993664 2997760 3002368 3006464 3014656 3080192 3084288 3092480 3096064 3108352 3117056 3145728 3153920 3325952 3481600 3485696 3489792 3493888 3518464 3522560 3538944 3543040 3603968 3608064 3612672 3616768 3633152 3635712 3641344 3645440 3670016 3682304 3689984 3694080 3764224 3772416 3854336 3862528 3874816 3887104 3940352 3944448 3960832 3964928 3985408 4001792 4018176 4022272 4059136 4100096 4116480 4120576 4157440 4161536 4165632 4190208
74 69 24576 28672 36352 48640 105984 114176 245760 254464 315392 323584 360448 364544 479232 487424 495616 499712 532480 536576 548864 569344 573440 581632 589824 593920 598016 602112 610304 614400 684032 688128 811008 876544 888832 892928 897024 962560 978944 983040 1032192 1036288 1040384 1048576 1048576 1052672 1060864 1064960 1077248 1085440 1089536 1093632 1097728 1118208 1122304 1126400 1130496 1134592 1138688 1142784 1159168 1163264 1171456 1175552 1183744 1187840 1191936 1196032 1204224 1216512 1224704 1232896 1257472 1261568 1265664 1273856 1294336 1298432 1306624 1310720 1314816 1318912 1323008 1331200 1334784 1338880 1347584 1359872 1363968 1376256 1380352 1396736 1400832 1409024 1413120 1421312 1425408 1429504 1433600 1437696 1445888 1454080 1466368 1474560 1482752 1495040 1499136 1503232 1507328 1511424 1519616 1523712 1527808 1531904 1536000 1540096 1544192 1552384 1564672 1568768 1572864 1585152 1589248 1593344 1601536 1609728 1613824 1687552 1688064 2097152 2097152 2228224 2256896 2621440 2621440 3145728 3145728 3670016 3670016 4194304
75 11 0 524288 524288 1048576 1048576 1572864 1572864 1655296 1692160 2097152 2097152 2228224 2244096 2280960 2342912 2621440 2621440 3145728 3145728 3670016 3670016 4194304
76 21 0 524288 524288 1048576 1048576 1572864 1572864 2097152 2097152 2621440 2621440 3145728 3145728 3670016 3670016 3940352 3948544 3969024 3977216 3985408 3993600 4005888 4014080 4032000 4034560 4038656 4059136 4071424 4076032 4076544 4079616 4083712 4091904 4096000 4108288 4112384 4116480 4120576 4124672 4153344 4165632 4194304
77 38 0 24576 32768 81920 196608 200704 217088 225280 413696 417792 450560 466944 499712 503808 552960 557056 569344 573440 602112 606208 634880 638976 655360 983040 999424 1024000 1089536 1097728 1105408 1113600 1163264 1164800 1196032 1204224 1220608 1224704 1236992 1253376 1265664 1269760 1392640 1441792 1458176 1462272 1511424 1523712 1527808 1531904 1544192 1548800 1552384 1572864 1572864 1650688 1682944 1687040 1798144 1802240 1904640 1908736 1941504 1945600 1970176 1974272 1994752 2097152 2097152 2523136 2539520 2621440 2621440 3145728 3145728 3670016 3670016 4194304
78 9 0 524288 524288 1048576 1048576 1572864 1572864 2097152 2097152 2523136 2540032 2621440 2621440 3145728 3145728 3670016 3670016 4194304
79 9 0 524288 524288 802816 806912 1048576 1048576 1572864 1572864 2097152 2097152 2621440 2621440 3145728 3145728 3670016 3670016 4194304
80 9 0 274944 303104 524288 524288 1048576 1048576 1572864 1572864 2097152 2097152 2621440 2621440 3145728 3145728 3670016 3670016 4194304
81 9 0 299008 344576 524288 524288 1048576 1048576 1572864 1572864 2097152 2097152 2621440 2621440 3145728 3145728 3670016 3670016 4194304
82 8 0 524288 524288 1048576 1048576 1572864 1572864 2097152 2097152 2621440 2621440 3145728 3145728 3670016 3670016 4194304
83 24 0 352256 352768 524288 524288 1048576 1048576 1572864 1572864 2097152 2097152 2154496 2203648 2224128 2260992 2281472 2293760 2621440 2621440 2670592 2703360 2711552 2719232 2723328 2740224 2805760 2904064 2908160 2915840 3014656 3051008 3096064 3108864 3112960 3158016 3211264 3260416 3569664 3579904 3588096 3751936 3756032 3760128 3764224 3776512 3780608 3821568 4194304
84 8 0 524288 524288 1048576 1048576 1572864 1572864 2097152 2097152 2621440 2621440 3145728 3145728 3670016 3670016 4194304
85 8 0 524288 524288 1048576 1048576 1572864 1572864 2097152 2097152 2621440 2621440 3145728 3145728 3670016 3670016 4194304
86 31 0 524288 524288 1048576 1048576 1572864 1572864 2097152 2097152 2621440 2621440 2994176 3072000 3096576 3121152 3129344 3141632 3145728 3186688 3203072 3305472 3309568 3387392 3395584 3440640 3444736 3448832 3588096 3608576 3612672 3633152 3637248 3653632 3670016 3670016 3674112 3735552 3737088 3743744 3751936 3784704 3788800 3821568 3825664 3829760 3833856 3850240 3858432 3931648 3935744 3939840 3943936 3956224 3960320 3972608 3976704 3980800 3984896 4001280 4009472 4022272 4194304
87 35 0 524288 524288 839168 851456 863744 867840 888320 892416 896512 900608 908800 912896 916992 921088 925184 933376 1048576 1048576 1207808 1211904 1220096 1224192 1572864 1572864 1972224 2048000 2052096 2117632 2134016 2166784 2195456 2199552 2207744 2277376 2281472 2310144 2314240 2330624 2338816 2359296 2621440 2621440 2625536 2629632 2662400 2813952 2870784 2878976 2883072 2899968 2904064 2919936 3124736 3203072 3214336 3223552 3670016 3670016 3681792 3690496 3694592 3698176 3722752 3726848 3730944 3731456 4005888 4042752 4046848
88 42 0 4096 52736 56832 94208 98304 155648 204800 241664 245760 270336 294912 331264 335360 339968 342528 376832 393216 401408 405504 438272 487424 491520 507904 610304 614400 638976 704512 770048 806912 897024 898560 913408 921600 950272 954368 991232 993792 999424 1003520 1036288 1044480 1048576 1052672 1064960 1081344 1097728 1101824 1171456 1174528 1245184 1490944 1499136 1515520 1519616 1572864 1572864 1884160 1908736 1912832 1974272 1994752 2076672 2084864 2207744 2211840 2256896 2260992 2412544 2416640 2457600 2539520 2543616 2621440 2621440 2686976 2723840 2727936 2736128 3145728 3145728 3670016 3670016 4194304
89 8 0 524288 524288 1048576 1048576 1572864 1572864 2097152 2097152 2621440 2621440 3145728 3145728 3670016 3670016 4194304
90 8 0 524288 524288 1048576 1048576 1572864 1572864 2097152 2097152 2621440 2621440 3145728 3145728 3670016 3670016 4194304
91 8 0 524288 524288 1048576 1048576 1572864 1572864 2097152 2097152 2621440 2621440 3145728 3145728 3670016 3670016 4194304
92 8 0 524288 524288 1048576 1048576 1572864 1572864 2097152 2097152 2621440 2621440 3145728 3145728 3670016 3670016 4194304
93 8 0 524288 524288 1048576 1048576 1572864 1572864 2097152 2097152 2621440 2621440 3145728 3145728 3670016 3670016 4194304
94 8 0 524288 524288 1048576 1048576 1572864 1572864 2097152 2097152 2621440 2621440 3145728 3145728 3670016 3670016 4194304
95 8 0 524288 524288 1048576 1048576 1572864 1572864 2097152 2097152 2621440 2621440 3145728 3145728 3670016 3670016 4194304
96 50 0 524288 524288 921600 925696 929792 937984 954368 958464 1048576 1052672 1056768 1060864 1064960 1069056 1089536 1093632 1094656 1101824 1110016 1114112 1126400 1130496 1134592 1253376 1257472 1282048 1282560 1372160 1376256 1396736 1400832 1425408 1429504 1445888 1448448 1515520 1523712 1572864 1638400 1708032 1720320 1781760 1785856 1794048 1945600 2153984 2162176 2207744 2215936 2248704 2250752 2355200 2404352 2453504 2461696 2465792 2469888 2486272 2490368 2519040 2527232 2555904 2560512 2588672 2592768 2621440 2625536 2646016 2686976 2744320 2748416 2777088 2781184 2813952 2818048 2945024 2949120 2957312 2961408 3014656 3018752 3137536 3145728 3145728 3148288 3223552 3239936 3293184 3295232 3448832 3461120 3465728 3466240 3543040 3547136 3604480 3670016 3670016 4194304
97 24 0 524288 524288 1048576 1048576 1511424 1531904 1544192 1560576 1561600 1581056 1583616 1626112 1627136 1679360 1712128 1748992 1749504 1851392 2084864 2097152 2097664 2113024 2121216 2134016 2146304 2166784 2232320 2276864 2293248 2293760 2296320 2310144 2612736 2629632 3145728 3145728 3670016 3670016 3895296 4111872 4115968 4124160 4128256 4156928 4161024 4169728 4173824
98 92 4096 20480 49152 50688 110592 114688 143360 151552 155648 163840 171520 175616 176128 184320 187904 192000 192512 196608 208896 212992 220672 225280 262144 274432 278528 286720 299008 307200 315392 319488 327680 331776 356352 360448 364544 368640 376832 380928 389120 393216 397312 405504 409600 413696 446464 458752 466944 499712 548864 552960 557056 561152 565248 589824 593920 618496 659456 662528 675840 679936 684032 688128 720896 724992 729088 733184 761344 765440 839680 864256 917504 921600 954368 1048576 1048576 1269760 1355776 1372160 1449984 1454080 1474048 1478144 1544192 1548288 1646592 1650688 1695744 1698304 1789952 1794048 1839104 1847296 1888256 1892352 1904640 1908736 1916928 2048000 2097152 2162688 2191360 2203648 2244608 2260992 2293760 2297856 2310144 2314240 2379776 2392064 2400256 2404352 2420736 2424832 2433024 2441216 2453504 2457600 2490368 2494464 2502656 2506752 2519040 2523136 2531328 2535424 2539520 2547712 2555904 2560000 2564096 2568192 2609152 2621440 2621440 2838528 2854912 2863104 2875392 2887680 2899968 2904064 2949120 2965504 2994176 3002368 3047424 3051520 3063808 3096576 3112960 3145728 3145728 3149824 3153920 3158016 3162112 3166208 3174400 3178496 3203072 3207168 3276800 3280896 3301376 3325952 3338240 3342336 3350528 3354624 3358720 3362816 3383296 3387392 3420160 3424256 3428352 3440640 3476992 3670016 3670016 3808768 3816960 4194304
99 9 0 524288 524288 1048576 1048576 1572864 1572864 2097152 2097152 2621440 2621440 3018752 3026944 3145728 3145728 3670016 3670016 4194304
