#StripeID,rangenumber,BlockOffsetStart,BlockOffsetEnd
0 69 0 999424 1040384 1048576 1069056 1093632 1097216 1101312 1110016 1142784 1163264 1204224 1212416 1249280 1261568 1265664 1282048 1290240 1310720 1318912 1327104 1343488 1351680 1363968 1384448 1421312 1425408 1449984 1462272 1478656 1486848 1589248 1708032 1712128 1720320 1785856 1888256 1904640 1908736 1912832 1921024 1933312 1937408 1941504 1986560 1990656 1994752 1998848 2011136 2015232 2019328 2023424 2076672 2080768 2228224 2232320 2265088 2285568 2351104 2355200 2383872 2387968 2416640 2420736 2551808 2555904 2613248 2616320 2629632 2646016 2711552 2712064 2772992 2838528 2961408 3145728 3145728 3370496 3584000 3735552 3747840 3751936 3756032 3760128 3833344 3837440 3846144 3850240 3866624 3887104 3944448 3948544 4063232 4128768 4206592 4210688 4235264 4237824 4251648 4255744 4263936 4268032 4296192 4300288 4329472 4333568 4361728 4365824 4636672 4694016 4698112 5080576 5136384 5140480 5206016 5209088 5263360 5267456 5394432 5398528 5418496 5885952 5910528 5914624 5918720 5929472 5943296 5947392 5963264 6000128 6004736 6008832 6012928 6017024 6029312 6033408 6234112 6238208
1 42 65536 69632 114688 115712 126464 130560 131072 136704 139264 151040 155648 157184 188416 225280 249856 380928 626688 630784 667648 668672 675840 774144 978944 1044480 1073152 1081344 1093632 1097728 1110016 1114112 1249280 1253376 1265664 1269760 1273856 1277952 1314816 1388544 1409024 1411072 1495040 1499136 1605632 1609728 1617920 1623040 1626112 1642496 1679360 1757184 1794048 1860608 2011136 2013184 2084864 2097152 2097152 2489856 2547712 2588672 2592768 2596864 2620928 3145728 3145728 4194304 4194304 5242880 5378048 5386240 5455872 5476352 5619712 5685248 5885952 5894144 5918720 5922816 5971968 5992448 6144000 6168576 6221824 6266880
2 91 257536 265728 458752 495616 524288 532480 544768 573440 806912 819200 868352 876544 880640 884736 942080 950272 962560 1048576 1048576 1081344 1097728 1175552 1187840 1191936 1232896 1368064 1499136 1503232 1634304 1699840 1806336 1814528 1867776 1871872 1892352 1908736 1912832 1916928 1929216 1937408 1957888 1961984 2109440 2113536 2150400 2334208 2338304 2387456 2408448 2420736 2452992 2518528 2522624 2571776 2609152 2613248 2637312 2756096 2818048 2887168 2891264 2940928 2945024 2949120 2973696 2977792 2990080 3089408 3100672 3117056 3125248 3129344 3145728 3149824 3158016 3162112 3186688 3190784 3252224 3264512 3276800 3342336 3350528 3354624 3465216 3477504 3534848 3600384 3604480 3608576 3616768 3620864 3645440 3649536 3719168 3723264 3739648 3743744 3854336 3964928 3981312 4018176 4050944 4083712 4153344 4161536 4194304 4198400 4231168 4235264 4239360 4243456 4255744 4321280 4345856 4349952 4526080 4546560 4567040 4579328 4583424 4587520 4591616 4595712 4599808 4624384 4677632 4694016 4698112 4702208 4706304 4718592 4726784 4734976 4747264 4750848 4788224 4796416 4837376 4845568 4870144 4898816 4927488 4931584 4943872 4947968 4951552 4955648 4993024 4997120 5005312 5013504 5021696 5025792 5058560 5062656 5079040 5083136 5115904 5120000 5468160 5484544 5517312 5525504 5570560 5571072 5574656 5578752 5627904 5632000 5636096 5701632 5709824 5718016 5775360 5783552 5844992 5865472 5955584 5963776 6094848 6098944
3 48 24576 65536 135168 143360 262144 266240 475136 479232 487424 503808 557056 622592 638976 643072 831488 897024 909312 913408 1015296 1048576 1048576 1064448 1068544 1416704 1445888 1449984 1544192 1548288 1556480 1560576 1568768 1572864 1703936 1875968 2154496 2158592 2162688 2170880 2469888 2473984 2535424 2576384 2850816 2916352 2920448 2949120 2981888 2985984 3006464 3015680 3043328 3055616 3076096 3080192 3166208 3182592 3227648 3231744 3309568 3375104 3387392 3391488 3457024 3506176 3604480 3670016 3985408 3989504 3997696 4001792 4030464 4096000 4136960 4153344 4157440 4161536 4227072 4239360 4284416 4304896 4362752 4734976 4747264 4796416 4820480 5242880 5242880 5378048 5402624 5404160 5476352 5541888 5574656 5640192 5869568 6291456
4 6 0 1048576 1048576 2097152 2097152 3145728 3145728 4194304 4194304 5242880 5242880 6291456
5 16 0 1048576 1048576 2097152 2097152 3145728 3145728 4194304 4194304 5242880 5242880 5263360 5275648 5279744 5369856 5373952 5386240 5455872 5627904 5718016 5820416 5824512 5832704 5898240 5914624 5980160 6090752 6094848 6144000 6148096 6209536 6291456
6 18 0 49152 122880 126976 131072 139264 167424 171520 180224 196608 274432 278528 286720 290816 299008 364544 581632 589824 630784 634880 704512 1048576 1048576 2097152 2097152 3145728 3145728 3854336 3915776 4194304 4194304 4608512 4612096 5242880 5242880 6291456
7 54 0 1048576 1048576 2097152 2097152 2486272 2498560 2502656 2617344 2686976 2711552 2715648 2760704 2764800 2863104 2871296 3010560 3014656 3063808 3067904 3076096 3080192 3219456 3235840 3338240 3339264 3382784 3386880 3440640 3444736 3465216 3473408 3497984 3499520 3522560 3526656 3575808 3579392 3599360 3605504 3632640 3644928 3653632 3661824 3698688 3702784 3743744 3747840 3895296 3899392 3932160 3969024 3985408 3989504 4009984 4014080 4034560 4050944 4108288 4112384 4128768 4182016 4190208 4194304 4194304 4222976 4251648 4255744 4268032 4272128 4349952 4354048 4431872 4435968 4530176 4866048 5001216 5005312 5079040 5087232 5103616 5107712 5111808 5242880 5279744 5283840 5308416 5369856 5529600 5533696 5554176 5611520 5648384 5652480 5816320 5820416 5832704 5837312 6029824 6030336 6037504 6041600 6144000 6148096 6193152 6246400 6250496 6291456
8 48 0 118784 122880 126976 237568 241664 274432 278528 303104 352256 360448 364544 380928 385024 393216 397312 417792 540672 544768 561152 614400 626688 643072 647168 675840 679936 794624 802816 835584 860160 884736 888832 991232 995328 999424 1036288 1052672 1060864 1101824 1114112 1155072 1159168 1196032 1228800 1265664 1269760 1318912 1323008 1409024 1413120 1458176 1470464 1486848 1495040 1499136 1519616 1548288 1581056 1593344 1605632 1609728 1613824 1634304 1638400 1744896 1748992 1794048 1798144 2011136 2031616 2035712 2056192 2064384 2072576 2093056 2097152 2097152 2621440 2633728 2637824 2715648 3145728 3145728 3198464 3198976 3203072 3239936 3244032 3366912 3371008 3419648 4194304 4194304 5242880 5242880 6291456
9 29 0 89600 90112 106496 135168 143360 241664 249856 298496 744960 819200 823296 888832 892928 913408 917504 1024000 1028096 1048576 2097152 2097152 3014656 3072000 3145728 3145728 3211264 3276288 3280384 3313664 3362816 3399168 3403264 3452928 3457024 3481600 3485696 3502080 3506176 3522560 3530752 3595776 3599872 3604480 3665920 3715072 4161536 4165632 4194304 4194304 4255744 4280320 4284416 4325376 4390912 4456448 5242880 5242880 6291456
10 21 0 720896 1069056 1089536 1200128 1204224 1220608 1286144 1634304 1638400 1642496 1646592 1835008 2097152 2097152 3145728 3145728 3485696 3538944 3604480 3629056 3637248 3690496 3694592 3715072 3747840 3907584 3911680 3928064 3964928 4141568 4147712 4206592 4214784 4308992 4341760 4460544 4464640 4481024 5242880 5242880 6291456
11 63 0 262144 299008 303104 376832 380928 478720 486912 598016 602112 667648 671744 724992 729088 753664 757760 761344 765440 798720 835584 872448 884736 937984 941056 983040 987136 1069056 1077248 1093632 1097728 1245184 1245696 1355776 1361408 1372160 1376256 1654784 1658880 1802240 1806336 1957888 1978368 2011136 2015232 2043392 2063872 2113536 2117632 2312192 2313728 2318336 2319360 2445312 2473984 2547712 2555904 2650112 2674688 2736128 2744320 2752000 2756096 2785280 2789376 2936832 2974208 3039744 3145728 3145728 3739136 3743232 3747328 3751424 3767808 3771904 3821056 3825152 3853824 3857920 3964928 3981312 4014080 4300800 4304896 4378624 4382720 4489216 4493312 4513792 4517888 4521984 4530176 4554752 4587520 4661248 4665344 4747264 4755456 4771840 4780032 4882432 4886528 4902912 4943872 4960256 5189632 5242880 5251072 5308416 5365760 5435392 5438976 5529600 5533696 5537792 5566464 5644288 5652480 5701632 5963776 6078464 6086656 6103040 6111232 6135808 6291456
12 63 0 8192 20480 28672 32256 36352 65536 176128 180224 204800 270336 278528 417792 421888 425984 634880 671744 679936 749568 753664 782336 860160 1044480 1048576 1052672 1056768 1085440 1089536 1179648 2097152 2097152 2723840 2740224 2752512 2818048 2838528 2854912 2891776 2895872 2899968 2924032 2928128 2949120 3014656 3043328 3059712 3072000 3112960 3137536 3141632 3354624 3395584 3633152 3637248 3665920 3667968 3674112 3739648 3760128 3764224 3776512 3780608 3788800 3796992 3985408 4022272 4034560 4194304 4194304 4448256 4460544 5242880 5242880 5267456 5283840 5410816 5414912 5419008 5423104 5505024 5574656 5578752 5611520 5615616 5668864 5718016 5754880 5758976 5783552 5799936 5812224 5824512 5836800 5894144 5898240 5939200 5943296 5947392 5951488 5955584 5963776 5971968 5976064 5980160 5984256 6000640 6004736 6012928 6017024 6021120 6025216 6037504 6041600 6045696 6049792 6062080 6066176 6070272 6074368 6098944 6144000 6148096 6193152 6197248 6209536 6291456
13 67 0 81920 98304 118784 122880 126976 131072 217088 221184 1048576 1048576 1089536 1101824 1126400 1146880 1183744 1232896 1239040 1249280 1253376 1343488 1617920 1646592 1650688 1675264 1683456 1720320 1757184 1937408 1938432 1949696 1957888 2015232 2019328 2060288 2084864 2097152 2105344 2117632 2121728 2129920 2149888 2174464 2178560 2183168 2191360 2215424 2231808 2248192 2264576 2367488 2371584 2441216 2482176 2490368 2572288 2580480 2588672 2592768 2658304 2699264 2732032 2736128 2789376 2805760 2818048 2830336 2846720 2867200 2887680 2895872 2899968 2904064 2912256 2965504 2967040 3096576 3100672 3145728 3149824 3182080 4026368 4067328 4068864 4096000 4120576 4165632 4169728 4182016 4194304 4194304 5242880 5242880 5373952 5382144 5390336 5431296 5439488 5443584 5447680 5468160 5488640 5496832 5500928 5505024 5517312 5525504 5529600 5545984 5548544 5558272 5582848 5640192 5644288 5730304 5783552 5787136 5803520 5869056 5885952 5910528 5914624 5926912 5931008 5976064 5980160 5984256 5988352 6008832 6041600 6131712 6133760 6160384 6291456
14 78 0 77824 147456 159744 172032 176128 180224 184320 196608 204800 344064 356352 360448 364544 368640 380928 471040 524288 589824 591360 720896 749568 868352 958464 965632 966144 1007616 1048576 1048576 1052672 1077248 1089536 1093632 1101824 1146880 1150976 1208320 1212416 1236992 1241088 1253376 1257472 1261568 1265664 1314816 1347584 1421312 1425408 1454080 1458176 1470464 1478656 1523712 1527808 1597440 1728512 1748992 1753088 1814016 1830400 1835008 1871872 1900544 1921024 1949696 1982464 2027520 2031616 2121728 2187264 2220032 2269184 2330624 2338816 2400256 2404352 2457600 2461696 2527232 2531328 2646016 2666496 2707456 2711552 2780672 2797056 2822144 2838528 2842624 2850816 2883584 2891776 2895872 2916352 2994176 3145728 3145728 3350528 3354624 3420160 3477504 4145152 4153344 4173312 4194304 4259840 4263936 4329472 4395008 4665344 4677632 4685824 4706304 4710400 4739072 4759552 4808704 4816896 4894720 4902912 4907008 4908544 4943872 4952064 5009408 5021696 5038080 5046272 5181440 5189632 5206016 5210112 5242880 5246976 5251072 5255168 5287936 5316608 5435392 5439488 5705728 5722112 5853184 5857280 5861376 5898240 5996544 6000640 6102528 6106624 6110720 6127104 6204928 6217216 6279168 6283264
15 32 8192 12288 73728 77824 118784 122880 212992 241664 327680 393216 499712 502784 552960 557056 671744 675840 679424 683520 688128 692224 696320 835584 856064 892928 917504 983040 999424 1036288 1277952 1282048 1351680 1353728 1597440 1605632 1617920 1622016 1703936 1708032 1736192 1752576 1822720 1888256 1925120 1929216 1933312 1998848 2039808 2048000 2063872 2080256 2084864 2097152 2097152 2715648 2740224 2871296 3002368 3145728 3145728 4194304 4194304 5242880 5242880 6291456
16 52 0 860160 864256 918016 921600 925696 929792 962560 983552 1048576 1048576 2097152 2097152 3145728 3145728 4194304 4194304 4763648 4800512 4804608 4845568 4857856 4927488 4931584 4956160 5033984 5038080 5047808 5099520 5242880 5242880 5286400 5292032 5349888 5357568 5398016 5423104 5453824 5562368 5570560 5591040 5656576 5722112 5727232 5730304 5739520 5746688 5751808 5758976 5764096 5771264 5776384 5783552 5789184 5795840 5816320 5820416 5821440 5824512 5825536 5828608 5837824 5844992 5846016 5849088 5858304 5865472 5866496 5869568 5878784 5881856 5919744 5926912 5927936 5931008 5940224 5947392 5948416 5951488 5963776 5967872 5968896 5971968 5981184 5988352 5989376 5992448 6001664 6008832 6009856 6012928 6022144 6029312 6066176 6074368 6078464 6103040 6104576 6119424 6123520 6246400 6258688 6275072 6279168
17 57 4096 8192 249856 339968 475136 480256 495616 499712 552960 557056 565248 569344 684032 688128 704512 712704 724992 729088 733184 749568 774144 831488 851968 856064 905216 917504 950272 958464 1052672 1064960 1089024 1121792 1146880 1150976 1196032 1200128 1269760 1470464 1536000 1540096 1544192 1560576 1638400 2097152 2097152 2285568 2306048 2310144 2351104 2396160 2457600 2469888 2478080 2482176 2514944 2527232 2539520 2543616 2580480 2596864 2605056 2609152 2621440 2625536 2646016 2658304 2682880 2695168 2711552 2715648 2760704 2768896 2781184 2895872 2899968 3047424 3121152 3129344 3174400 3178496 3182592 3186688 3198976 3211264 3260416 3264512 3399680 3424256 3481600 3497984 3506176 3538944 3543040 3997696 4022272 4026368 4034560 4038656 4136960 4141056 4198400 4206592 4222976 4235264 4268032 5242880 5242880 6029312 6127616 6129152 6238208 6250496 6270976 6291456
18 32 0 262144 290816 294912 299008 303104 327680 331776 413696 417792 446464 466944 548864 551424 655360 1048576 1048576 1175040 1196032 1204224 1236992 1253376 1282048 1286656 1429504 1433600 1458176 1462272 1474560 1540096 1544192 1548800 1560576 1572864 1576960 1589248 1622016 1626112 1630208 1638400 1654784 1667072 1682944 1687552 1806336 1810432 1835008 1871872 1994752 2097152 2097152 2523136 2540032 3145728 3145728 4194304 4194304 4993024 4997120 5242880 5242880 6144512 6193152 6291456
19 26 0 425984 442880 1048576 1048576 2097152 2097152 2899968 2904064 3145728 3145728 4051456 4100096 4194304 4194304 4653056 4669952 4689920 4694016 4698112 4706304 4710400 4734976 4768256 4771840 5231104 5267456 5271552 5345280 5349376 5394432 5406720 5419008 5439488 5443584 5447680 5451776 5455872 5529600 5532160 5607424 5611520 5644288 5648384 5918208 5922304 6000640 6004736 6197248 6201344 6205440 6221824
20 78 28672 57344 69120 73216 147456 151552 204800 208896 278528 286720 294912 299008 303104 389120 409600 442368 466944 479232 483328 507904 544768 557056 593920 610304 614400 634880 638976 651264 659456 663552 704512 708608 729088 745472 749568 765952 811008 827392 901120 905216 933888 937984 945664 1048576 1048576 1921024 1929216 1933312 1974272 1974784 1978368 1982464 2174464 2178560 2228224 2232320 2240512 2310144 2387968 2396160 2428928 2433024 2494464 2523136 2543616 2572288 2695168 2699264 2703360 2707456 2834432 2932736 2940928 2990080 3022848 3026944 3080192 3145728 3145728 3219456 3313664 3461120 3465216 3473408 3637248 3649536 3653120 3661312 3813376 3825664 3829760 3833856 3932160 3936256 3948544 3952640 3969024 3981312 4055040 4067328 4091904 4096000 4201984 4206080 4239360 4243456 4259840 4263936 4313088 4398080 4407296 4411392 4653056 4657152 4661248 4751360 4784128 4788224 4980736 5046272 5251072 5255168 5324800 5328896 5455872 5459968 5471744 5488128 5517312 5775360 5787648 5791744 5836800 5840896 5857280 5859840 5865472 5869568 5885952 5890048 6012928 6025216 6029312 6070272 6082560 6098944 6103040 6152192 6172672 6175232 6184960 6230016 6234112 6246400 6287360 6291456
21 43 0 32768 110592 122880 131072 196608 221184 270336 315392 319488 323584 327680 376832 389632 458752 462848 577024 581120 708608 710144 839680 843776 851968 864256 987136 988160 999424 1011712 1126400 1130496 1142784 1146880 1224192 1228288 1257472 2084864 2134016 3145728 3145728 3588096 3604480 3605504 3612672 3616768 3624960 3629056 3641344 4194304 4194304 5185536 5189632 5201920 5222400 5230592 5242368 5242880 5242880 5246464 5246976 5279744 5292032 5304320 5447680 5451776 5464064 5468160 5472256 5484544 5500928 5525504 5541888 5562368 5603328 5627904 5808128 5817344 5828608 5837824 5849088 5858304 5939200 5943296 6074368 6076928 6119424 6291456
22 26 0 360448 417792 1048576 1048576 2097152 2097152 2154496 2203648 2224128 2236416 2248704 2260992 2686976 2719232 2723328 2736128 2805760 2915840 3018752 3047424 3051520 3080192 3084288 3137536 3145728 3145728 3211264 3276288 3465216 3485696 3489792 3504128 3569664 3620864 3624960 3751936 4050944 4132864 4136960 4194304 4198400 4206592 4218880 4251648 4734976 4751360 4788224 4849664 5242880 5242880 6291456
23 34 0 90112 110592 221696 237568 249856 262144 1048576 1048576 2097152 2097152 2997760 3067904 3121152 3284992 3288576 3334144 3350528 3502080 3510272 3514368 3518464 3735552 3813376 3944448 3956736 3960832 3993088 4083712 4087808 4104192 4106752 4140544 4144640 4194304 4210688 4513792 4517888 4538368 4542464 4608000 4620288 4640768 4644864 4669440 4673536 4677632 4681728 4714496 4718592 4722688 4726784 4780032 4784128 4845568 4857856 4861952 4894720 4898816 5242880 5242880 6103040 6127104 6135296 6168576 6172672 6217728 6230016
24 28 16384 28672 69632 81920 90112 94208 110592 114688 118784 131072 221184 229376 294912 299008 303104 307200 393216 434176 466944 499712 598016 602112 671744 675840 733184 741376 798720 802816 942080 983040 1048576 1064960 1118208 1122304 1146880 1150976 1171456 1183744 1281536 1285632 1286144 1466368 1519616 1527808 1572864 1638400 1650688 2097152 2097152 3145728 3145728 4194304 4194304 5242880 5242880 6291456
25 6 0 1048576 1048576 2097152 2097152 3145728 3145728 4194304 4194304 5242880 5242880 6291456
26 6 0 1048576 1048576 2097152 2097152 3145728 3145728 4194304 4194304 5242880 5242880 6291456
27 6 0 1048576 1048576 2097152 2097152 3145728 3145728 4194304 4194304 5242880 5242880 6291456
28 34 0 1048576 1048576 2097152 2097152 3145728 3145728 3436544 3477504 3510272 3547136 3600384 3710976 3715072 3731456 3743744 3760128 3768320 3907584 3948544 3985408 3997696 4038656 4042752 4046848 4050944 4194304 4640768 4669440 4685824 4702208 4706304 4743168 4759552 4767744 4771840 4812800 4825088 4849664 4895232 5054464 5173248 5185536 5189120 5328896 5332992 5386240 5390336 5398528 5414912 5439488 5500928 5738496 5783040 5783552 5849088 5926912 5931008 5943296 5947392 5967872 5976064 6049792 6053888 6062080 6135808 6250496 6291456
29 25 0 1048576 1048576 2097152 2097152 3145728 3145728 3985408 4013568 4017664 4063232 4128768 4140544 4144640 4165632 4182016 4197888 4201984 4243456 4329472 4354048 4366336 4526080 4530176 4587520 4595200 4616192 5242880 5242880 5799936 5832704 5844992 5849088 5877760 5894144 5906432 5943296 5947392 5992448 6094848 6107136 6112256 6139904 6152192 6160384 6180864 6213632 6225920 6230016 6233088
30 69 0 81920 86016 94208 126976 327680 339968 344064 458752 459264 516096 528384 532480 536576 540672 544768 556032 561664 573440 577536 618496 630784 749568 786432 839680 921600 1032192 1048576 1101824 1248768 1253376 1257472 1261568 1265664 1273856 1277952 1290240 1298432 1376256 1388544 1478656 1482752 1503232 1536000 1593344 1736704 1769472 1855488 1867776 1870336 1875968 1880064 1916928 2002944 2281472 2293760 2301952 2306048 2490368 2555904 2592768 2605056 2674176 2744320 2785280 2787328 2809856 2813952 2875392 3035136 3072000 3145728 3145728 3211264 3223040 3231232 3235840 3293184 3334144 3407872 3411968 3596288 3661824 3682304 3977216 3981312 4042752 4046848 4091904 4100096 4145152 4149248 4190208 4194304 4194304 4849664 5144576 5156864 5173248 5210112 5238784 5242880 5242880 5254144 5271552 5275648 5287936 5288960 5292032 5300224 5304320 5308416 5312512 5320704 5447680 5451776 5500928 5505024 5509120 5513216 5529600 5533696 5566464 5570560 5693440 5705728 5709824 5718016 5767168 5832704 5844480 5849088 6012928 6017024 6078464 6082560 6164480 6168576
31 62 40448 44544 61440 97792 110592 118784 258048 299008 356352 393216 491520 495616 524288 528384 626688 708608 761856 770048 774144 778240 786432 790528 917504 921600 987136 991232 1019904 1022464 1130496 1142784 1200128 1212416 1224704 1236992 1314816 1327104 1351680 1363968 1404928 1409024 1507328 2097152 2097152 3145728 3145728 3833856 3846144 3846656 3874816 3895296 3899392 3911680 3985408 3997696 4157440 4161536 4186112 4190208 4194304 4206592 4263936 4329472 4378624 4386816 4440064 4452352 4526080 4546560 4558848 4577792 4583424 4589568 4608000 4669440 4734976 4792320 4886528 4935680 4980736 4988928 5013504 5046272 5050368 5062656 5070848 5079040 5120000 5124096 5156864 5193728 5238784 5242880 5242880 5312512 5353472 5357568 5517312 5541888 5566464 5570560 5611520 5615616 5677056 5681152 5713920 5992448 6012928 6025216 6029312 6032896 6062080 6066176 6086144 6106624 6119424 6123520 6127616 6131712 6176768 6189056 6201344 6213632 6266880 6270976
32 69 73216 77312 81920 90112 105984 110080 110592 114688 208896 212992 221184 225280 237568 241664 245248 249344 253440 261632 262144 270336 303104 307200 311296 315392 397312 409600 503808 507904 593920 618496 622592 626688 712704 716800 1052672 1056768 1060864 1064960 1084928 1445376 1449984 1454080 1511424 1515520 1646592 1650688 1789952 1794048 1839104 1847296 1916928 2048000 2097152 2113536 2220032 2838528 2867200 2871296 2994176 3002368 3080192 3084288 3112960 3117056 3145728 3149824 3223552 3227648 3248128 3252224 3301376 3309568 3338240 3342336 3358720 3362816 3371008 3387392 3420160 3424256 3436544 3440640 3503104 3608576 3612672 3629056 3657728 3661824 3682304 3694592 3710976 3723264 3821568 3829760 3846144 3850240 3866624 4194304 4194304 4325376 4337664 4341760 4382720 4784128 4911104 4915200 4980736 4984832 5210112 5214208 5218304 5230592 5255168 5357568 5390336 5402624 5414912 5419008 5492736 5498368 5550080 5558272 5562368 5566464 5677056 5713920 5746688 5750784 5914624 5916672 5976064 6000640 6045696 6066176 6172672 6173184 6279168 6282752
33 50 98304 110592 221184 229376 241664 253952 294912 296960 356352 364544 471040 475136 531968 794112 806912 811008 835584 856064 954368 958464 1024000 1028096 1208320 1212416 1236480 1248768 1302528 1314816 1339392 1343488 1355776 1359872 1691648 1695744 1740800 1744896 1826816 1839104 1847296 1859584 1982464 1986560 2031616 2097152 2105344 2109440 2179072 2183168 2211840 2215936 2265088 2273280 2408448 2424832 2465792 2469376 2498560 2502656 2621440 2633728 2646016 2650112 2699264 2703360 2723840 2727936 2781184 2785280 2830336 2854912 2863104 2916352 2920448 2936832 2949120 2985984 2990080 2994176 3043328 3108864 3125248 3129344 3182592 3186688 3198976 3371520 3379200 3383296 3395584 3399680 3411968 3416064 3428352 3432448 3437056 4194304 4194304 5242880 5242880 6291456
34 6 0 1048576 1048576 2097152 2097152 3145728 3145728 4194304 4194304 5242880 5242880 6291456
35 6 0 1048576 1048576 2097152 2097152 3145728 3145728 4194304 4194304 5242880 5242880 6291456
36 33 0 1048576 1048576 1417216 1499136 1536000 1593344 1594880 1630208 1642496 2007040 2011136 2342912 2355200 2420736 2424832 2433024 2445312 2560000 2691072 2772992 2781184 2830336 2834432 2912256 2916352 2953216 2954240 3031040 3035136 3051520 3055616 3137024 3145728 3145728 4194304 4194304 4919296 4947968 4968448 5053952 5070336 5169152 5173248 5210112 5212160 5488640 5513216 5656576 5659648 5701632 5812224 5849088 5853184 5869568 5877760 5885952 6029312 6094848 6168576 6184960 6189056 6197248 6201344 6221824 6291456
37 73 0 122368 163840 167936 180224 204800 221184 225280 258048 262144 270336 294912 475136 479232 491520 503808 532480 548864 569344 585728 614400 618496 692224 696320 765952 770048 774144 778240 802816 803840 811008 815104 884736 897024 921600 933888 974848 987136 991232 995328 1069056 1073152 1085440 1093632 1101824 1105920 1126400 1220608 1253376 1269760 1273856 1277952 1298432 1310720 1331200 1335296 1376256 1380352 1409024 1413120 1462272 1470464 1515520 1536000 1564672 1568768 1593344 1601536 1622016 1630208 1671168 1675264 1691648 1716224 1728512 1732608 1748992 1753088 1851392 1863680 1998848 2035712 2199552 2203648 2248704 2297856 2355200 2416640 2445312 2453504 2969600 3145728 3145728 3969024 3977216 3978240 4100096 4169728 4190208 4194304 4194304 4255744 4268032 4272128 4361728 4365824 4431872 4435968 4493312 4587520 4673536 4681728 4702208 4706304 4812800 4816896 4874240 4878336 5168640 5172736 5296128 5300224 5332992 5357568 5373952 5398528 5488640 5492736 5636096 5705728 5718016 5730304 5852672 5856768 5901824 5905920 5910016 5914112 5959680 6029312 6053888 6062080 6086656 6103040 6180352 6184448
38 47 135168 139264 307200 311296 434176 438272 642560 646656 745472 749568 790528 794624 983040 1048576 1048576 1064960 1204224 1216512 1224704 1228800 1318912 1322496 1331200 1335296 1404928 1407488 1506816 2097152 2097152 2142208 2158592 2162688 2166784 2168832 2351104 2359296 2405376 2424832 2551808 2555904 2617344 3014656 3026944 3031040 3231744 3235840 3239936 3244032 3260416 3272704 3289088 3301376 3514368 3543040 3547136 3584000 3596288 3653632 3739648 3743744 3837952 3911680 3960832 3964928 4226560 4521472 4530176 4534272 4718080 4767232 4771328 4931072 5066752 5070848 5111808 5115904 5234688 5238784 5300224 5304320 5320704 5324800 5709824 5718016 5726208 5730304 5738496 5742592 5849088 5853184 5857280 5861376 5894144 6291456
39 57 0 131072 147456 151552 214016 215040 241664 245760 282624 286720 294912 299008 335872 401408 438272 442368 454656 659456 663552 671744 688128 696320 712192 716288 729088 860160 958464 962560 1114112 1142784 1222656 1226240 1282048 1339392 1343488 1351680 1367552 1379840 1503232 1511424 1748992 1761280 1887744 1891840 1896448 1900544 2129920 2134016 2150400 2158592 2351104 2355200 2383872 2387968 2396160 2519040 2584576 2592768 2629632 2695168 2707456 2711552 2723840 2740224 2953216 2985984 3022848 3026944 3133440 3137536 3231744 3239936 3276800 3325952 3346432 3350528 3395584 3399680 3645440 3649536 3678208 3690496 3731456 3735552 3948544 3964928 4005888 4009984 4018176 4034560 4149248 4194304 4194304 4370432 4452352 4456448 4468736 4471296 4632576 4648960 4722688 4730880 4939776 4943872 5005312 5025792 5062656 5177344 5198336 5242880 5242880 5736960 5746688 6291456
40 52 0 1007616 1044480 1048576 1048576 1097216 1101312 1441280 1511424 1515520 1523712 1527808 1851392 1855488 1961984 1970176 2019328 2020352 2306048 2310144 2535424 2551808 2703360 2707456 2711552 2715648 2760704 2764800 3088384 3092480 3137536 3141632 3280896 3289088 3297280 3299840 3424256 3477504 3604480 3670016 3723264 3727360 3887104 3887616 3891200 3895296 3899392 3903488 4026880 4027392 4029440 4029952 4030464 4034560 4035072 4035584 4036096 4036608 4037120 4037632 4038144 4038656 4202496 4206592 4214784 4284416 4300800 4304896 4407296 4440064 4628480 4632576 4681728 4685824 4898816 4902912 4931584 4935680 4960256 4964352 4988928 4993024 5029888 5033984 5144064 5168640 5193728 5201920 5292032 5300224 5312512 5337088 5406720 5451776 5894144 5895168 5963776 6029312 6074368 6076928 6103040 6107136 6127616 6129152
41 64 233472 236032 262144 368640 581120 585216 606208 618496 647168 651264 667648 671744 675840 679936 688128 696320 700416 704512 782336 786432 790528 794624 819200 823296 905216 909312 983040 1048576 1048576 1097728 1187840 1199616 1253376 1257472 1482752 1515520 1593344 1597440 1736704 1740800 1887744 1908224 1916928 1921024 2031616 2097152 2117632 2121728 2183168 2187264 2260992 2265088 2293760 2359296 2424832 2432000 2461184 2465280 2478080 2482176 2490368 2834432 2940928 2945024 2977792 2998272 3342336 3350528 3403776 3407872 3461120 3465216 3801088 3803648 3850240 3854336 4063232 4071424 4308992 4311552 4358144 4390912 4517888 4530176 4587520 4624384 4767744 4771840 4792320 4796416 4890624 4898816 4964352 4968448 4980736 5128192 5132288 5136384 5152768 5156864 5307904 5389824 5472256 5537792 5582848 5586944 5611520 5615616 5668864 5672960 5697536 5701632 5718016 5722112 5726208 5742592 5869568 5873664 5910528 5914624 5963776 5996544 6062080 6066176 6131712 6160384 6266880 6291456
42 85 0 45056 73728 90112 114688 139264 180224 184320 360448 421888 880640 913408 925184 941568 1101824 1105920 1134592 1138688 1257472 1261568 1335296 1351680 1470464 1474560 1523712 1531904 1543680 1551872 1560064 1568256 1568768 1589248 1638400 1687552 1691136 1928704 1937408 1941504 1974272 1978368 1982464 1998848 2068480 2097152 2097152 2105344 2174976 2179072 2220032 2224128 2260992 2265088 2281472 2285568 2318336 2334720 2379776 2490368 2494464 2498560 2531328 2535424 2543616 2547712 2576384 2580480 2596864 2600960 2682880 2686976 2760704 2764800 2953216 2953728 3035136 3039232 3133440 3137536 3260416 3264512 3284992 3289088 3330048 3334144 3342336 3346432 3362816 3366912 3424256 3428352 3530752 3534848 3559424 3563520 3592192 3600384 3633152 3637248 3641344 3649536 3653632 3665920 3727360 3731456 3763712 3764224 3809280 3821568 3825664 3858432 3866624 3870720 3891200 3899392 3903488 3907584 3932160 3936256 3973120 3977216 3997696 4005888 4108288 4112384 4141056 4149248 4226560 4275712 4279808 4451840 4468736 4517888 4694016 4698112 4718080 4767232 4771328 5062144 5070848 5083136 5169152 5173248 5218304 5242880 5242880 5283840 5373952 5398528 5459968 5525504 5558272 5570560 5685248 5693440 5734400 5746688 5804032 5816320 5861376 5885952 6086656 6090752 6098944 6103040 6131712 6159360 6205440 6209536 6270976 6275072
43 68 16384 20480 44544 48640 200704 348160 359936 396800 421376 425472 446464 450560 495616 503808 536576 540672 561152 562688 589824 720896 905216 909312 913408 958464 1179648 1191936 1196032 1204224 1253376 1265664 1506816 1510912 1748992 1751552 1781760 1806336 1835008 1839104 1925120 1957888 2023424 2035712 2084864 2088960 2129920 2134016 2183168 2187264 2195456 2199552 2260992 2269184 2273280 2277376 2289664 2293760 2568192 2572288 2637824 2641920 2650112 2654208 2781184 2789376 2834432 2838528 2863104 2928640 2994176 3145728 3145728 3190784 3194880 3198976 3436544 3440640 3461120 3465728 3473408 3502080 3592192 3596288 3600384 3604480 3629056 3637248 3670016 3674112 3726848 3730944 3780608 3911680 3915776 3919872 3928064 3932160 4108288 4194304 4194304 4304896 4313088 4317184 4403200 4407296 4431872 4521984 4599808 4628480 4689920 4694016 4710400 4714496 4734976 4743168 4800000 4804096 4812800 4816896 4829184 5087232 5091328 5242880 5242880 5373952 5484544 5550080 5591040 5611520 5615616 5681152 5812224 5877760 5898240 5971968 6008832 6291456
44 41 0 278528 503808 999424 1089536 1159168 1179136 1183232 1384448 1388544 1392640 1683456 1708032 1761280 1773568 1785856 1957888 1961984 2170880 2174976 2355200 2646016 2650112 2871296 2916352 2957312 3014656 3018752 3035136 3059712 3276800 3280896 3308032 3324416 3411968 3416064 3428352 3430400 3477504 3481600 3550720 3595776 3862528 3866624 3919872 3920384 3923968 3928064 3932160 3936256 4038656 4169728 4235264 4239360 4251648 4255744 4268032 4403200 4460544 4538368 4599808 4698112 4801536 4802560 4849152 4853248 5021184 5242880 5242880 5570560 5586944 5591040 5689344 5693440 5779456 5783552 5832704 6163968 6193152 6197248 6205440 6209536
45 68 65536 69632 77824 81920 86016 90112 233472 249856 294912 303104 794624 798720 884736 888832 892928 909312 1040384 1043968 1187840 1196032 1200128 1462272 1544192 1550848 1552384 1556480 1667072 1691648 1712128 1724416 1892352 1904640 2146304 2150400 2207744 2211840 2220032 2228224 2244608 2248704 2441216 2449408 2469888 2478080 2498560 2502656 2584576 2592768 2637824 2646016 2707456 2711552 2781184 2789376 2875392 2880000 2904064 2908160 2990080 2998272 3018752 3022848 3039232 3043328 3076096 3079680 3133440 3144192 3235840 3244032 3301376 3304960 3346432 3354624 3383296 3387392 3391488 3395584 3403776 3407872 3432448 3436544 3473408 3477504 3649536 3652096 3653632 3656192 3694592 3760128 4014080 4096000 4198400 4202496 4312576 4316672 4431872 4435968 4452352 4509696 4591616 4599808 4669440 4743168 4820992 4861952 4870144 4878336 5038080 5042176 5091328 5095424 5099520 5103616 5156864 5160960 5226496 5242880 5242880 5390336 5505024 5570560 5640192 5648384 5660672 5664768 5668864 5672960 5849088 5914624 5963776 6160384 6205440 6209536 6254080 6270464
46 38 131072 196608 278528 344064 442368 454656 462848 466944 487424 499712 507904 512000 528384 532480 536576 540672 544768 548864 552960 557056 585728 593920 626688 638976 655360 679936 688128 724992 741376 806912 851968 954368 1056768 1060864 1064960 1073152 1175552 1183744 1224704 1228800 1273856 1277952 1282048 1306624 1310720 1376256 1396736 1400832 1409024 1413120 1441792 1449984 1486848 1556480 1605632 1654784 1679360 1679872 1687552 2097152 2097152 2142208 2199552 2203648 2207744 2211840 2252800 2256896 2272768 3145728 3145728 4194304 4194304 5242880 5242880 6291456
47 48 0 1048576 1048576 1924608 1928704 2097152 2097152 2608640 2637824 2641920 2662400 2715648 2752512 2833920 2863104 3125248 3145728 3211264 3268608 3272704 3391488 3522560 3538944 3604480 3850240 3852800 3858432 3862528 3932160 3997696 4026368 4030464 4034560 4124672 4186112 4194304 4194304 4222976 4227072 4505600 4513792 4558848 4562944 4599808 4623872 4652544 4681728 4685824 4718592 5074432 5111808 5177344 5246976 5251072 5267456 5271552 5324800 5357568 5390336 5402624 5464064 5468160 5471744 5479936 5505024 5570560 5619712 5636096 5656576 5658112 5677056 5742592 5787648 5791744 5840896 5844992 5898240 5967872 6008832 6078464 6094848 6139904 6189056 6201344 6209536 6213632 6217728 6221824 6230016 6234112 6250496 6262784 6266880 6270976 6279168 6283264
48 72 0 65536 110592 122880 180224 184320 229376 237056 241664 245760 258048 262144 262656 263168 303104 307200 352256 356352 393216 458752 536576 544768 557056 589824 782336 824320 933888 950272 1011712 1032192 1107968 1108480 1212416 1277952 1409024 1417216 1458176 1462272 1720320 1732608 1744896 1748992 1916928 1922048 1998848 2064384 2150400 2154496 2330624 2334720 2396160 2523136 2539008 2559488 2600960 2609152 2674688 2682880 2686976 2690048 2691072 2695168 2699264 2703360 2711552 2715648 2797568 2801664 2916352 2937344 2948608 2952704 3088384 3145728 3145728 3149824 3166208 3170304 3211264 3268608 3440640 3444736 3481600 3485696 3522560 3526656 3527168 3571712 3575808 3641344 3645440 3649536 3846144 3850240 3895296 3899392 4071424 4194304 4194304 4243456 4300800 4301312 4513792 4517888 4542464 4546560 4554752 4558848 4653056 4661248 4771840 4775936 4894720 4898816 4972544 4976640 5099520 5103616 5115904 5120000 5140480 5144576 5148672 5152768 5169152 5173248 5177344 5181440 5189632 5193728 5255168 5259264 5283840 5287936 5578752 5583360 5722112 5726208 5799936 5939200 6123520 6127616 6287360 6291456
49 76 69632 73728 142848 146944 204800 486912 491008 511488 581632 585728 593920 598016 684032 753664 819200 847872 876544 880640 884224 888320 896512 900608 905216 909312 921600 925696 998912 1011200 1105920 1122304 1277952 1343488 1421312 1425408 1506816 1510912 1551872 1555968 1667072 1675264 1740800 1744896 1802240 1867776 1966080 2002944 2006528 2097152 2097152 2489856 2629632 2633728 2646016 2650112 2654208 2662400 2670592 2678784 2686976 2691072 2695168 2699264 2707456 2711552 2908160 2990080 3034624 3038720 3076096 3080192 3182592 3223552 3227648 3231744 3383296 3448832 3461120 3466752 3723264 3727872 3845632 3849728 3870720 3874816 3878912 3911680 3964416 3968512 3993088 3997184 4005888 4009984 4521984 4587520 4660736 4709888 4800512 4837376 4853760 4886528 4902912 4915200 4993024 4997120 5005312 5013504 5078528 5082624 5103616 5107712 5111808 5177344 5206016 5218304 5226496 5242880 5242880 5292032 5296128 5300224 5320704 5328896 5332992 5337088 5340672 5344768 5386240 5390336 5419008 5423104 5471744 5479936 5533696 5541888 5550080 5636096 5668864 5672960 5705216 5709312 5738496 5750784 5762560 5766656 5820416 5824512 5869568 5873664 5881856 6107136 6160384 6225920
50 62 57344 90112 232960 298496 445952 450048 458752 540160 598016 663040 737280 741376 819200 823296 847360 855552 859648 908800 929792 1048576 1048576 1208320 1211904 1224192 1228288 1277440 1290240 1294336 1302528 1306624 1342976 1392128 1449984 1454080 1482752 1486848 1548288 1552384 1576448 1592832 1596928 1613312 1835008 1896448 1900544 1970176 1998848 2048000 2064384 2080768 2088960 2093056 2097152 2117632 2166784 2177024 2183168 2187264 2244096 2264576 2276864 2280960 2375680 2441216 2527232 2555904 2572288 2633728 2654208 2715648 2719744 2764800 2768896 2834432 2850816 2891776 2916352 3145728 3145728 3178496 3260416 3261440 3297280 3493888 3616768 3620864 3702784 3703808 3784704 3870720 3948544 4120576 4136960 4194304 4194304 4337664 4358144 4366336 4390912 4395008 4399104 4530176 4554752 4620288 4677632 4681728 4726784 4820992 4825088 5185536 5242880 5726208 5767168 5861376 5890048 5894144 5898240 6000640 6029312 6103040 6160384 6250496 6262784 6291456
51 59 0 94208 131072 225280 278528 283648 331776 352256 491008 560640 569344 634880 770048 774144 786432 851456 917504 921600 1069056 1073152 1077248 1093632 1228288 1236480 1249280 1253376 1564160 1568256 1785856 1839104 1978880 1979392 2150400 2152448 2338816 2341888 2408448 2420736 2449408 2453504 2596864 2600960 2650112 2654208 2666496 2670592 2777088 2779648 2842624 2846720 2957312 2961408 2990080 2994688 3014656 3080192 3137536 3145728 3145728 3149824 3260416 3261952 3317760 3321856 3514368 3518464 3522560 3526656 3649536 3747840 3862528 3866624 4067328 4071424 4197888 4218368 4284416 4288512 4354048 4358144 4648960 4653056 4697600 4705792 4714496 4718592 4849664 4915200 5160960 5177344 5185536 5242880 5242880 5296128 5304320 5308416 5320704 5324800 5439488 5447680 5451776 5455872 5484544 5488640 5595136 5597696 5726208 5767168 5926912 5931008 5963776 5967872 5984256 6037504 6127616 6131712 6144000 6156288
52 61 36352 40448 81408 85504 179712 245248 253952 266240 290816 294912 307200 315392 323584 339968 348160 361472 385024 393216 413696 458752 544768 573440 593920 603648 622592 626688 667648 1048576 1048576 1576960 1605632 1613824 1625600 1629696 1777664 1781760 1888256 1889280 1892352 1896448 1966080 1970176 2035712 2039808 2232320 2236416 2285568 2288128 2580480 2662400 2666496 2670592 2789376 2801664 2818048 2822144 2829824 2850304 2875392 2876416 2940928 2945024 3031040 3047424 3080192 3092480 3252224 3260416 3301376 3305472 3338240 3342336 3354624 3358720 3428352 3624960 3764224 3768320 3776512 3780608 3923456 3952128 3956224 4009472 4030464 4034560 4042240 4075008 4141056 4194304 4194304 4206592 4345856 4403200 4447744 4492800 4497408 4498432 4530176 4587520 4595712 4599808 4653056 4657152 4673536 4677632 4710400 4714496 4788224 4791296 4812800 4849664 4972544 4988928 5013504 5144576 5152768 5160960 5173248 5242880 5242880 6291456
53 7 0 1048576 1048576 2097152 2097152 2372096 2437632 3145728 3145728 4194304 4194304 5242880 5242880 6291456
54 7 0 279040 344576 1048576 1048576 2097152 2097152 3145728 3145728 4194304 4194304 5242880 5242880 6291456
55 21 0 1048576 1048576 2097152 2097152 3133440 3149824 3411968 3416064 3418624 3489280 3636736 3645440 3650048 3837952 3841536 3862528 3866624 3870720 3874816 3878912 3884544 3891200 3895296 3911680 3915776 4149248 4152320 4357632 4505088 4513792 4516864 5001216 5005312 5148160 5193216 5373440 5631488 5873664 5877760 5918720 6291456
56 8 0 1048576 1048576 2097152 2097152 3145728 3145728 3297280 3301376 3592192 3629056 4194304 4194304 5242880 5242880 6291456
57 39 0 1048576 1048576 1442304 1507840 2097152 2097152 3109376 3162112 3604480 3640832 3644928 3645440 3780096 3842048 3907584 3964928 4038656 4046848 4050944 4104192 4194304 4194304 4218880 4284416 4956160 5005312 5009408 5046272 5054464 5062656 5066752 5140480 5144064 5267456 5300224 5304320 5308416 5320704 5324800 5353472 5355008 5484544 5492736 5525504 5558272 5697536 5713920 5763072 5779456 5881856 5885952 6028800 6032896 6036992 6041088 6053376 6057472 6069760 6073856 6077952 6082048 6098432 6106624 6135296 6139392 6155776 6159872 6180864 6213632 6237696 6241792 6249984 6258176 6274560 6278656 6282752 6286848
58 95 3584 7680 11776 19968 24576 40960 81408 85504 93696 97792 98304 253440 265728 269824 286208 290304 294400 298496 306688 310784 314880 318976 364032 376320 384512 409088 421376 429568 433664 437760 441856 445952 466432 470528 474624 478720 486912 499200 507392 540160 544256 552448 564736 634880 638464 642560 646656 650752 654848 663040 679424 687616 691712 695808 696320 697344 700416 708096 712192 716288 720384 732672 740864 757248 761344 765440 765952 839168 851456 863744 867840 888320 892416 896512 900608 908800 912896 916992 921088 925184 933376 957952 962048 1019392 1023488 1048576 1048576 1093120 1097216 1207808 1211904 1220096 1224192 1396224 1396736 1437184 1691136 1695232 1699328 1703424 1711616 1715712 1719808 1723904 1806336 1810432 2093056 2097152 2105344 2109440 2277376 2281472 2330624 2338816 2359296 2363392 2383872 2387968 2404352 2600960 2711552 2715648 2833920 2842112 2846208 2870784 2878976 2883072 2919936 2932224 2936320 3126272 3182592 3194880 3223552 3681792 3690496 3694592 3698176 3722752 3726848 3730944 3735552 4005888 4050944 4087808 4182016 4186112 4194304 4198400 4247040 4251136 4288512 4296704 4333568 4337664 4341760 4345856 4349952 4399104 4407296 4554752 4571136 4587520 4632576 4681728 4685824 4702208 4833280 4898816 5046272 5050368 5259264 5275648 5320704 5357568 5365760 5368832 5381632 5488128 5553664 5685248 5881856 6078464 6082560 6094848 6168576 6189056 6270976 6279168
59 10 36864 61440 376832 442368 479232 487424 524288 921088 938496 1048576 1048576 2097152 2097152 3145728 3145728 4194304 4194304 5242880 5242880 6291456
60 8 0 1048576 1048576 2097152 2097152 3145728 3145728 4190208 4206592 4227072 4255744 4829184 4833280 5242880 5242880 6291456
61 6 0 1048576 1048576 2097152 2097152 3145728 3145728 4194304 4194304 5242880 5242880 6291456
62 9 0 675840 679936 1048576 1048576 2097152 2097152 3145728 3145728 4194304 4194304 4235264 4271616 4275712 4300800 5242880 5242880 6291456
63 28 0 1048576 1048576 2097152 2097152 2142208 2183168 2191360 2207744 2781184 2785280 3145728 3145728 3796992 4153344 4157440 4202496 4206592 4227072 4255744 4263936 4264448 4300800 4306432 4325376 4390912 4653056 4657152 4669440 4673536 4677632 4681728 4743168 4808704 4820992 4915200 5021696 5029888 5033984 5042176 5206016 5210112 5545984 5550080 5697536 5701632 5828608 5861376 5869568 5935104 5976064 5980160 6094848 6095872 6164480 6168576
64 65 12288 15360 303104 315392 331776 348160 356352 360448 503808 507904 606208 630784 823296 827392 831488 843776 847872 864256 868352 933888 937984 950272 958464 962560 970752 978944 991232 1048576 1052672 1056768 1060864 1064960 1069056 1089536 1101824 1110016 1114112 1126400 1130496 1134592 1425408 1429504 1445888 1448448 1503232 1503744 1568768 1572864 1662976 1667072 1708032 1720320 1839104 1859584 1892352 1900544 1921024 1925120 1929216 1933312 1941504 1945600 1953792 1957888 1966080 1970176 1982464 2097152 2097152 2129920 2153984 2162176 2199552 2228224 2248704 2250752 2293760 2351104 2383872 2387968 2412544 2625536 2646016 2703360 2768896 2834432 2973696 2977792 3465728 3466240 3543040 3547136 3555328 4079616 4120576 4124672 4141056 4145152 4169728 4186112 4501504 4509696 4530176 4689920 5062656 5066752 5140480 5242880 5242880 5320704 5349376 5373952 5533696 5545984 5619712 5623808 5640192 5705728 5754880 5755904 5775360 5777920 5779456 5787648 5791744 5795840 5820416 5821440 6045696 6279168
65 62 36864 49152 102400 106496 122880 124928 196608 199168 212992 512000 552960 561152 598016 602112 614400 622592 626688 630784 671744 673280 692224 724992 786432 851968 1003520 1007616 1011712 1019904 1036288 1044480 1069056 1073152 1146880 1150976 1159168 1163264 1167360 1175552 1179648 1183744 1187840 1196032 1200128 1204224 1208320 1220608 1228800 1245184 1257472 1265664 1277952 1286144 1290240 1298432 1310720 2097152 2097152 3145728 3145728 3366912 3424256 3469312 3526656 3592192 3641344 3649536 3854336 3858432 3973120 4128768 4190208 4194304 4194304 4300800 4341760 4513792 4599808 4603904 4616192 4620288 4628480 4632576 4636672 4640768 4653056 4657152 4661248 4665344 4718592 4722688 4890624 4898816 4952064 4984832 4997120 5001216 5086208 5087232 5210112 5214208 5218304 5222400 5234688 5238784 5242880 5246976 5251072 5255168 5259264 5263360 5271552 5275648 5373952 5378048 5414912 5439488 5447680 5451776 5505024 5537792 5574144 5905920 5914112 6291456
66 35 0 1048576 1048576 2097152 2097152 2948608 3014656 3018752 3031040 3043328 3293184 3297280 3300864 3304960 3350528 3387392 3440640 3493888 3514368 3518464 3534848 3547136 3682304 3690496 3698688 3702784 3710976 3715072 3891200 3895296 3923968 3924480 4087808 4088320 4112384 4116480 4145152 4149248 4157440 4161536 4198400 4201472 4268032 4272128 4427776 4431872 4476416 4480512 4661248 4702208 4808704 4813312 5042176 5046272 5209600 5213696 5259264 5263360 5320704 5324800 5636096 5885952 5963776 6103040 6127616 6193152 6209536 6213632 6230016 6234112
67 81 81920 98304 110592 131072 135168 139264 241664 245760 331264 364032 368128 376832 380416 396800 548864 551936 696320 712192 744960 749056 823296 827392 831488 835584 966656 970752 995328 998400 1003520 1015808 1019904 1024000 1036288 1048576 1052672 1056768 1097728 1101824 1249280 1250304 1376256 1378816 1437696 1462272 1466368 1470464 1527808 1531904 1564672 1565696 1626112 1630720 1708032 1716224 1843200 1863680 1900544 1966080 2019328 2027520 2191360 2203648 2207744 2211840 2273280 2277888 2498560 2506752 2523136 2609152 2617344 2621440 2633216 2636288 2784768 2801152 2818048 2830336 2850816 2859008 2883584 2895872 3112960 3145728 3145728 3186688 3235840 3244032 3252224 3256320 3272704 3276800 3321856 3330048 3403776 3436544 3481600 3485696 3616768 3619328 3759616 3763712 3883008 3928064 3944448 3952640 3993600 3997696 4112384 4194304 4194304 4268032 4349952 4386816 4448256 4849664 4915200 5046272 5058560 5066752 5152768 5156864 5222400 5226496 5263360 5275648 5287936 5292032 5353472 5356032 5394432 5398528 5496832 5500928 5537792 5541888 5607424 5611520 5656576 5660672 5754880 5758976 5836800 5844992 5894144 5939200 5955072 5959168 5971968 6004736 6017024 6021120 6070272 6135808 6156288 6160384 6193152 6197248 6262784 6266880 6279168 6287360
68 46 0 8192 20480 24576 131072 135168 196608 200704 208896 221184 233472 245760 405504 921600 925696 958464 1183744 1224704 1245184 1257472 1359872 1365504 1376256 1396736 1503232 1507328 1519616 1520640 1560576 1564672 1605632 1638400 1667072 1675264 1908736 1909760 1921024 1925120 1986560 2007040 2035712 2039808 2072576 2097152 2097152 2105344 2109440 2113536 2121728 2129920 2142208 2150400 2162688 2207744 2269184 2301952 2375680 2379776 2387968 2392064 2412544 2416640 2461696 2465792 2572288 2576384 2637824 2670592 2719744 3014656 3072000 3112960 3203072 3239936 3497984 3530752 3702784 3706880 3969024 3973120 4222976 4231168 4284416 4286464 4435968 4440064 4591616 4669440 4718592 5242880 5242880 6291456
69 41 0 1048576 1048576 2097152 2097152 2490368 2596864 2605056 2682880 2686976 2748416 2752512 2932736 2936832 2961408 2981888 3039232 3047424 3084288 3145728 3145728 3182592 3194880 3211264 3227648 3452928 3514368 3518464 3620864 3624960 3641344 3649536 3719168 3739648 3833344 3837440 3919872 3923968 3944448 3956736 4153344 4157440 4308992 4313088 4321280 4341760 4374528 4378624 4431872 4435968 4444160 4448256 4497408 4501504 4571136 4575232 4579328 4583424 4796416 5091328 5124096 5128192 5189632 5197824 5234688 5235200 5410816 5413376 5459968 5464064 5488640 5492736 5967872 6021120 6090752 6094848 6193152 6209536 6221824 6225920 6234112 6258688
70 35 12288 20480 81920 98304 159744 679936 692224 774144 798720 835584 847872 1048576 1048576 1093632 1114112 1228800 1232896 1236992 1241088 1249280 1261568 1298432 1306624 1323008 1327104 1363968 1392640 1413120 1454080 1486848 1495040 1511424 1679360 1699840 1703936 1732608 1851392 1896448 1900544 1925120 1994752 2060288 2134016 2138112 2146304 2150400 2158592 2162688 2174976 2179072 2191360 2195456 2203648 2207744 2228224 2232320 2256896 2260992 2269184 2273280 2281472 2285568 2290176 3145728 3145728 4194304 4194304 5242880 5242880 6291456
71 7 0 1048576 1048576 2097152 2097152 3145728 3145728 4194304 4194304 5242880 5242880 6131712 6135808 6291456
72 10 0 475136 589824 598016 606208 610816 794624 1048576 1048576 2097152 2097152 2281472 2285568 3145728 3145728 4194304 4194304 5242880 5242880 6291456
73 8 0 143360 147456 1048576 1048576 2097152 2097152 3145728 3145728 4194304 4194304 4313088 4317184 5242880 5242880 6291456
74 53 0 65536 196608 241664 315392 351232 557056 561152 753664 757760 876544 897024 983040 987136 1052672 1060864 1585152 1589248 1638400 2097152 2097152 2228224 2289664 2355200 2428928 2433024 2482176 2494464 2621440 2686976 2744320 2748416 2784768 2788864 2829824 3014656 3035136 3080192 3112960 3117056 3211264 3276800 3313664 3317760 3333632 3337728 3342336 3346432 3395584 3399680 3424256 3428352 3543040 3579904 3588096 3596288 3670016 3735552 3747840 3817472 3932160 3944448 4018176 4021248 4038656 4046848 4067328 4116480 4120576 4124672 4128768 4194304 4194304 4456448 4521984 4653056 4718592 4784128 5013504 5017600 5046272 5066752 5074944 5083136 5173248 5181440 5214208 5218304 5632000 5636096 5640192 5644288 5652480 5656576 5771264 5775360 5779456 5787648 5849088 5853184 5869568 5873664 5980160 5984256 6037504 6078464
75 35 135168 139264 172032 266240 491520 495616 618496 630784 667648 1048576 1048576 1060864 1081344 1671168 1703936 1835008 1884160 1892352 1896448 1900544 1928704 1932800 1949696 1953792 1961472 1965568 2076672 2084864 2092544 2096640 2113536 2117632 2174976 3145728 3145728 3747840 3768320 3772416 3874816 3883008 4050944 4083712 4116480 4120576 4194304 4198400 4227072 4229120 4411392 4423680 4685824 4698112 4726784 4730880 4771840 4775936 4792320 4800512 4972544 4974080 4976640 4980736 5033984 5038080 5177344 5181440 5263360 5271552 5517312 6291456
76 16 7680 11776 12288 49152 184320 188416 389120 430080 434176 442368 602112 606208 663552 667648 729088 790528 1024000 1026048 1118208 1290240 1474560 1478656 1507328 2097152 2097152 3145728 3145728 4194304 4194304 5242880 5242880 6291456
77 7 0 294912 299008 1048576 1048576 2097152 2097152 3145728 3145728 4194304 4194304 5242880 5242880 6291456
78 10 0 303104 307200 1048576 1048576 2097152 2097152 3145728 3145728 4194304 4194304 5242880 5242880 5512704 5533696 5537792 5602816 5733888 6283264 6285312
79 46 73728 75264 106496 110592 159744 167936 196608 262144 323584 327680 421376 433664 458240 470528 585728 598016 638976 1048576 1048576 1097728 1298432 1306624 1335296 1339392 1638400 1642496 1724416 1769472 1822720 1835008 1875968 1896448 1933312 1941504 1966080 1986560 2031616 2052096 2134016 2138112 2248192 2252288 2264576 2272768 2297344 2321920 2428416 2444800 2490368 2494464 2498560 2502656 2559488 2567680 2572288 2584576 2588672 2592768 2637824 2641920 2670592 2674688 2859008 2871296 2899968 2902528 2916352 2920448 2973696 2977792 3100672 3104768 3108864 3117056 3145728 3211264 3342336 3346432 3440640 3465216 3473408 3485696 3620864 3653632 3674112 3676160 3714560 4194304 4194304 5242880 5242880 6291456
80 108 0 225280 257536 261632 327680 331776 356352 421888 540672 541696 659456 1048576 1048576 1167360 1171456 1175552 1196032 1544192 1556480 1572864 1585152 1839104 1843200 1847296 1851392 1859584 1863680 1875968 1884160 1888256 1892352 1908736 1912832 1916928 1921024 1925120 1937408 1945600 1957888 1966080 1978368 1986560 1994752 1998848 2002944 2007040 2015232 2019328 2023424 2027520 2031616 2035712 2052096 2068480 2072576 2080768 2084864 2097152 2097152 2101248 2117632 2125824 2138112 2142208 2154496 2158592 2162688 2166784 2170880 2179072 2191360 2195456 2203648 2207744 2224128 2228224 2244608 2248704 2252800 2265088 2277376 2281472 2293760 2297856 2301952 2310144 2314240 2318336 2322432 2330624 2338816 2342912 2351104 2359296 2371584 2379776 2387968 2396160 2400256 2408448 2412544 2416640 2420736 2424832 2441216 2445312 2449408 2457600 2469888 2473984 2482176 2490368 2494464 2498560 2506752 2519040 2523136 2527232 2531328 2535424 2543616 2584576 2596864 2600960 2629632 2641920 2654208 2658304 2662400 2678784 2682880 2691072 2695168 2707456 2711552 2732032 2736128 2748416 2777088 2781184 2785280 2809856 2818048 2830336 2846720 2867200 2871296 2883584 2887680 2895872 2904064 2908160 2916352 2932736 2936832 2953216 2990080 2992128 3006464 3010560 3104768 3145728 3145728 3153920 3158016 3174400 3198976 3199488 3424256 3457024 3571712 3575808 3612672 3661824 3665920 3719168 3751936 3938304 3948544 3949568 3952640 3985408 4182016 4194304 4210688 4366336 4501504 4505600 4743168 4747264 4939776 4943872 5005312 5025792 5046272 5050368 5193728 5197824 5206016 5214208 5255168 5263360 5271040 5275136 5316608 5318144 5459968 5464064 5476352 5480448 5701632 5767168 6078464 6082560 6172672 6238208
81 88 94208 98304 110592 118784 131072 135168 217088 282624 327680 331776 339968 401408 471040 479232 544768 626688 786432 794624 839680 851968 1052672 1056768 1085440 1089536 1175552 1179648 1232896 1236992 1327104 1330176 1441792 1445888 1527808 1675264 1916928 1925120 1929216 1937408 1941504 1945600 1966080 1982464 1994752 2011136 2019328 2023424 2027520 2035712 2039808 2097152 2097152 2199552 2203136 2563584 2653696 2702848 2703360 3063296 3063808 3067904 3100672 3104768 3108864 3121152 3125248 3133440 3149824 3178496 3190784 3198976 3207168 3215360 3219456 3235840 3252224 3256320 3260416 3264512 3272704 3309568 3313664 3317760 3321856 3325952 3346432 3350528 3358720 3366912 3371008 3375104 3379200 3387392 3391488 3399680 3403776 3428352 3457024 3465216 3469312 3485696 3489792 3493888 3497984 3502080 3506176 3510272 3522560 3526656 3530752 3534848 3538944 3543040 3551232 3555328 3559424 3567616 3571712 3575808 3592192 3596288 3604480 3645440 3649536 3661824 3665920 4058624 4075520 4087808 4091904 4104192 4136960 4141056 4272128 4284416 4362240 4374528 4411392 4427776 4435968 4440064 4448256 4452352 4464640 4468736 4513792 4517376 4583424 4587520 4612096 4614144 4710400 4722688 4882432 4886528 4939776 5242880 5242880 5578240 5586944 5591040 5664768 5672960 5918720 5922816 5935104 5963776 6037504 6041600 6070272 6074368 6107136 6115328 6225920 6230016 6254592 6287360
82 126 81408 93696 147456 172032 282624 339968 393216 397312 413696 415744 434176 438272 478720 482816 495616 520192 675840 679936 716800 753664 946176 950272 962560 966656 987136 991232 999424 1003520 1007616 1015808 1089024 1093120 1118208 1122304 1126400 1130496 1138688 1142784 1155072 1163264 1175552 1179648 1187840 1191936 1200128 1208320 1216512 1220608 1228800 1245184 1249280 1269760 1273856 1286144 1290240 1294336 1298432 1302528 1392640 1396736 1404928 1409024 1630208 1634304 1654784 1658880 1687552 1695744 1703936 1708032 1724416 1728512 1777664 1781760 1785856 1830912 1867776 1871872 1966080 1970176 2215936 2281472 2318336 2322432 2334720 2338816 2363392 2367488 2387968 2519040 2592768 2595840 2613248 2617344 2646016 2650112 2670592 2674688 2706944 2752000 2772992 2777088 2818048 2846720 2854912 2859008 2879488 2887680 2940928 2949120 2961408 2965504 3014656 3080192 3096576 3100672 3104768 3108864 3538944 3543040 3633152 3635712 3645440 3649536 3805184 3809280 3874816 3883008 3940352 3944448 3985408 4001792 4014080 4018176 4026368 4055040 4186112 4194304 4218880 4222976 4259840 4325376 4390912 4415488 4440064 4444160 4509696 4513792 4521984 4530688 4689920 4694016 4796416 4800512 4820992 4822016 4898816 4907008 4939776 4943872 5017600 5021696 5091328 5124096 5132288 5136384 5226496 5230592 5234688 5242880 5255168 5259264 5271552 5279744 5283840 5287936 5292032 5312512 5316608 5320704 5332992 5337088 5353472 5357568 5365760 5369856 5378048 5382144 5386240 5390336 5398528 5410816 5419008 5427200 5451776 5455872 5459968 5468160 5488640 5492736 5500928 5505024 5509120 5513216 5521408 5525504 5541888 5554176 5562368 5570560 5574656 5591040 5595136 5603328 5607424 5615616 5619712 5623808 5627904 5632000 5640192 5648384 5652480 5656576 5660672 5668864 5681152 5685248 5693440 5697536 5701632 5705728 5713920 5718016 5722112 5726208 5730304 5734400 5738496 5746688 5758976 5763072 5767168 5779456 5783552 5787648 5795840 5804032 5808128 5881856 5882368 6291456
83 6 0 1048576 1048576 2097152 2097152 3145728 3145728 4194304 4194304 5242880 5242880 6291456
84 76 0 1048576 1048576 1851392 1855488 1859584 1863680 1875968 1892352 1900544 1912832 1929216 1941504 1953792 1957888 1994752 2002944 2007040 2031616 2043904 2060288 2068480 2080768 2084864 2248704 2252800 2260992 2265088 2277376 2285568 2428928 2441216 2445312 2452480 2502656 2506752 2572288 2576384 2633728 2637824 2654208 2657792 2834432 2838528 2850816 2854912 2965504 3035136 3272704 3345920 3383296 3395584 3407872 3452928 3469312 3474944 3477504 3518464 3538944 3547136 3571712 3612672 3649536 3657728 3735552 3764224 3776512 3788800 3805184 3813376 3842048 3850240 3854336 3858432 3866624 3940352 3948544 3969024 3977216 3985408 3993600 4005888 4014080 4030464 4034560 4038656 4059136 4071424 4079616 4083712 4091904 4096000 4108288 4112384 4116480 4120576 4124672 4141056 4145152 4149248 4165632 4177920 4190208 4194304 4194304 4214784 4280320 4284416 4333568 4464640 4476928 4481024 4546560 4554752 4653056 4657152 4726784 4730880 4734976 4739072 4829184 4833280 4837376 4894720 4898816 4915200 4943872 4993024 5001216 5009408 5017600 5021696 5033984 5038080 5259264 5271552 5390336 5394432 5431296 5435392 5439488 5440000 5459968 5464064 5586944 5636096 5799936 5804032 6098944 6103040 6131712 6291456
85 55 0 372736 425984 589824 630784 684032 786432 798720 991232 1048576 1048576 1212416 1241088 1433600 1449472 1457664 1499136 1503232 1752576 1756672 1794048 1798144 2093056 2097152 2097152 2121728 2166784 2170880 2174976 2195456 2252800 2256896 2273280 2277376 2408448 2498560 2588672 3121152 3207168 3211264 3219456 3223552 3231744 3239936 3256320 3260416 3317760 3387392 3489792 3490816 3510272 3518464 3698688 4104192 4112384 4116480 4124672 4128768 4132864 4136960 4141056 4145152 4165632 4173824 4234752 4283904 4288000 4587008 4706304 4710400 4730880 4734976 4829184 4849664 4853760 4870144 4976640 4984832 5009408 5025792 5128192 5136384 5160960 5165056 5169152 5173248 5234688 5238784 5259264 5263360 5304320 5337088 5509120 5533696 5627904 5630464 5640192 5644288 5824512 5828608 5906432 5909504 6037504 6041600 6053888 6057984 6094848 6123520 6246400 6291456
86 49 0 24064 28160 527872 638976 643072 688128 692224 782336 798720 839680 843776 851968 905216 954368 987136 1077248 1089536 1130496 1155072 1241088 1245184 1310720 1314816 1339392 1347584 1404928 1470464 1548288 1736704 1888256 1892352 2179072 2220032 2244608 2269184 2465792 2531328 2576384 2580480 2605056 2677760 2784768 2788864 2830336 2834432 2875392 2879488 3018752 3022848 3035136 3038208 3051520 3055616 3145728 3162112 3227136 3231232 3268096 3272192 3313664 3314176 3395072 3461120 3563008 3567104 3674112 3690496 3833856 3837952 3854336 3985408 4243456 4411392 4538368 4587520 4697600 4701696 4702208 4706304 4718592 4734976 4960256 4964352 4972544 4976640 5144576 5148672 5263360 5267456 5353472 5356032 5636096 5640192 5705728 5709824 5799936 6291456
87 6 0 1048576 1048576 2097152 2097152 3145728 3145728 4194304 4194304 5242880 5242880 6291456
88 16 0 1048576 1048576 2097152 2097152 2134016 2162688 2166784 2174976 2178560 2256896 2260992 2301952 2310144 2330624 2355200 2383872 2387968 2404352 2408448 2584576 2641920 2674688 2678784 2686976 3145728 3145728 4194304 4194304 5242880 5242880 6291456
89 16 0 1048576 1048576 2097152 2097152 3145728 3145728 4194304 4194304 5242880 5242880 5325312 5378048 5382144 5410816 5459968 5468160 5472256 5561856 5570048 5598720 5606912 5611520 5644288 5721600 5750272 5754880 5758976 5820416 5824512 5943296 5947392
90 30 4096 8192 45056 49152 57344 61440 102400 246272 327680 335872 544256 552448 937984 946176 1007616 1011712 1134592 1138688 1383936 1388032 1486848 1581056 1634304 1638400 1642496 1646592 1650688 1654784 1679360 1683456 1732608 1736704 1748992 1753088 1765376 1769472 1781760 1810432 1814528 1822720 1863680 1867776 1880064 1884160 1892352 1900544 1908736 1912832 1937408 1941504 1957888 2097152 2097152 3145728 3145728 4194304 4194304 5242880 5242880 6291456
91 6 0 1048576 1048576 2097152 2097152 3145728 3145728 4194304 4194304 5242880 5242880 6291456
92 46 0 1048576 1048576 1400832 1417216 1429504 1449984 1486848 1499136 1703936 1716224 1720320 1835008 1875968 1908736 1912832 2162688 2228224 2244608 2248704 2256896 2260992 2293760 2306048 2322432 2342912 2457600 2502656 2514944 2686976 2830336 2838528 2920448 2924544 3084288 3092480 3170304 3198976 3292672 3294208 3395584 3399680 3534848 3538944 3596288 3616768 3735552 3743744 3747840 3760128 3768320 3780608 4050944 4055040 4136960 4169728 4182016 4186112 4333568 4337664 4369920 4435456 4476928 4481024 4500992 4795904 4800512 4804608 5021696 5025792 5029888 5033984 5058560 5062656 5111808 5115904 5124096 5128192 5206016 5242880 5242880 5255168 5300224 5353472 5361664 5365760 5439488 5443584 5517312 5521408 5636096 6291456
93 8 0 1048576 1048576 2097152 2097152 3145728 3145728 4194304 4194304 5046272 5111808 5242880 5242880 5963776 6028800 6291456
94 7 0 1048576 1048576 2097152 2097152 3145728 3145728 4194304 4194304 4800000 4861952 5242880 5242880 6225920
95 47 118784 122880 131072 135168 159744 188416 192512 196608 203264 221184 258048 259072 323584 327680 335872 339968 372736 380928 425984 442368 523776 536064 602112 603648 765952 770048 831488 839680 983040 987136 991232 995328 1040384 1044480 1056768 1060864 1122304 1208320 1211904 1216000 1331200 1347584 1507328 1511424 1560576 1564672 1589248 1593344 1658880 1662976 1785856 1789952 1900544 1904640 1937408 1961984 1966080 2031616 2187264 2191360 2260480 2334208 2469888 2486272 2490368 2498560 2830336 3080192 3112960 3117056 3190784 3194880 3579904 3588096 3784704 3801088 3805184 3842048 3887104 3889152 3977216 4124672 4206592 4210688 4394496 4398592 4423680 5242880 5242880 5505024 5652480 5664768 5701632 6291456
96 6 0 1048576 1048576 2097152 2097152 3145728 3145728 4194304 4194304 5242880 5242880 6291456
97 37 0 1048576 1048576 2097152 2097152 3018752 3047424 3051520 3055616 3117056 3379200 3379712 3448832 3452928 3493888 3497984 3506176 3510272 3792896 3821568 3846144 3858432 3878912 3883008 3891200 4042752 4194304 4198400 4222976 4227072 4452352 5013504 5042176 5046272 5054464 5058560 5111808 5115904 5124096 5197824 5234688 5242880 5242880 5245440 5279744 5283840 5296128 5308416 5320704 5324800 5328896 5337088 5369856 5373952 5382144 5394432 5398528 5406720 5640192 5641728 5668864 5672960 5832704 5898240 5910528 6029312 6053888 6057984 6103040 6115328 6148096 6156288 6221824 6291456
98 78 0 131072 196608 237568 262144 372736 389120 393216 503808 507904 512000 552960 557056 581632 585728 794624 802816 815104 819200 1024000 1372160 1392640 1507328 1961984 1982464 1986560 2113024 2121216 2276864 2285056 2289152 2293248 2314240 2318336 2351104 2355200 2396160 2400256 2433024 2437120 2514432 2518528 2596352 2600448 2604544 2613248 2629632 2650112 2686976 3145728 3145728 3735552 3760128 3764224 3776512 3780608 3801088 3804672 3911680 3915776 3936256 3940352 4005888 4014080 4026368 4030464 4038656 4042752 4075520 4079616 4096000 4100096 4104192 4108288 4111872 4115968 4124160 4128256 4156928 4161024 4198400 4214784 4226560 4275712 4279808 4529664 4530176 4534272 4546560 4550656 4562944 4567040 4587520 4599808 4669440 4694016 4702208 4706816 4718080 4767744 4771328 5242880 5242880 5262848 5267456 5271552 5328896 5332992 5349376 5353472 5365760 5373952 5468160 5472256 5533696 5537792 5570560 5619712 5623808 5627904 5668352 5672448 5730304 5734400 5758976 5763072 5787648 5795840 5849088 5853184 5890048 5892608 5914624 5918720 5988352 5992448 6004736 6008832 6012928 6017024 6033408 6037504 6098944 6103040 6131712 6135808 6184960 6189056 6205440 6217728 6221824 6225920 6250496 6254592 6275072 6283264
99 75 0 73728 77824 86016 110592 114688 135168 142336 159744 163840 184320 188416 196608 200704 245760 249856 282624 286720 323584 327680 339968 344064 348160 364544 368640 376832 385024 389120 393216 397312 401408 417792 446464 454144 524288 573440 598016 602112 622592 626688 643072 647168 651264 655360 692224 696320 704512 724992 778240 790528 802816 806912 811008 815104 851968 868352 872448 876544 880640 884736 929792 933888 950272 954368 966656 999424 1015808 1048576 1056768 1060864 1089024 1093120 1097216 1101312 1105920 1110016 1212416 1228800 1277952 1282048 1298432 1302528 1400832 1409024 1417216 1421312 1544192 1548288 1581056 1585152 1589248 1597440 1888256 1892352 1986560 2002944 2035200 2039296 2179072 2183168 2248704 2289664 2293760 2314240 2338816 2342912 2375680 2387968 2572288 2592768 2621440 3145728 3145728 3166208 3178496 3383296 3403776 3444736 3510272 3516416 3518464 3519488 3530752 3538432 3600384 3608576 3768320 3777024 3801088 3809280 3813376 3817472 3833344 3857920 3923968 3928064 3944448 3948544 4149248 4153344 4161536 4165632 4227072 4231168 4259328 4341248 4345344 5242880 5242880 6291456
