#StripeID,rangenumber,BlockOffsetStart,BlockOffsetEnd
0 90 0 28672 32256 40448 105984 114176 118272 122368 130560 142848 146944 159232 163328 167424 196608 212992 224768 233472 237056 241152 286208 290304 311296 352256 401408 409088 421888 507904 622080 626176 765952 819200 986624 990720 1097216 1101312 1228800 1232896 1495040 1691648 1712128 1716224 2183168 2186752 2383872 2387968 2408448 2424832 2453504 2454528 2551808 2555904 2646016 2649088 2928640 2932736 3092480 3095552 3124736 3128832 3237888 3239424 3346432 3347456 3473408 3475968 3563520 3566592 3600384 3604480 3624960 3629056 3661824 3662848 3723264 3727872 3747840 3751936 3756032 3760128 3776512 3780608 3805184 3810816 3829760 3837952 3858432 3887104 3997696 4063232 4128768 4153344 4206592 4210688 4235264 4237824 4255744 4259840 4263936 4268032 4296192 4300288 4329472 4333568 4341760 4345856 4361728 4365824 4370432 4375040 4550656 4567040 4620288 4624384 4661248 4665344 4788224 4792320 4853760 4857856 4881920 4898304 4906496 4910592 4919296 4923392 4968448 5018112 5021696 5025792 5038080 5042176 5050368 5054464 5058560 5062656 5074944 5091328 5206016 5209088 5218304 5242880 5242880 5283840 5689344 5885952 5980160 5996544 6090752 6094848 6234112 6238208 6340608 6344704 6447104 6483968 6541312 6950912 7000064 7065600 7249920 7299072 7352320 7360512 7401472 7405568 7438336 7462912 7528448 7532544 7614464 7680000 7684096 7708672 7786496 7790592 7983104 8048640 8159232 8388608
1 8 0 1048576 1048576 2097152 2097152 3145728 3145728 4194304 4194304 5242880 5242880 6291456 6291456 7340032 7340032 8388608
2 62 0 1048576 1048576 1417216 1486848 1503232 1523712 1527808 1531904 1536000 1544192 1552384 1622016 1642496 1650688 1671168 2211840 2215936 2224128 2228224 2277376 2281472 2334720 2338816 2347008 2351104 2420736 2424832 2473984 2478080 2572288 2576384 2617344 2621440 2723840 2724864 2768896 2781184 2846720 2854912 2912256 2916352 2928640 2994176 3026944 3031040 3137024 3145728 3145728 4194304 4194304 4914688 4939776 4947968 5053952 5070336 5099520 5103616 5169152 5173248 5361152 5365248 5427200 5431296 5435392 5443584 5484544 5513216 5554176 5607424 6189056 6254592 6340608 6344704 6397952 6402048 6422528 6426624 6451200 6455296 6463488 6467584 6475776 6479872 6512640 6524928 6545408 6553600 6823936 6840320 7060992 7065088 7147520 7151616 7159808 7163904 7266304 7274496 7360512 7364608 7417856 7495680 7544832 7561216 7565312 7569408 7622656 7626752 7634944 7700480 7806976 7815168 7856128 7860224 7913472 7921664 7950336 7954432 7983104 8007680 8040448 8044544 8323072 8327168
3 60 77824 90112 163840 176128 204800 208896 212992 217088 364032 372224 413696 438272 466944 471040 483328 495616 544768 548864 614400 618496 815104 823296 872448 1048576 1048576 1789952 2355200 2359296 2387968 2392064 2396160 2490368 2519040 2523136 2531328 2535424 2600960 2605056 2781184 2789376 2985472 2989568 3080192 3081216 3252224 3256320 3538944 3608576 3633152 3637248 3804672 3808768 3862528 3866624 3870720 3903488 3989504 4005888 4026368 4038656 4122112 4152832 4644352 4652544 4677120 4701696 4845568 4847616 4878336 4882432 4902912 4968448 4984832 4988928 5189632 5193728 5525504 5683200 5733888 5737984 5873664 5877760 6078464 6291456 6291456 6336512 6340608 6344704 6619136 6631424 6766592 6770688 6840320 6844416 6914048 6918144 7012352 7020544 7028736 7032832 7176192 7180288 7266304 7340032 7454720 7467008 7708672 7737344 7741440 7778304 7790592 7847936 7901184 7905280 8048640 8056832 8118272 8122368 8200192 8388608
4 52 32768 78336 143872 303104 380928 385024 409600 438272 466944 471040 483328 516096 548864 552960 589824 598016 610304 643072 888832 909312 917504 921600 1015808 1019904 1056768 1060864 1445888 1449984 1536000 1540096 1576960 1589248 1601536 1605632 1740800 1757184 1839104 1843200 1847296 1851392 1875968 1896448 1912832 2084864 2134016 2138112 2306048 2308096 2311168 2312192 2392064 2396160 2535424 2539520 2895872 2916352 2920448 2928640 3018752 3022848 3084288 3084800 3178496 3182592 3272704 3276800 3321856 3323392 3464704 3476992 3555328 3620864 3817472 3883008 3993600 3997696 4112384 4194304 4194304 4243456 4317184 4321280 4329472 4333568 4361728 4365824 4374528 4386816 4468736 4472832 4481024 4485120 4493312 4558848 4726784 4792320 4898816 5242880 5242880 6291456 6291456 7340032 7340032 8388608
5 39 0 1048576 1048576 1998848 2002944 2097152 2097152 3145728 3145728 3727360 3735552 4194304 4194304 4583424 4718592 4726784 4931584 4935680 4960256 4968448 4988928 4993024 5144064 5168640 5537792 5541888 5562368 5570560 5595136 5596672 5619712 5623808 5672960 5676544 5795840 5799936 5963776 6291456 6291456 6320128 6529024 6533120 6623232 6627328 6676480 6688768 6799360 6803456 6852608 6856704 6872576 6876672 6901760 6909952 7098368 7102464 7155712 7196672 7233536 7274496 7478784 7482880 7626752 7630848 7642624 7646720 7737344 7770112 7774208 7806976 7876608 7888896 8179200 8199680 8232960 8241152 8355840 8359936
6 78 36352 40448 40960 45056 122880 126976 163840 167936 237568 241664 274432 278528 380928 385024 393216 397312 417792 540672 544768 548864 557056 561152 614400 626688 675840 679936 729088 733184 794624 798720 839680 860160 884736 888832 991232 995328 1363968 1368064 1458176 1466368 1576960 1581056 1585152 1593344 1609728 1613824 1634304 1638400 1744896 1748992 1785856 1789952 1966080 1974272 2052096 2056192 2109440 2621440 2633728 2637824 2670592 2674688 2793472 2801664 2977792 2981888 3035136 3039232 3055616 3059712 3420160 3424256 3481600 3489792 3514368 3518464 3547136 3551232 3727360 3731456 3780608 3784704 3833856 3837952 3894784 3898880 4025856 4029952 4058624 4062720 4136960 4141056 4189696 4193792 4227072 4243456 4337664 4841472 4919296 4923392 4935680 4939776 5033984 5107712 5275648 5308416 5726208 5791744 5828608 5881856 5898240 5902336 5939200 5943296 5984256 5996544 6029312 6070272 6074368 6078464 6082560 6119424 6168576 6172672 6414336 6418432 6455296 6459392 6475776 6479872 6574080 6684672 6750208 6787072 6815744 6881280 7069696 7071232 7110656 7114752 7147520 7148032 7405568 7406080 7421952 7426048 7454720 7458816 7491584 7495680 7626752 7630848 7819264 7835648 8368128 8371712
7 71 7680 11776 36352 40448 53248 56832 155648 159744 270336 274432 348160 352256 389120 462848 483328 495616 499712 503808 540672 544768 548864 565248 614400 630784 655360 659456 724992 745472 753664 770048 823296 827392 831488 835584 974848 978944 1024000 1026048 1179136 1204224 1265664 1331200 1507328 1568768 1654784 1655808 1667072 1687552 2220032 2285568 2334720 2347008 2457600 2523136 2564096 2596864 2658304 2659840 2686976 2822144 3002368 3006464 3010560 3055616 3096576 3112960 3149312 3153408 3223552 3227648 3239936 3244032 3276800 3293184 3534848 3600384 3649536 3665920 3878912 3903488 4022272 4055040 4108288 4116480 4128768 4132864 4169728 4173824 4182016 4186112 4194304 4202496 4218368 4231168 4247040 4263424 4280320 4284416 4292608 4296704 4464640 4468736 4554752 4567040 4669440 4673536 4747264 4751360 4755456 4759552 4792320 4816896 4841472 4849664 5103616 5107712 5275648 5279744 5309440 5374976 5455872 5472256 5591040 5599232 6029312 6291456 6291456 7340032 7340032 7680000 7688192 7692288 7700480 7704576 7737344 7766016 7770112 7774208 7913472 7917568 7929856 8388608
8 10 0 1048576 1048576 2097152 2097152 3145728 3145728 3793408 3858944 4194304 4194304 4497408 4501504 5242880 5242880 6291456 6291456 7340032 7340032 8388608
9 25 0 1048576 1048576 2097152 2097152 2756608 2784768 3145728 3145728 3243520 3247616 4194304 4194304 4980736 5197824 5201920 5218304 5226496 5246464 5250560 5251072 5255168 5259264 5267456 5402624 5406720 5574656 5578752 5611520 5615616 5685248 5750784 6029312 6074368 6078464 6103040 6123520 6135808 6242304 6246400 6316032 6320128 6328320 6332416 6422528 6508544 6512640 7340032 7340032 8388608
10 80 0 225280 356352 430080 483328 491520 548864 552960 614400 618496 782336 1036288 1040384 1048576 1048576 1101824 1114112 1126400 1200128 1544192 1572864 1576960 1585152 1839104 1867776 1875968 1929216 1933312 2023424 2027008 2117632 2641920 2818048 2854912 2899968 2920448 2990080 2992128 2994176 3026944 3104768 3145728 3145728 3174400 3198976 3199488 3255808 3259904 3260416 3264512 3284992 3289088 3325952 3330048 3334144 3342336 3346432 3350528 3371008 3375104 3399680 3403776 3407872 3420160 3424256 3457024 3465216 3469312 3543040 3547136 3612672 3719168 3772416 3772928 3796992 3798528 3801088 3854848 3866624 3867648 3870720 3900928 3903488 3905024 3907584 3936256 3948544 3949568 3952640 3985408 4542464 4546560 4734976 4739072 4743168 4747264 4759552 4812800 4915200 4943872 5271040 5275136 5431296 5435392 5476352 5480448 5615616 5616640 5636096 5660672 5947392 5949952 6029312 6066176 6082560 6090752 6094848 6115328 6123520 6127616 6131712 6221824 6283264 6291456 6291456 6320128 6324224 6586368 6651904 6656000 6721536 6725632 6832128 7127040 7143424 7159808 7344128 7348224 7516160 7524352 7618560 7621632 7716864 7737344 7774208 7839744 8024064 8028160 8044544 8048640 8105984 8175616 8192000 8237056 8241152 8245248 8286208 8298496 8323072 8327168
11 72 8192 20480 32256 52736 56832 101888 105984 471040 483328 491520 512000 516096 536576 544768 548864 605696 609792 966144 1011712 1015808 1056768 1060864 1093632 1122304 1241088 1245184 1282048 1286144 1425408 1429504 1458176 1462272 1572352 1961472 2105344 2109440 2170880 2174976 2686976 2690048 2785280 2789376 2793472 2932736 2953216 2990080 3079680 3145728 3145728 3481088 3534848 3538944 3694592 3702784 3919872 3985408 4182016 4194304 4194304 4313088 4378624 4444160 4509696 4575232 4587520 4591616 4689920 4771840 4837376 4968448 5099520 5230592 5283840 5287936 5427200 5570560 5574656 5583360 5586944 5595136 5623808 5689344 5812224 5816320 5820416 5885952 5918720 5922816 5971968 5976064 6062080 6066176 6123520 6127616 6160384 6164480 6451200 6455296 6458880 6471168 6512640 6516736 6529024 6533120 6557696 6561792 6582272 6713344 6787072 6790144 6807552 6811648 6840320 6844416 6967296 6971392 7012352 7041024 7110656 7139328 7155712 7159808 7188480 7192576 7213056 7217152 7397376 7413760 7839744 7847424 7999488 8003584 8032256 8036352 8200192 8204288 8208384 8212480 8261632 8265728 8347648 8355840 8384512 8388608
12 38 0 4096 65536 131072 421888 425984 430080 442368 483328 499712 548864 552960 602112 606208 626688 630784 704512 712704 745472 753664 815104 819200 827392 831488 905216 917504 937984 942080 946176 950272 1339392 1343488 1359872 1372160 1404928 1409024 1458176 1462272 1499136 1515520 1552384 1560576 1568768 1572864 1581056 1585152 1593344 1597440 1605632 1642496 1646592 1662976 1667072 1671168 1675264 1679360 1691648 1708032 1773568 1777664 1822720 2097152 2097152 3145728 3145728 4194304 4194304 4825088 4829184 5242880 5242880 6291456 6291456 7340032 7340032 8388608
13 66 0 577536 581632 630784 634880 1048576 1048576 1908736 1925120 1929216 1966080 2056192 2097152 2342912 2375680 2380800 2428928 2449408 2850816 2863104 2899968 2932736 2949120 3006464 3166208 3170304 3244032 3256320 3309568 3330048 3575808 3584000 3694592 3706880 3743744 3751936 4280320 4284416 4435968 4439040 4476928 4481024 4493312 4497408 4521984 4526080 4546560 4554752 4640768 4653056 4837376 4894720 4939776 4956160 5005312 5021696 5287936 5300224 5390336 5394432 5611520 5615616 5619712 5623808 5771264 5783552 5824512 5828608 5849088 5861376 5877760 5881856 6000640 6004736 6029312 6066176 6225920 6230016 6311936 6324224 6381568 6385664 6656000 6657536 6742016 6754304 6836224 6873088 6946816 7012352 7073792 7163904 7188480 7200768 7213056 7249920 7258112 7274496 7335936 7340032 7340032 7393280 7401472 7405568 7417856 7421952 7532544 7675904 7704576 7708672 7798784 7802880 7823360 7864320 7880704 7884800 8007680 8011776 8028160 8040448 8044032 8048128 8085504 8089600 8183808 8196096 8220672 8241152 8253440 8257536 8372224 8388608
14 84 0 24576 36352 40448 69632 73728 77824 86528 155648 159744 323584 339968 380928 385024 409600 462848 483328 491520 499712 507904 512000 528384 544768 573440 614400 618496 667648 1048576 1048576 1581056 1605632 1613824 1728000 1732096 1777664 1781760 1892352 1896448 2027520 2068480 2121728 2203648 2207744 2211840 2285568 2289664 2453504 2465792 2473984 2486272 2580480 2662400 2682880 2719744 2764800 2781184 2805760 2809856 2818048 2822144 2879488 2936832 2940928 2945024 3256320 3289088 3354624 3358720 3411968 3624960 3670016 3682304 3710976 3723264 3940352 4005888 4042240 4075008 4124672 4136960 4218880 4222976 4395008 4397056 4456448 4468736 4493312 4498432 4550656 4554752 4591616 4603904 4644864 4648960 4833280 4837376 4873728 4877824 4882432 4886528 4972544 4988928 5038080 5042176 5148672 5152768 5169152 5173248 5271552 5283840 5324800 5349376 5427200 5439488 5628416 5628928 5734400 5931008 6029312 6066176 6078464 6119424 6152192 6193152 6266880 6270976 6283264 6287360 6660096 6725632 6803456 6868992 6938112 6942208 6979072 6983168 7065600 7069696 7159808 7163904 7213056 7225344 7245824 7249920 7340032 7356416 7421440 7425536 7462400 7466496 7491584 7503872 7516160 7536640 7561216 7565312 7626752 7629312 7696384 7716864 7757312 7761408 8015872 8019968 8048640 8179712 8339456 8343552
15 47 28672 57344 114688 200704 294912 299008 368128 372224 409600 442368 466944 471040 475136 479232 483328 507904 544768 557056 598016 610304 614400 630784 643072 651264 695808 699904 765952 770048 778240 782336 1159168 1161728 1191936 1196032 1351680 1355776 1376256 1388544 1404416 1408512 1417216 1429504 1511424 1515520 1540096 1556480 1605632 2023424 2031104 2035200 2179072 2183168 2240512 2244608 2387968 2392064 2400256 2404352 2428928 2433024 2523136 2572288 2899968 2932736 2940928 2990080 3153920 3219456 3276800 3289088 3293184 3309568 3313664 3362816 3366912 3371008 3440640 3559424 3670016 3671552 3776512 3854848 3920384 4194304 4194304 5242880 5242880 5464064 5468160 6291456 6291456 7340032 7340032 8388608
16 11 0 454656 495616 946176 966656 1048576 1048576 2097152 2097152 2408448 2412544 3145728 3145728 4194304 4194304 5242880 5242880 6291456 6291456 7340032 7340032 8388608
17 37 0 1048576 1048576 2097152 2097152 3145728 3145728 3228160 3235840 3239424 3301376 3304960 3317760 3330048 3342336 3354112 3358208 3362304 3464704 3481600 3485696 3526656 3624448 3653120 3657728 3661824 3723264 3727360 3846144 3850240 4063232 4071424 4193792 4194304 4194304 4197888 4198400 4202496 4251648 4255744 4341760 4349952 4567040 4579328 4640256 4664832 4738560 4746752 4911104 4915200 5021696 5033984 5201920 5206016 5382144 5385728 5506560 5507072 5832704 5840896 6012928 6017024 6041600 6053888 6066176 6078464 6234112 6270976 6279168 6291456 6291456 7340032 7340032 8388608
18 18 0 1048576 1048576 2097152 2097152 3145728 3145728 4194304 4194304 5242880 5242880 6291456 6291456 6750208 6762496 6766592 6823936 6828032 7045120 7057408 7127040 7143424 7310848 7314944 7389184 7409664 7495680 7507968 7569408 7573504 7761920 7770112 7774208 8232960 8245248 8282112
19 84 32768 53248 98304 102400 139264 143360 147456 151552 196608 356352 393216 397312 413696 446464 470528 474624 532480 540672 598016 606208 757760 761856 851968 856064 880640 1048576 1048576 1400832 1417216 1429504 1449984 1486848 1503232 1527808 1536000 1560576 1601536 1626112 1634304 1650688 1691648 1699840 1712128 1720320 1769472 1773568 1789952 1798144 1835008 1839104 1847296 1904640 1921024 1957888 1990656 2027520 2052096 2060288 2134016 2158592 2162688 2228224 2293760 2306048 2338816 2342912 2347008 2359296 2514944 2572288 2621440 3018240 3051520 3063808 3084288 3092480 3235840 3256320 3276800 3801088 3813376 3825664 4014080 4046848 4132864 4169728 4313088 4493312 4497408 4579328 4626432 4691968 4759552 4771840 4800512 4804608 4943872 4956160 5160960 5242880 5242880 5246976 5455872 5472256 5718016 5742592 5767168 5771264 5799424 5803520 5812224 5824512 5869568 5873664 5951488 5955584 5992448 5996544 6074368 6086656 6189056 6201344 6324224 6325760 6328320 6344704 6434304 6438400 6512640 6516736 6712832 6721024 6873088 6875136 6877184 6881280 7036928 7110656 7127040 7229440 7286784 7311360 7327744 7335936 7368704 7376896 7454720 7458816 7462912 7464448 7520256 7540736 7614464 7626752 7790592 7802880 7811072 7819264 7958528 7962624 8007680 8019968 8097792 8100864 8166912 8192000 8355840 8364032
20 71 36352 40448 93696 97792 151552 220672 294912 299008 323584 327680 405504 409600 688128 753664 819200 884736 950272 1048576 1048576 1982464 1986560 2007040 2035712 2048000 2134016 2199552 2215936 2220032 2334720 2367488 2523136 2535424 2539520 2543616 2564096 2568192 2576384 2584576 2711040 2719232 2764800 2772992 2887680 2891776 2928640 2932736 2981888 2994176 3039232 3051520 3104768 3145728 3145728 3166208 3174400 3305472 3342336 3346432 3661824 3665920 3739648 3751936 3756032 3760128 3792896 3817472 3858432 3862528 4501504 4513792 4550656 4554752 4718592 4722688 4808704 4810240 4853760 4857856 5107712 5156864 5160960 5177344 5214208 5226496 5251072 5263360 5300224 5301248 5386240 5410816 5414912 5427200 5558272 5562368 5640192 5644288 5857280 5967872 5992448 6029312 6078464 6094848 6111232 6127616 6307328 6311424 6352896 6356992 6717440 6750208 6782976 6795264 6798848 6848000 6848512 7200256 7204864 7207424 7233536 7249920 7282688 7294976 7364096 7372288 7434240 7438336 7569408 7634944 7684096 7688192 8032256 8036352 8085504 8093696 8130560 8236544 8240640 8244736 8289792 8355328 8359424 8388608
21 59 0 819200 864256 868352 933888 999424 1159168 1167360 1191936 1196032 1384448 1396736 1449472 1457664 1495040 1507328 1781760 1785856 1806336 1818624 1843200 1855488 1867776 1870848 1912832 1914368 2088960 2093056 2097152 3145728 3145728 4194304 4194304 4329472 4423680 4427776 4526080 4648960 4669440 4685824 4718592 4784128 4812800 4825088 4907008 4911104 4972544 4976640 5083136 5095424 5107712 5111808 5422592 5426688 5439488 5525504 5537792 5591040 5603328 5660672 5668864 5799936 5840896 5844992 5894144 5898240 6004736 6029312 6049792 6053888 6090752 6094848 6107136 6127616 6144000 6168576 6193152 6275072 6340608 6406144 6496256 6500352 6537216 6733824 6815744 6893568 6995968 7061504 7094272 7098368 7127040 7163904 7192576 7323648 7540736 7544832 7569408 7716864 7737344 7740928 7749632 7761920 7782400 7979008 8003584 8005120 8044544 8110080 8134656 8138752 8187904 8228864 8306688 8318976 8339456 8343552 8372224 8384512
22 73 44544 93696 97792 458240 475136 495616 638976 770048 835584 905216 966656 970752 1024000 1048576 1048576 1097728 1163264 1359872 1420800 1424896 1425408 1476096 1490944 1556480 1687552 1699840 1814528 1826816 1916416 1920512 1990656 1993728 2018816 2022912 2043392 2047488 2154496 2166784 2211840 2224128 2256896 2269184 2416128 2428416 2428928 2433024 2588672 2596864 3178496 3702784 3735552 3747840 3796992 3809280 3883008 3887104 3895296 3896320 4042752 4046848 4050944 4055040 4116480 4128768 4194304 4276224 4325376 4521984 4710400 4722688 4730880 4739072 4750336 4755968 4812800 4825088 4886528 4890624 5226496 5242880 5353472 5357568 5378048 5382144 5406720 5410816 5447680 5451776 5455872 5459968 5476352 5525504 5529600 5545984 5570560 5582848 5627904 5636096 5697536 5730304 5820416 5824512 6070272 6074368 6111232 6197248 6299648 6303744 6324224 6352896 6422528 6488064 6496256 6500352 6766080 6770176 6787072 6799360 6840320 6938624 7032832 7049216 7069696 7229440 7266304 7340032 7340032 7405568 7417344 7425536 7430144 7487488 7528448 7602176 7606272 7790592 7983104 7995392 8007168 8011264 8146944 8151040 8192000 8193024 8339456 8343552
23 79 12288 15360 171520 175616 299008 315392 331776 348160 356352 360448 454656 475136 487424 499712 606208 630784 872448 908800 942080 946176 950272 962560 1097728 1105920 1110016 1114112 1306624 1310720 1314816 1318912 1351680 1355776 1409024 1413120 1499136 1511424 1695744 1724416 1748992 1761280 1884160 1888256 1921024 1925120 1929216 1933312 1941504 1945600 1970176 1974272 1982464 1998848 2023424 2031616 2039296 2043392 2060288 2068480 2076672 2084864 2097152 2101248 2125824 2129920 2158592 2191360 2355200 2916352 2973696 2977792 3014656 3018752 3084288 3088384 3182592 3186688 3198976 3211264 3231744 3239936 3272704 3276800 3284992 3309568 3321856 3334144 3411968 3424256 3555328 4079616 4239360 4325376 4362240 4374528 4390912 4440064 4456448 4567040 4698112 4702208 4706304 4747264 4751360 4775936 4780032 4988928 4997120 5009408 5013504 5218304 5250560 5254656 5328896 5341184 5427200 5435392 5566464 5586944 5668864 5672960 5693440 5697536 5701632 6156288 6160384 6164480 6254592 6258688 6291456 6303744 6414336 6416384 6537216 6549504 6643712 6647808 6881280 6885376 6918144 6922240 6983680 7012352 7060992 7065088 7077888 7143424 7147520 7159808 7172096 7176192 7254016 7290880 7327744 7340032 7340032 7409664 7602176 8388608
24 85 0 1048576 1048576 1245184 1273856 1286144 1294336 1298432 1310720 1323008 1327104 1355776 1396736 1404928 1429504 1495040 1511424 1515520 1896448 1904640 1921024 1929216 1937408 2031616 2093056 2097152 2097152 2138112 2158592 2170880 2174976 2183168 2224128 2236416 2252800 2416640 2465792 2473984 2482176 2486272 2547200 2551296 2646016 2670592 2854912 2883584 3223552 3227648 3248128 3252224 3317760 3342336 3371008 3387392 3407872 3428352 3503104 3608576 3710976 3723264 3874816 3883008 4018176 4030464 4083712 4100096 4132352 4136448 4165632 4177920 4304896 4407296 4431872 4468736 4530176 4751360 4755456 4763648 4775936 4780032 4825088 4845568 5124096 5140480 5206016 5230592 5390336 5402624 5496832 5498368 5517312 5521408 5607424 5613568 5615616 5616640 5627904 5635584 5636096 5668864 5697536 5713920 5898240 5906432 5976064 6000640 6045696 6066176 6254592 6262784 6324224 6328320 6389760 6402048 6533120 6545408 6586368 6588416 6717440 6717952 6750208 6754304 6791168 6987776 7032832 7033856 7041024 7045120 7053312 7118848 7127040 7147520 7188480 7245824 7307264 7319552 7421952 7425024 7487488 7491584 7527936 7540224 7593984 7606272 7630848 7634944 7855616 7863808 7876608 7880704 7884288 7904768 7983104 7987200 8085504 8089600 8118272 8118784 8138752 8151552 8155136 8179712 8187904 8192000 8208384 8212480 8216576 8220672 8323072 8388608
25 85 81920 86016 282112 286208 368640 372224 454656 462848 466944 905216 917504 1011712 1015296 1019392 1040384 1048576 1069056 1093632 1110016 1142784 1163264 1204224 1212416 1253376 1265664 1269760 1310720 1318912 1351680 1363968 1384448 1421312 1425408 1449984 1462272 1478656 1490944 1589248 1609728 1650688 1720320 1724416 1757184 1781760 1888256 1904640 1966080 1970176 2211840 2215936 2265088 2285568 2531328 2535424 2609152 2616320 2621440 2629632 2744320 2838528 2842112 2846208 3276800 3284992 3338240 3342336 3350528 3362816 3379200 3383296 3481600 3483648 3563520 3567616 3584000 3735552 3833344 3837440 4014080 4018176 4251648 4255744 4308992 4321280 4362240 4370432 4374528 4378624 4636672 4694016 4698112 5005312 5013504 5021696 5058560 5059584 5062656 5063680 5066752 5080576 5300224 5304320 5312512 5316608 5365760 5378048 5419008 5623808 5644288 5677056 5832704 5836800 5922816 5929472 5963264 6025216 6070272 6082560 6168576 6172672 6234112 6246400 6324224 6332416 6426624 6428160 6430720 6442496 6447104 6448640 6479872 6516736 6590464 6594560 6647808 6662144 6987776 6991872 7012352 7016448 7098368 7102464 7106560 7110656 7122944 7131136 7258112 7270400 7303168 7315456 7385088 7389184 7557120 7561216 7565312 7569408 7606272 7622656 7733248 7737344 7897088 7901184 7909376 7914496 7917568 7933952 7991296 8036352 8069120 8152064
26 50 0 65536 86016 87552 89600 93696 114176 118272 364544 365568 401408 921600 1015808 1028096 1155072 1159168 1171456 1224704 1359872 1380352 1437696 1449984 1519616 1520640 1605632 1638400 1687552 1724416 1781248 1814016 1859072 1912320 1921024 1925120 1941504 1953792 2035712 2039808 2072576 2097152 2097152 2105344 2121728 2129920 2162688 2207744 2269184 2301952 2310144 2314240 2375680 2379776 2453504 2473984 2625536 2768896 2834432 2891776 3178496 3190784 3203072 3239936 3276800 3289088 3358720 3387392 3457024 3469312 3497984 3530752 3641344 3653632 3682304 3698688 3874816 3895296 3981312 3993600 4046848 4067328 4112384 4169728 4227072 4239360 4284416 4286464 4349952 4354048 4358144 4362240 4591616 4669440 4718592 5242880 5242880 6291456 6291456 7340032 7340032 8388608
27 55 0 393216 458752 460288 471040 753664 1441792 1531904 1593344 1594880 1630208 1642496 1736192 1740288 1761280 1769472 1900544 1904640 2056192 2060288 2228224 2244608 2342912 2355200 2400256 2404352 2433024 2445312 2560000 2691072 2699264 2961408 3031040 3035136 3051520 3055616 3092480 3100672 3112448 3145728 3145728 3161600 3165696 3513856 3543040 3547136 3575808 3588096 3805184 4194304 4194304 4329472 4354048 4919296 4956160 4968448 5017600 5062656 5079040 5083136 5210112 5212160 5324800 5328896 5349376 5365760 5767168 5812224 5849088 5853184 5869568 5877760 5885952 6029312 6045696 6049792 6094848 6168576 6234112 6291456 6291456 6413824 6459904 6832128 6844416 6893568 6905856 6909952 7176192 7188480 7213056 7225344 7249920 7252992 7266304 7270400 7348224 7512064 7589888 7602176 7815168 7827456 7987200 7991296 8142848 8155136 8159232 8257536 8258048 8388608
28 10 0 1048576 1048576 2097152 2097152 3145728 3145728 4194304 4194304 5242880 5242880 6291456 6291456 7340032 7340032 8192512 8245248 8253440 8258048 8388608
29 9 0 1048576 1048576 2097152 2097152 3145728 3145728 4194304 4194304 5242880 5242880 6291456 6291456 6434816 6438912 7340032 7340032 8388608
30 43 0 1048576 1048576 2097152 2097152 2215936 2220032 3145728 3145728 4194304 4194304 4243456 4329472 4337664 4390912 4440064 4481024 4485120 4489216 4497408 4751360 4755456 4947968 4952064 5107712 5111808 5177344 5181440 5193728 5201920 5292032 5300224 5435392 5436416 5479936 5484032 5537792 5541888 5696512 5702656 5832704 5988352 5992448 6291456 6291456 6422528 6447104 6451200 6483968 6549504 6627328 6946816 6950912 6963200 6967296 6971392 6979584 6987776 6991872 6995968 7077888 7208960 7274496 7340032 7340032 7389184 7405568 7471104 7589888 7593984 7864320 7934464 7979008 8011776 8134656 8138752 8208384 8212480 8241152 8245248 8261632 8310784 8314880 8318976 8323072 8388608
31 51 0 262144 327680 458752 524288 589824 647168 651264 798720 802816 819200 823296 835584 872448 1019904 1036288 1110016 1114112 1265664 1269760 1306624 1310720 1318912 1323008 1409024 1413120 1458176 1470464 1654784 1658880 1675264 1679360 1859584 1884160 2232320 2240512 2252800 2256896 2420736 2433024 2498560 2519040 2715648 2727936 2871296 2875392 2883584 2885120 2916352 2920448 2953216 2957312 3080192 3145728 3211264 3276800 3342336 3473408 3538944 3670016 3772416 3776512 3801088 3932160 3985408 3989504 4173824 4182016 4235264 4239360 4268032 5242880 5242880 6029312 6053888 6057984 6131712 6135808 6381568 6397952 6426624 6434816 6512640 6529024 6606848 6615040 6664192 6717440 6868992 6873088 6889472 6897664 7229440 7233536 7315456 7319552 7475200 7476736 7520256 7577600 7614464 8388608
32 41 118784 122880 167936 172032 294912 299008 442368 458752 528384 532480 602112 606208 729088 790528 974848 1048576 1048576 1175040 1179136 1252864 1384448 1388544 1404928 1409024 1425408 1433600 1892352 1896448 2068480 2097152 2097152 2105344 2113536 2117632 2129920 2158592 2248704 2252800 2359296 2445312 2457088 2493952 2543616 2547712 2613248 2617344 2662400 2666496 2695168 2696704 2715648 2748416 3080192 3141632 3162112 3170304 3313664 3317760 3338240 3346432 3485184 3489280 3608576 3616768 3620864 3633152 3641344 3649536 3706880 3719168 4104192 4108288 4128768 4194304 4194304 5242880 5242880 6291456 6291456 7340032 7340032 8388608
33 54 0 917504 958464 974848 1036288 1044480 1445888 1455104 1592832 1625600 1687552 1691648 1785856 1789952 1798144 1802240 1835008 1839104 1871872 1875968 2019328 2097152 2097152 2396160 2400256 3145728 3145728 4194304 4194304 4399104 4409344 4410880 4460544 4538368 4599808 4665344 4801536 4802560 4882432 4886528 5021184 5033472 5038080 5042176 5197824 5214208 5242880 5390336 5451776 5455872 5525504 5529600 5541888 5545984 5586944 5591040 5779456 5783552 5828608 5832704 5963776 6029312 6041600 6060032 6356992 6361088 6369280 6373376 6397952 6402048 6475776 6479872 6586368 6594560 6651904 6684672 6979584 6983680 7000064 7041024 7086080 7090176 7143424 7147520 7184384 7200768 7249920 7286784 7331840 7335424 7479296 7487488 7495680 7512064 7581696 7585792 7692288 7696384 7802880 7872512 7974912 7979008 7983104 7991296 7995392 8060928 8192000 8388608
34 47 0 8192 20480 28672 32256 413184 458752 524288 778240 782848 831488 847872 921600 925696 1957888 1961984 1966080 2031616 2277376 2293760 2359296 2424832 2494464 2502656 2518528 2530816 2588672 2592768 2621440 2686976 2748416 2764800 2940928 2945024 2949120 3014656 3129344 3145728 3145728 3284992 3395584 3403776 3563520 3567616 3571712 3575808 3674112 3739648 3866624 3874816 4005888 4009984 4030464 4194304 4194304 4448256 4460544 4587520 4718592 5062656 5189632 5201920 5206016 5214208 5238784 5242880 5242880 5361664 5419008 5423104 5558272 5562368 5783552 5799936 5811712 6291456 6291456 7340032 7340032 7540224 7573504 7577600 7680000 7909376 8003584 8048640 8212480 8216576 8228864 8229888 8241152 8249344 8343552 8359936
35 69 24576 28672 57344 61440 249856 253952 413696 417792 618496 634880 638976 692224 708608 720896 770048 790528 798720 802816 806912 835072 843776 847360 884736 888832 1372160 1376256 1413120 1417216 1425408 1433600 1458176 1527808 1572864 1703936 1757184 1765376 1970176 1971712 2015232 2019328 2072576 2076672 2416640 2433024 2486272 2490368 2625536 3145728 3145728 3219456 3264512 3276800 3284992 3293184 3448832 3451392 3604480 3670016 3751936 3801088 3805184 3887104 4042752 4046848 4063232 4194304 4194304 4272128 4341760 4354048 4390912 4399104 4538368 4542464 4546560 4550656 4554752 4558848 4562944 4575232 4665344 4718592 5070848 5152768 5201920 5242880 5242880 5246976 5287936 5296128 5341184 5345280 5447680 5451776 5455872 5464064 5656576 5660672 5664768 5672960 5701632 5767168 6078464 6082560 6221824 6225920 6283264 6283776 6365184 6377472 6508544 6512640 6594560 6598656 6610944 6656000 6660096 6696960 6762496 6770688 6868992 6873088 6971392 7012352 7020544 7021568 7421952 7454720 7568896 7577088 7688192 8323072 8327168 8339456 8347648 8367616 8380416 8384512
36 63 65024 70144 208896 221184 258048 262144 262656 263168 307200 315392 327680 393216 544768 547840 565248 573440 700416 704512 798720 815104 987136 995328 1011712 1032192 1409024 1417216 1515520 1519616 1605632 1609728 1667072 1683456 2396160 2490368 2514944 2516992 2776576 2780672 2797568 2801664 3014656 3080192 3448832 3450880 3489792 3493888 3567616 3641344 3715072 3719168 3801088 3805184 3846144 3850240 3895296 3899392 3972608 3976704 4038656 4046848 4136960 4145152 4173312 4177408 4190208 4194304 4194304 4648960 4657152 4665344 4698112 4812800 4894720 4898816 4972544 4976640 5189632 5193728 5328896 5332992 5406720 5410816 5693440 5695488 5824512 5828608 5980160 6025216 6410240 6475776 6496256 6754304 6942720 7073792 7175680 7179776 7187968 7192064 7208960 7274496 7290368 7302656 7311360 7340032 7348224 7360512 7733248 7737344 7798272 7802368 7827456 7830016 7864320 7876608 7884288 7888384 7958528 7966720 8048640 8056832 8069120 8077312 8212480 8216576 8310784 8314880
37 35 24576 28672 36352 48640 105984 114176 245760 249856 315392 319488 360448 364544 479232 487424 532480 536576 548864 569344 573440 581632 589824 593920 598016 602112 684032 688128 811008 876544 897024 962560 1044480 1048576 1048576 1052672 1101824 1118208 1130496 1134592 1334784 1338880 1363968 1369600 1482752 1495040 1626112 1630720 1688064 2097152 2097152 2228224 2256896 3145728 3145728 4194304 4194304 4550656 4554752 5242880 5242880 5849600 5886464 6291456 6291456 6422528 6451200 6475264 6537216 7340032 7340032 8388608
38 51 0 1048576 1048576 1761280 2080768 2084864 2101248 2117632 2146304 2150400 2232320 2568192 2654208 2657792 2834432 2838528 2895872 2899968 2904064 2908160 2920448 2924544 2965504 3035136 3063296 3079680 3174400 3190784 3325440 3333632 3420160 3452928 3469312 3473408 3477504 3518464 3571712 3612672 3649536 3657728 3776512 3780608 3784704 3788800 3895296 3902976 4063232 4071424 4076032 4076544 4173824 4194304 4194304 4218880 4239360 4243456 4259840 4263936 4268032 4272128 4390912 4395008 4653056 4657152 4763648 4767744 4849664 5177344 5193728 5218304 5283840 5292032 5390336 5398528 5414912 5419008 5586944 5636096 5652480 5656576 5705728 5713920 5738496 5743104 5754880 5767168 5828608 5832704 5877248 5881344 6098944 6103040 6135808 6139904 6189056 6291456 6291456 6717440 6734336 7340032 7340032 8388608
39 17 0 1048576 1048576 2097152 2097152 2523136 2540032 3145728 3145728 4194304 4194304 4997120 5001216 5242880 5242880 6148608 6197248 6291456 6291456 6787072 6791168 6795264 6828032 6865408 6868992 7328256 7827456 7892992 7925760 8100864 8118272 8126464 8278016 8282112
40 55 77824 81920 200704 217088 303104 389120 598016 610304 618496 622592 704512 708608 860160 864256 945664 1048576 1048576 1887744 2043904 2052096 2154496 2158592 2174464 2178560 2228224 2232320 2240512 2248704 2502656 2510848 2514944 2519040 2527232 2531328 2588672 2682880 2772992 2781184 2965504 2969600 3080192 3145728 3145728 3678208 3829760 3833856 3948544 3952640 3969024 3973120 4201984 4206080 4222976 4231168 4239360 4243456 4452352 4472832 4476928 4493312 4653056 4657152 4661248 4665344 4669440 4673536 4997120 4997632 5251072 5255168 5402624 5427200 5480448 5484544 5718016 5718528 5840896 5844992 5906432 5910528 6021120 6025216 6037504 6041600 6152192 6213632 6361088 6365184 6369280 6373376 6524928 6529024 6668288 6680576 7000064 7004160 7098368 7102464 7118848 7131136 7229440 7233536 7258112 7262208 7462912 7473152 7515648 7520256 7548928 8355840
41 23 36864 626688 663552 667648 790528 872448 888832 1048576 1048576 1368576 1434112 1478656 1544192 2097152 2097152 2535424 2605056 2609152 2617344 2686976 2789376 2793472 2797056 3145728 3145728 4194304 4194304 5242880 5242880 6291456 6291456 6348800 6455296 6475776 6488064 6864896 7098368 7102464 7131136 7200768 7470592 7763968 7774208 7782400 8015872 8388608
42 33 0 540672 557056 593920 602112 606208 655360 720896 884736 1048576 1048576 1142784 1146880 2097152 2097152 2187264 2207744 2318848 2359296 3145728 3145728 4194304 4194304 5094912 5132288 5140480 5337088 5349376 5767168 5771264 5804032 5869568 5873664 5877760 5914624 5918720 5943296 5947392 5955584 6135808 6246400 6250496 6275072 6291456 6291456 6303744 6385664 6619136 6631424 6639616 6656000 6721536 6815744 6819840 6828032 6832128 6959104 6991872 6995968 7340032 7340032 8200192 8212480 8214528 8216576 8217600
43 124 56832 65024 167936 172032 294912 299008 303104 307200 348160 352256 401408 405504 417792 421888 430080 433152 446464 450560 520192 638976 659456 675840 823296 835584 1048576 1064960 1118208 1122304 1171456 1175552 1196032 1200128 1376256 1507328 1548288 1679360 1687552 2072576 2146304 2400256 2514944 2519040 2596864 2859008 2899968 2912256 2953216 2957312 2965504 2994176 3072000 3096576 3121152 3129344 3305472 3309568 3448832 3588096 3653632 3674112 3735552 3737088 3784704 3788800 3829760 3833856 3850240 3858432 3931648 3935744 3939840 3943936 3956224 3960320 3972608 3976704 3980800 3984896 4001280 4009472 4038144 4042240 4058624 4062720 4103680 4107776 4140544 4144640 4152832 4161024 4177408 4181504 4185600 4189696 4197888 4201984 4206080 4214272 4275712 4279808 4288000 4292096 4292608 4431872 4435456 4447744 4456448 4521984 4558336 4570624 4578816 4603392 4615680 4623872 4627968 4632064 4636160 4644864 4648448 4652544 4660736 4664832 4668928 4673024 4681216 4693504 4701696 4734464 4738560 4746752 4759040 4829184 4832768 4836864 4840960 4845056 4849152 4857344 4873728 4881920 4886016 4890112 4898304 4902400 4906496 4910592 4914688 4922880 4935168 4951552 4955648 4959744 4960256 5033472 5045760 5058048 5062144 5082624 5086720 5090816 5094912 5103104 5107200 5111296 5115392 5119488 5127680 5152256 5156352 5213696 5217792 5242880 5242880 5287424 5291520 5344768 5357056 5402112 5406208 5414400 5418496 5631488 5742080 5746176 5885440 5889536 5893632 5897728 5905920 5910016 5914112 5918208 6111232 6115328 6242304 6246400 6324224 6328320 6471680 6475776 6598656 6795264 7008256 7065088 7073280 7077376 7094272 7098368 7114240 7126528 7130624 7319040 7425536 7433728 7458816 7467008 7482880 7491072 7495680 7503872 7519744 7527936 7565312 7569408 7597568 7605760 7695872 7765504 7773696 7777792 7781888 7851520 7855616 7859712 7863808 7876096 7892480 7917056 7921152 7925248 7933440 7945728 7949824 7953920 7958016 8084992 8093696 8097792
44 37 48640 56832 69120 73216 94208 98304 192000 216576 270336 294912 331264 335360 339968 342528 376832 393216 401408 405504 438272 487424 491520 507904 610304 614400 638976 704512 716288 720384 770048 806912 897024 898560 913408 921600 950272 954368 1036288 1044480 1048576 1052672 1064960 1081344 1097728 1101824 1245184 1490944 1499136 1515520 1519616 1572864 1687552 1884160 1908736 1912832 2076672 2084864 2207744 2211840 2473984 2539520 2543616 2686976 2736128 3145728 3145728 4194304 4194304 5242880 5242880 6291456 6291456 7340032 7340032 8388608
45 8 0 1048576 1048576 2097152 2097152 3145728 3145728 4194304 4194304 5242880 5242880 6291456 6291456 7340032 7340032 8388608
46 31 0 1048576 1048576 2097152 2097152 3145728 3145728 3444736 3547136 3567616 3616768 3649536 3657728 3661824 3756032 3768320 3878912 3903488 3907584 3948544 3997696 4001792 4034560 4042752 4046848 4050944 4063232 4128768 4194304 4640768 4702208 4706304 4849664 4895232 5054464 5055488 5185536 5189120 5210112 5214208 5238784 5242880 5287936 5292032 5328896 5332992 5439488 5500928 5758464 5783040 5783552 5849088 5902336 5906432 5984256 5986304 6029312 6291456 6291456 7340032 7340032 8388608
47 24 0 106496 265728 282112 299008 364544 557056 561152 626688 630784 634880 651264 655360 659456 667648 679936 684032 688128 692224 696320 700416 708608 716800 720896 724992 729088 737280 745472 757760 782336 794624 802816 803328 1048576 1048576 2097152 2097152 3145728 3145728 4194304 4194304 5242880 5242880 6291456 6291456 7340032 7340032 8388608
48 83 0 921600 925696 929792 937984 950272 958464 962560 970752 978944 983040 987136 999424 1015808 1032192 1040384 1044480 1048576 1052672 1056768 1060864 1064960 1069056 1089536 1093632 1094656 1101824 1110016 1114112 1126400 1130496 1134592 1396736 1400832 1572864 1638400 1708032 1720320 1798144 1945600 2137600 2141696 2153984 2162176 2190848 2194944 2355200 2404352 2486272 2490368 2777088 2781184 2945024 2949120 3309056 3313152 3448832 3461120 3465728 3466240 3543040 3544576 3604480 4194304 4194304 5242880 5242880 5705728 5726208 5738496 5943296 5943808 6082560 6094848 6307328 6315520 6328320 6340608 6393856 6409728 6471168 6479360 6483456 6487552 6545408 6549504 6623232 6643712 6656000 6674944 6680576 6686720 6692864 6701056 6705152 6766592 6790656 6794752 6798848 6807040 6832128 6893568 6905856 6914048 6930432 7032832 7212544 7216640 7228928 7233024 7294976 7299072 7303168 7311360 7347712 7351808 7360512 7364608 7380992 7389184 7438336 7442432 7450624 7454720 7458816 7467008 7471104 7475200 7478784 7487488 7491584 7495680 7499776 7512064 7520256 7536640 7548928 7593472 7606272 7618048 7618560 7622656 7643136 7655424 7659520 7671808 7680000 7688192 7708672 7712768 7725056 7733248 7741440 7745536 7749632 7753728 7757824 7761920 7815168 8089600 8306176 8310272 8318464 8322560 8351232 8355328
49 65 110592 114688 143360 151552 155648 163840 171520 175616 176128 184320 187904 192000 192512 196608 220672 224768 262144 274432 278528 286720 299008 307200 315392 319488 327680 331776 356352 360448 364544 368640 376832 380928 389120 393216 397312 405504 446464 458752 466944 499712 573440 581632 585728 589824 593920 618496 675840 679936 684032 688128 729088 733184 761344 765440 856064 864256 917504 921600 954368 1048576 1048576 1269760 1355776 1372160 1789952 1794048 1916928 2048000 2244608 2260992 2420736 2424832 2477568 2616832 2621440 2629632 2719744 2723840 2740224 2744320 2801664 2818048 2854912 2863104 2883584 2887680 2899968 2904064 2949120 2965504 3047424 3051520 3063808 3096576 3112960 3145728 3145728 3149824 3153920 3158016 3162112 3166208 3174400 3178496 3203072 3207168 3276800 3280896 3301376 3325952 3350528 3354624 3428352 3440640 3476992 3808768 3816960 4194304 4194304 5242880 5242880 6291456 6291456 7142912 7245824 7249920 7274496 7340032 7340032 8388608
50 85 0 983040 987136 991232 1028096 1032192 1085440 1089536 1101824 1105920 1126400 1138688 1142784 1146880 1236992 1241088 1261568 1265664 1282048 1290240 1298432 1302528 1314816 1318912 1327104 1343488 1441792 1622016 1703936 1908736 1933312 1998848 2015232 2019328 2035712 2039808 2113536 2195456 2207744 2228224 2232320 2236416 2338816 2342912 2416640 2420736 2428416 2461184 2465280 2473472 2477568 2493952 2711552 2712064 2920448 2924544 3063808 3067904 3100672 3112960 3117056 3121152 3133440 3145728 3149824 3153920 3194880 3198976 3424256 3428352 3551232 3559424 3563520 3567616 3592192 3596288 3608576 3637248 3641344 3645440 3809280 3813376 3846144 3850240 3940352 3960832 4063232 4128768 4288512 4300800 4304896 4308992 4505600 4513792 4583424 4591616 4595712 4603904 4648960 4710400 4767744 4771840 4915200 4927488 4947968 4956160 5210112 5218304 5222400 5226496 5337088 5341184 5521408 5525504 5828608 5832704 6144000 6148096 6209536 6291456 6291456 6365184 6406144 6407168 6422528 6426624 6430720 6434816 6545408 6619136 6828032 6832128 6893568 6905856 6959104 6960128 6967296 6975488 7012352 7340032 7340032 7344128 7360512 7372800 7385088 7389184 7483392 7487488 7491584 7495680 7540736 7544832 7565312 7569408 7593984 7598080 7606272 7622656 7634944 7639040 7700480 7702528 7852032 7856128 8052224 8056320 8290304 8294400 8343552 8388608
51 64 0 32768 131072 135168 176128 180224 188416 192512 212992 217088 274432 282624 307200 311296 319488 323584 339968 344064 352256 356352 389120 430080 442368 446464 454656 458752 471040 475136 479232 503808 569344 589824 634880 638976 827392 835584 917504 1048576 1048576 2097152 2097152 3145728 3321344 3325440 3702784 3706880 3788800 3796992 3821568 3825664 3969024 3977216 3997696 4063232 4222976 4231168 4259840 4261888 4845568 4853760 4878336 4882432 4894720 4898816 5091328 5095424 5120000 5124096 5136384 5144576 5193728 5196288 5226496 5234176 5304320 5308416 5328896 5332992 5378048 5394432 5468160 5476352 5484544 5488640 5582848 5586944 5685248 5689344 5758976 5763072 5869568 5877760 5926912 5931008 5955584 5959680 6037504 6041600 6152192 6156288 6217728 6221824 6234112 6254592 6434816 6881280 6963200 6967296 7073792 7077888 7094272 7118848 7131136 7143424 7176192 7188480 7471104 7536640 7831552 7835648 7901184 7905280 7979008 7987200 8048640 8114176 8130560 8261632
52 91 0 4096 19968 24064 36864 40960 45056 52736 69632 73728 397312 401408 552960 556544 593920 602112 757248 761344 815104 819200 835584 839680 851968 856064 921600 925696 1097728 1114112 1130496 1196032 1376256 1376768 1380352 1384448 1404928 1409024 1585152 1589248 2007040 2011136 2137600 2141696 2232320 2240512 2359296 2363392 2482176 2486272 2736128 2740224 2981888 2985984 3006464 3010560 3153408 3202560 3203072 3456512 3776512 3796992 4627968 4632064 4632576 4673536 4722688 4726784 4759552 4780032 4886528 4968448 4993024 5029888 5042176 5242880 5242880 5287936 5308416 5353472 5361664 5423104 5435392 5439488 5455872 5492736 5505024 5517312 5521408 5558272 5586944 5603328 5648384 5681152 5689344 5767168 5804032 5808128 5873664 5894144 5898240 5926912 6049792 6090752 6094848 6119424 6184960 6189056 6197248 6201344 6221824 6225920 6258688 6262784 6328320 6336512 6381568 6402048 6455296 6459392 6512640 6516736 6549504 6553600 6557696 6574080 6733824 6799360 6860800 6926336 6983680 6987776 7057408 7061504 7065600 7069696 7102464 7106560 7221248 7225344 7274496 7278592 7282688 7286784 7307264 7311360 7315456 7323648 7352320 7360512 7376896 7385088 7393280 7397376 7467008 7471104 7491584 7495680 7499776 7501312 7667712 7737344 7753728 7761920 7806976 7831552 7884800 7909376 7950336 7954432 7962624 7966720 7995392 8003584 8007680 8011776 8056832 8167424 8200192 8204288 8212480 8216576 8318976 8388608
53 8 0 1048576 1048576 2097152 2097152 3145728 3145728 4194304 4194304 5242880 5242880 6291456 6291456 7340032 7340032 8388608
54 82 0 1048576 1048576 2097152 2097152 3145728 3264512 3268608 3289088 3309568 3346432 3350528 3362816 3366912 3371008 3379200 3399680 3403776 3543040 3547136 3555328 3559424 3563520 3571712 3743744 3747840 4112384 4116480 4296704 4306432 4382720 4390912 4431872 4435968 4456448 4460544 4468736 4472832 4476928 4481024 4497408 4521984 4739072 4743168 4775936 4780032 4804608 4808704 4820992 4837376 4849664 4870144 4874240 4894720 4902912 4907008 4911104 4915200 5132288 5140480 5165056 5169152 5308416 5312512 5328896 5337088 5373952 5423104 5492224 5500416 5632000 5636096 5644288 5652480 5742592 5746688 5771264 5787648 5791744 5799936 5906432 5910528 5918720 5922816 5959680 5963776 5976064 5984256 6017024 6025216 6041600 6049792 6082560 6090752 6103040 6107136 6148096 6152192 6164480 6209536 6283264 6291456 6324224 6332416 6373376 6406144 6426624 6430720 6492160 6496256 6520832 6524928 6557696 6561792 6574080 6578176 6610944 6627328 6635520 6639616 6778880 6787072 6909952 6914048 6930432 6934528 6942720 6946816 7008256 7012352 7094272 7098368 7102464 7106560 7114752 7118848 7147520 7151616 7208960 7340032 7360512 7376896 7385088 7397376 7434240 7438336 7602176 7667712 7725056 7729152 7733248 7737344 7888896 7892992 7897088 7905280 7909376 7917568 8249344 8253440 8310784 8312832 8318976 8323072
55 62 12288 16384 114176 118272 323584 327680 417792 430080 434176 438272 446464 450560 634880 638976 827392 831488 843776 851968 1048064 1048576 1048576 1097216 1101312 1441280 1675264 1679360 1961984 1966080 2076672 2080768 2252800 2255360 2256896 2260992 2306048 2310144 2314240 2322432 2564096 2566656 2760704 2764800 2854912 2867200 2887680 2891776 2977792 2978304 3149824 3153920 3362816 3363840 3371008 3375104 3465216 3469312 3473408 3477504 3493888 3497984 3514368 3522560 4214784 4284416 4681728 4685824 5029888 5033984 5406720 5414912 5779456 5783552 5910528 5914624 5935104 5939200 5943296 5951488 5963776 6029312 6103040 6107136 6397952 6406144 6553600 6660096 6828032 6840320 7081984 7086080 7110656 7114752 7131136 7143424 7176192 7184384 7229440 7233536 7262208 7266304 7307264 7311360 7376896 7380992 7426048 7454720 7507968 7512064 7536640 7540736 7770112 7774208 7782400 7790592 7876608 7880704 7942144 7995392 8028160 8032256 8126464 8138752 8323072 8388608
56 46 4096 8192 32768 57344 73728 90112 98304 102400 139264 147456 151552 176128 196608 262144 446464 450560 880640 888832 897024 901120 999424 1032192 1052672 1060864 1445888 1449984 1568768 1575936 1593344 1605632 1703936 1706496 1794048 1798144 2011136 2031616 2035712 2056192 2064384 2072576 2093056 2097152 2097152 2129920 2269184 2330624 2338816 2363392 2539520 2543616 2580480 2592768 2715648 2748416 2953216 2969600 3067904 3080192 3210752 3292672 3313664 3325952 3346432 3350528 3419648 4194304 4194304 5242880 5242880 5631488 5635584 6291456 6291456 6381056 6508544 6520832 6750208 6754304 6782976 6795264 6844416 6856704 7073792 7077888 7131136 7135232 7180288 7184384 7274496 7278592 7340032 8388608
57 51 0 917504 1024000 1028096 1118208 1290240 1474560 1478656 1581056 1582080 1601536 1605632 1892352 1896448 1937408 1965056 1974272 1978368 2011136 2015232 2084864 2097152 2097152 2150400 2183168 2187264 2228224 2293760 2297856 3145728 3145728 4128768 4345856 4354048 4358144 4366336 4370432 4374528 4386816 4390912 4456448 4485120 4501504 5050368 5079040 5120000 5218304 5222400 5267456 5332992 5394432 5398528 5672960 5677056 5824000 5828096 5894144 5898240 6127616 6131712 6266880 6275072 6299648 6303744 6500352 6545408 6582272 6586368 6696960 6701056 6754304 6757888 6787072 6791168 6832128 6840320 6844416 6848512 6926336 7139328 7266304 7274496 7294976 7299072 7303168 7327744 7360512 7376896 7389184 7393280 7536640 7553024 7725056 7798784 7823360 7831552 7925248 7929344 8232448 8236544 8253440 8257536
58 62 12288 20480 348160 352256 458752 1048576 1048576 2097152 2097152 2359296 2371584 2392064 2437120 2441216 2789376 2793472 2887680 2908160 2916352 2917376 3137536 3141632 3149824 3153920 3158016 3162112 3166208 3174400 3186688 3190784 3276800 3280896 3301376 3324416 3379200 3383296 3407872 3416064 3428352 3430400 3514368 3518464 3579904 3580928 3624960 3629056 3960832 3977216 4005888 4009984 4055040 4075520 4235264 4239360 4304896 4308992 4399104 4403200 4468736 4476928 4665344 4698112 4816896 4833280 5148672 5152768 5169152 5173248 5369856 5373952 5390336 5394432 5414912 5480448 5525504 5570560 5709312 5742080 5746176 5819904 5824000 5918208 5922304 5950976 5955072 5983744 5987840 5991936 5996032 6024704 6053888 6057984 6193152 6197248 6328320 6332416 6418432 6426624 6434816 6438912 6893568 6930432 6963200 6965760 7065600 7069696 7073792 7274496 7278592 7282688 7323648 7340032 7340032 7344128 7458816 7462912 7491584 7753728 7798784 7995392 8364032 8368128 8380416 8388608
59 50 110592 176128 540672 630784 684032 692224 872448 876544 1040384 1044480 1138688 1146880 1249280 1257472 1335296 1339392 1597440 1662976 1916928 1982464 1986560 1990656 2023424 2048000 2088960 2091008 2101248 2105344 2256896 2265088 2273280 2277376 2293760 2404352 2572288 2637824 2736128 2867200 2994176 2998272 3137536 3141632 3227648 3293184 3665920 3667968 3735552 3739648 3751936 3817472 3866624 4083712 4345344 4349440 4472832 4538368 4595712 4599808 4669440 4681728 4734976 4739072 4935680 5001216 5013504 5017600 5070848 5148672 5369856 5378048 5468160 5472256 5476352 5500928 5537792 5570560 5591040 5595136 5603328 5607424 5771264 5773312 5799936 5849088 5890048 5894144 5902336 5906432 5980160 6291456 6291456 6328320 6389760 6410240 6414336 6418432 6467072 7340032 7340032 8388608
60 38 0 1048576 1048576 2097152 2097152 3145728 3145728 4021760 4025856 4194304 4194304 4705792 4784128 4785664 4960256 5222400 5316608 5318144 5402624 5406720 5488640 5619712 5648384 5652480 5943296 5947392 5955584 5959680 6008320 6024704 6144000 6148096 6217728 6218752 6402048 6410240 6414336 6602752 6619136 6627328 6631424 6639616 6647808 6651904 6721024 6749696 6778880 6782976 6974976 6991360 7040512 7052800 7056896 7171584 7221248 7229440 7254016 7262208 7467008 7471104 7561216 7565312 7794176 7810560 7819264 7966720 8039936 8072704 8121856 8138240 8261632 8269824 8306688 8314880 8343552 8347648
61 58 8192 11776 126976 131072 139264 143360 192512 196608 204288 466432 483328 488448 544768 548864 593920 598016 606208 614400 675840 684032 692224 696320 720896 729088 733184 749568 843776 851968 1073152 1077248 1212416 1277952 1507328 1544192 1556480 1560576 1568768 1572864 1744896 1748992 1908224 1912320 1916416 1932800 1998848 2064384 2215936 2220032 2265088 2277376 2310144 2342912 2367488 2371584 2457600 2523136 2539008 2559488 2613248 2625536 2650112 2654208 2785280 2789376 2916352 2937344 3158016 3166208 3170304 3174400 3276800 3293184 3375104 3379200 3527168 3571712 3608576 3612672 3833344 3866624 3919872 3928064 3940352 3944448 4022272 4026368 4071424 4194304 4194304 4243456 4300800 4301312 4411392 4415488 4501504 4505600 4653056 4661248 4689408 4705792 4784128 4788224 4800512 4808704 4870144 4874240 4886016 4902400 5226496 5242880 5242880 6291456 6291456 7340032 7340032 8388608
62 66 0 918016 983552 1048576 1048576 2097152 2097152 3145728 3145728 4194304 4194304 4763648 4771840 4784128 4849664 4866048 4956160 4960256 4964352 4968448 4980736 5005312 5009408 5017600 5046272 5058560 5160960 5173248 5246976 5312512 5488640 5492736 5640192 5677056 5722112 5727232 5734400 5739520 5746688 5754880 5758976 5767168 5771264 5776384 5783552 5789184 5795840 5816320 5820416 5821440 5824512 5825536 5828608 5837824 5844992 5846016 5849088 5858304 5865472 5866496 5869568 5878784 5881856 5919744 5922816 6164480 6193152 6242304 6250496 6287360 6291456 6311936 6356992 6373376 6422528 6438912 6488064 6533120 6553600 6565888 6577664 6581760 6585856 6589952 6602240 6615040 6618624 6622720 6626816 6630912 6635008 6639104 6680576 6705152 6721536 6750208 6766592 6827520 6848512 6909952 6914048 6963200 6975488 7024640 7045120 7094272 7110656 7340032 7340032 7372800 7376896 7421952 7438336 7442432 7467008 7491584 7503872 7766016 7798784 7880704 7929856 7946240 7979008 8040448 8060928 8073216 8081408 8101888 8126464 8314880 8331264 8388608
63 60 0 143360 163840 172032 196608 200704 204800 335872 458752 462848 532480 626688 630784 999424 1077248 1081344 1085440 1089536 1110016 1400832 1409024 1511424 1667072 1671168 1703936 1900544 1961984 1994752 2031616 2035712 2068480 2097152 2105344 2109440 2236416 2248704 2428928 2441216 2445312 2452480 2572288 2576384 2588160 2657792 2850816 2854912 2883584 2945024 2965504 2969600 2973696 2977792 3010560 3018752 3272704 3276800 3338240 3342336 3383296 3395584 3407872 3936256 4186112 4194304 4194304 4464640 4485120 4489216 4505600 4517888 4726784 4730880 4734976 4739072 4743168 4745728 4853760 4857856 4911104 4915200 4972032 5242880 5242880 5369344 5476352 5480960 5668864 5734400 5799936 5804032 5816320 5820416 5959680 5963776 6131712 6291456 6291456 6664192 6717440 6881280 7073792 7081984 7356416 7405568 7557120 7561216 7692288 7694848 7790592 7794688 7843328 7859712 8024064 8028160 8093184 8125952 8224768 8228864 8384512 8388608
64 69 40448 44544 48640 52736 81408 89600 97792 101888 163328 171520 175616 245248 257536 269824 278016 290304 290816 302592 318976 323072 335360 343552 348160 384512 404992 417280 429568 433664 441856 445952 450048 454144 470528 474624 491520 1024000 1134592 1142784 1159168 1163264 1212416 1298432 1413120 1421312 1490944 1576960 1814528 1880064 1966080 1970176 2027520 2031616 2060288 2097152 2097152 2121728 2137600 2186752 2190848 2489856 2572288 2580480 2633728 2637824 2829824 2850304 2912256 2928640 3031040 3039232 3338240 3342336 3543040 3547136 3764224 3768320 3923456 3952128 3956224 4009472 4030464 4034560 4169216 4194304 4194304 4218368 4222464 4722176 4779520 4791808 4800512 4804608 5148672 5181440 5226496 5230592 5263360 5267456 5496320 5512704 5697536 5701632 5709824 5775360 5791744 5794304 5881856 5918720 6082560 6086656 6373376 6406144 6582272 6586368 6656000 6660096 6799360 6807552 7024640 7028736 7208448 7212544 7225344 7229440 7262208 7266304 7589376 7655424 7995392 8011776 8060928 8101888 8146944 8179712 8294400 8298496 8302592 8318976
65 33 19968 28160 40448 44544 48640 155648 204800 208896 278528 286720 344064 393216 524288 540672 544768 548864 593920 598016 617984 650752 659456 663552 729088 745472 749568 765952 901120 905216 933888 937984 1048064 1048576 1048576 1097216 1097728 1428992 1490944 1499136 1589248 1658880 1675264 1679360 1687552 1691648 1838592 1842688 1896448 1900544 1929216 1933312 1946112 2097152 2097152 3145728 3145728 4194304 4194304 5242880 5242880 6291456 6291456 6412288 6422528 7340032 7340032 8388608
66 66 0 1048576 1048576 1966080 2027520 2035712 2056192 2097152 2097152 3088384 3096576 3100672 3125248 3133440 3145216 3145728 3145728 3182592 3202560 3210752 3219456 3223552 3231744 3239936 3264512 3268608 3276800 3284992 3350528 3354624 3375104 3387392 3444224 3481600 3522560 3530752 3567616 3571712 3756032 3760128 3842048 3846144 3891200 3903488 3932160 3944448 3948544 3952640 4120576 4121600 4218368 4222464 4313088 4325376 4349952 4354048 4431872 4435968 4448256 4481024 4718592 4722688 4751360 4792320 4816896 4837376 4960256 4964352 4984832 4997120 5165056 5230592 5296128 5300736 5484544 5488640 5558272 5562368 5738496 5742592 5808128 5812224 5820416 5853184 5869568 5873664 6164480 6172672 6225920 6238208 6332416 6348800 6406144 6418432 6430720 6443008 6454784 6602240 6619136 6635520 6671872 6684160 6717440 6721536 6733824 6762496 6782976 6803456 6811648 6832128 6852608 6881280 6983680 6987776 7000064 7065600 7147520 7151616 7196672 7200768 7208960 7213056 7319552 7340032 7340032 7561216 7680000 7684096 7876608 7888896 7991296 8024064
67 81 0 4096 12288 24576 171520 175616 204800 208896 282624 286720 303104 319488 396800 425472 527872 536064 552960 557056 561152 565248 651264 655360 688128 696320 700416 1048576 1048576 1703936 1736704 1773568 1781760 1806336 1839104 1847296 2158592 2162688 2191360 2195456 2293760 2314240 2350592 2764288 2875392 2879488 2883584 2904064 2908160 3010560 3100672 3133440 3346432 3346944 3407872 3428352 3579904 3584000 3665920 3674112 3702784 3760128 3788800 3792896 3801088 3805184 4026368 4030464 4055040 4059136 4239360 4243456 4263936 4264960 4501504 4505600 4521984 4530176 4698112 4702208 4800512 4804608 5296128 5300224 5328896 5332992 5566464 5570560 5599232 5607424 5611520 5615616 5656576 5664768 5689344 5775360 5828608 5910528 5926912 5931008 5943296 5947392 5959680 5963776 5976064 5980160 6057984 6066176 6074368 6078464 6086144 6090240 6090752 6094848 6152192 6291456 6373376 6374912 6459392 6463488 6844416 6918144 6963200 6967296 7200256 7204352 7225344 7229440 7430144 7434240 7442432 7458816 7528448 7532544 7536640 7540736 7696384 7729152 7741440 7745536 7794688 7798784 7802880 7806976 7864320 7868416 7905280 7909376 7917568 7954432 8105984 8118272 8146944 8151040 8175616 8179712 8183808 8187904 8204288 8208384 8253440 8257536 8265728 8269824
68 24 0 4096 36352 52736 56832 61440 81920 98304 171520 175616 221184 299008 389120 393216 397312 401408 495616 499712 749568 753664 827392 851968 859648 863744 897024 901120 946176 983040 1015296 1048064 1048576 1486336 1572864 1638400 1650688 2097152 2097152 3145728 3145728 4194304 4194304 5242880 5242880 6291456 6291456 7340032 7340032 8388608
69 11 0 1048576 1048576 2097152 2097152 3145728 3145728 4194304 4194304 5242880 5242880 6291456 6291456 7340032 7340032 8047104 8101888 8179712 8334848 8338944 8351232 8355328
70 31 0 4096 36352 40448 65536 77824 258048 262144 503808 516096 663552 667648 729088 733184 790528 794624 802816 806912 823296 827392 835584 839680 958464 962560 970752 1048576 1048576 2097152 2097152 3145728 3145728 4194304 4194304 4547072 4591616 4595712 4612608 5152256 5156864 5242880 5242880 6291456 6291456 6778880 6852608 6868992 6901248 6909440 7163392 7167488 7217152 7221248 7228928 7257600 7380992 7385088 7945728 7958016 7962112 7966208 8085504 8118272
71 35 52736 605696 712704 716800 880640 884736 1048576 1331200 1495040 1499136 1539584 1588736 1592832 1904128 2052096 2056192 2093056 2097152 2162688 2596864 2600960 2662400 2838528 2842624 2949120 2953216 3046912 3051008 3051520 3072000 3080192 3084288 3137536 3141632 3379200 3383296 3440640 3444736 3534848 3600384 3604480 3608576 3670016 3690496 4038656 4059136 4091392 4095488 4357632 4431360 4927488 5177344 5398528 5414912 5468160 5472256 5857280 5861376 5906432 5939200 5943296 5947392 6074368 6221824 6287360 6291456 6291456 7340032 7340032 8388608
72 70 0 1048576 1048576 1777664 1785856 1789952 1794048 1802240 1966080 2031616 2043904 2052096 2063872 2097152 2097152 2121216 2383872 2433024 2457600 2470912 2490368 2498048 2571776 2584064 2588672 2605056 2621440 2637824 2686976 2691072 2752512 2818048 2866688 2870784 2891264 3026432 3039232 3047424 3091968 3145728 3145728 3157504 3161600 3210752 3260416 3264512 3268608 3395072 3506176 3510272 3575808 3579904 3620864 3624960 3723264 3727360 3747840 3780608 3854336 3858432 3899392 3993600 4079616 4083712 4161536 4173824 4280320 4288512 4341760 4345856 4489216 4493312 4644864 4648960 4653056 4657152 4669440 4677632 4902912 4907008 4923392 4927488 4943872 4980736 5033984 5042176 5054464 5058560 5087232 5115904 5177344 5181440 5279744 5443072 5468160 5472256 5615616 5619712 5660672 5664768 5672960 5676032 5758976 5763072 5787648 5931008 5951488 5955584 5971968 5984256 6062080 6064640 6250496 6254592 6275072 6283264 6368768 6372864 6397952 6403584 6455296 6459392 6569472 7020032 7127040 7131136 7143424 7208960 7626752 7680000 7692288 7696384 7704576 7708672 7786496 7868416 8151040 8153088 8237056 8241152
73 62 0 4096 73728 77824 167936 176128 315392 323584 413696 446464 503808 507904 876544 880640 913408 933888 978944 983040 1044480 1048576 1048576 1059840 1335296 1339392 1568768 1572864 1650176 1654784 1662976 1667072 1818624 1822720 1839104 1859584 1953792 1957888 1966080 1970176 1990656 2097152 2097152 2129920 2199552 2228224 2293760 2351104 2461696 2465792 2486272 2490368 2641920 2707456 2723840 2805760 3026944 3100672 3117056 3119616 3502080 3506176 4169728 4173824 4812800 4816896 5021696 5025792 5140480 5242880 5242880 5320704 5574144 5922304 6094848 6127616 6176768 6180864 6283264 6287360 6393856 6426624 6508544 6512640 6590464 6594560 6627328 6631424 6803456 6807552 6840320 6844416 7139328 7155712 7393280 7397376 7450624 7454720 7708672 7716864 7725056 7729152 7757824 7761920 7880704 7884800 7954432 7958528 8105984 8110080 8126464 8130048 8130560 8134656 8159232 8163328 8200192 8208384 8216576 8253440 8269824 8273920 8290304 8294400 8298496 8302592
74 96 32256 81408 85504 335360 352256 356352 368640 372736 393216 397312 503808 507904 523776 572928 577024 1048576 1048576 1064960 1073152 1077248 1084928 1445376 1536000 1540096 1548288 1552384 1564672 1568768 1597440 1601536 1654784 1658880 1720320 1724416 1757184 1761280 1794048 1798144 1810432 1814528 1818624 1822720 1839104 1843200 1875968 1941504 1990656 1994752 2027520 2031616 2056192 2060288 2080768 2088960 2113536 2117632 2134016 2203648 2207744 2211840 2220032 2592768 2596864 2736128 2748416 2752512 2789376 2793472 2801664 2805760 2813952 2822144 2867200 2871296 2879488 2883584 2899968 2904064 2908160 2912256 2957312 2965504 2969600 2973696 2977792 2981888 2989056 2990080 3026944 3031040 3080192 3084288 3153920 3158016 3186176 3190272 3194368 3198464 3375104 3379200 3395584 3399680 3497984 3506176 3514368 3526656 3567616 3571712 3641344 3645440 3678208 3682304 3919872 3928064 3981312 3989504 3993600 3997696 4161536 4165632 4202496 4206592 4255744 4258304 4268032 4272128 4390912 4407296 4546560 4567040 4710400 4714496 4911104 4915200 4939264 4943360 5304320 5332992 5414912 5419008 5500928 5541888 5554176 5558272 5660672 5664768 5677056 5697536 5910528 5914624 5930496 5955072 6021120 6025216 6114816 6118912 6172672 6173184 6246400 6250496 6258688 6262784 6356480 6438400 6442496 6790656 6823424 7085568 7290880 7294976 7499776 7503872 7544832 7605760 7663616 7665152 7708672 7712768 7794688 7798784 8118272 8130560 8163328 8171520 8175616 8179712 8265728 8269824 8310272 8334848 8347648 8351744
75 15 32256 81408 225280 229376 778240 798720 851968 880640 1048064 1048576 1048576 1097216 1101312 1105408 1105920 1274368 1339904 2097152 2097152 3145728 3145728 4194304 4194304 5242880 5242880 6291456 6291456 7340032 7340032 8388608
76 44 0 1048576 1048576 2097152 2097152 3145728 3145728 4194304 4194304 4289024 4313600 4833280 4837376 4849664 4890624 5242880 5242880 5943296 5951488 6291456 6291456 6422528 6447104 6451200 6455296 6615040 6647296 6712832 6716928 6766080 6786560 6790656 6831616 6897152 6901248 6961152 6963200 6964736 6967296 7008256 7015936 7081472 7085568 7283712 7294976 7311360 7319552 7323648 7340032 7344128 7352320 7356416 7380992 7385088 7401472 7409664 7446528 7450624 7454720 7458816 7475200 7479296 7659520 7671808 7688192 7720960 7749632 7770112 7798784 7802880 7811072 7815168 7839744 7843840 7913472 7917568 7933952 7938048 8110080 8114176 8122368 8126464 8175616 8179712 8245248 8278016 8351744 8355840
77 53 81920 139264 348160 352256 372736 385024 389120 393216 499712 507904 536576 540672 675840 704512 733184 737280 798720 802816 811008 819200 827392 831488 864256 868352 884736 888832 987136 1048576 1048576 1097728 1187840 1355776 1417216 1421312 1433600 1437696 1515520 1523712 1527808 1531904 1581056 1589248 1822720 1826816 1847296 1859584 2121728 2162688 2473984 2475520 2576384 2580992 2584576 2600960 2654208 2719744 2842624 2846720 2953216 2954240 3170304 3173888 3506176 3510272 3657728 3661824 3903488 3907584 4374528 4378624 4497408 4501504 4567040 4571136 4714496 4722688 4947968 5013504 5140480 5152768 5173248 5177344 5263360 5279744 5406720 5472256 5656576 5659648 5701632 5767168 6082560 6086656 6094848 6098944 6127616 6193152 6225920 6291456 6324224 6336512 6369280 6373376 6484480 7340032 7340032 8388608
78 12 0 147456 196608 1048576 1048576 2097152 2097152 3145728 3145728 4030464 4034560 4194304 4194304 4329984 4338176 5242880 5242880 6291456 6291456 7340032 7340032 8228864 8232960 8388608
79 74 0 548352 589824 593920 606208 610816 684032 696320 860160 864256 892928 933888 937984 942080 954368 958464 1097728 1101824 1105920 1110016 1515520 1523712 1585152 1589248 1593344 1597440 1601536 1603584 1699840 2097152 2097152 2228224 2379776 2383872 2555904 3145728 3145728 3166208 3211264 3239936 3252224 3254784 3301376 3346432 3350528 3432448 3530752 3596288 3792896 3796992 3858432 3862528 3984896 3988992 4046848 4050944 4190208 4194304 4194304 4198400 4247552 4255744 4403200 4427776 4448256 4452352 4481024 4485120 4497408 4616192 4681728 4689920 4804608 4806656 4907008 4943872 5013504 5017600 5070848 5087232 5120000 5124096 5230592 5234688 5373952 5378048 5410816 5414912 5455872 5460480 5492736 5500928 5804032 5906432 5918720 5947392 6103040 6107136 6115328 6131712 6176256 6204928 6246400 6291456 6291456 6373376 6381568 6385664 6393856 6397952 6549504 6553600 6565888 6568448 6787072 6791168 6868992 6885376 7036928 7041024 7045120 7052288 7102464 7122944 7135232 7139328 7159808 7274496 7397376 7405568 7438336 7475200 7622656 7634944 7716864 7720960 7835648 7839744 7843840 7847936 7864320 7868416 7880704 7884800 8339456 8343552 8372224 8376320
80 60 32256 36352 45056 49152 52736 60928 61440 135168 266240 274432 372736 376832 425984 491520 606208 610304 684032 686592 757760 761856 1114112 1179648 1351680 1355776 1425408 1429504 1433600 2097152 2097152 3145728 3145728 3481600 3604480 4071424 4108288 4110336 4214784 4259840 4366336 4370432 4386304 4440064 4509696 4545536 4554752 4558848 4595712 4599808 4628480 4632576 4714496 4784128 4808704 4812800 4857856 4861952 4898816 4902912 4960256 4964352 5070848 5091328 5173248 5177344 5246976 5255168 5312512 5337088 5414912 5451776 5729792 5742080 5750784 5758976 6127616 6129152 6131712 6148096 6524928 6527488 6721536 6737920 6901760 6955008 6979072 6983168 7024128 7081472 7081984 7086080 7196672 7204864 7208960 7340032 7405568 7467008 7479296 7491072 7527936 7532032 7544832 7548928 7618560 7622656 7630848 7634944 7651328 7708672 7745536 7749632 7884800 7888896 8126976 8127488 8212480 8215552 8290304 8343552 8347648 8388608
81 72 0 118784 303104 352256 360448 368128 393216 737280 880640 897024 1101824 1114112 1155072 1159168 1196032 1228800 1245184 1253376 1437696 1441792 1486848 1495040 1499136 1519616 1548288 1581056 1609728 1613824 1753088 1757184 1843200 1863168 2019328 2023424 2035712 2048000 2199552 2203648 2326528 2359296 2695168 2699264 2735616 3145728 3145728 3768320 3780608 3805184 3964928 3969024 4091904 4194304 4194304 4235264 4288512 4292608 4296704 4329472 4751360 4820992 4931584 4935680 5119488 5124096 5259264 5263360 5279744 5292032 5296128 5300224 5328896 5332992 5574656 5578752 5664768 5668864 5677056 5689344 5767168 5783552 5849088 5865472 5885440 6123008 6176768 6193152 6213632 6291456 6291456 6299648 6533120 6541312 6589952 7036416 7204864 7208960 7327744 7331840 7479296 7483392 7495680 7499776 7524352 7528448 7536640 7540736 7557120 7561216 7618560 7622656 7725056 7729152 7753728 7757824 7786496 7794688 7827456 7831552 7835648 7843840 7921664 7925760 7958016 7958528 8007680 8011776 8015872 8016384 8019968 8024064 8060928 8065024 8081408 8093696 8097792 8101888 8126464 8146944 8167424 8171520 8302592 8306688 8335360 8343552
82 57 73728 110592 131072 192512 262144 278528 495616 499712 524288 569344 663552 667648 822784 826880 831488 843776 847872 864256 937472 941568 1024000 1048576 1048576 1089536 1257472 1261568 1355776 1359872 1363968 1376256 1490944 1502720 1507328 2097152 2097152 3145728 3145728 4194304 4194304 4915200 5246976 5283840 5414912 5480448 5533696 5537792 5558272 5562880 5570560 5591040 5689344 5693440 5697536 5701632 5726208 5734400 5767168 5771264 6123520 6144000 6295552 6299648 6328320 6344704 6434816 6438912 6529024 6594560 6619136 6651904 6995968 7000064 7036928 7040000 7045120 7053312 7118848 7184384 7258112 7262208 7274496 7286784 7290880 7299072 7303168 7331840 7385088 7471104 7581696 7663616 7692288 7704576 7761920 7766016 7802880 7815680 7909376 7942144 8007680 8011776 8105984 8171520 8192000 8197632 8224768 8228864 8273920 8278016 8306176 8310272 8335872 8342016 8384512 8388608
83 69 0 20480 40960 49152 176128 241664 302592 999424 1024000 1040384 1093632 1159168 1179136 1183232 1294336 1441792 1466368 1531904 1568768 1581056 1634816 1687552 1908736 1912832 1957888 1966080 1974272 1978368 2191360 2220032 2396160 2400256 2514432 2612736 2695168 2699264 2764800 2768896 2846720 2854912 2895872 2932736 2969600 2981888 3006464 3010560 3035136 3059712 3080192 3084288 3190784 3194880 3203072 3219456 3313664 3317760 3383296 3641344 3862528 3866624 3899392 3903488 4055040 4071424 4140544 4161024 4206592 4214784 4251648 4255744 4325376 4326912 4382208 4386304 4415488 4416512 4497408 4530176 4542464 4571136 4669440 4673536 4747264 4771840 4804608 4829184 4833280 4841472 4849152 4853248 5238784 5242880 5242880 5251072 5275648 5345280 5505024 5509120 5513216 5517312 5730304 5738496 5893632 6163968 6868992 6877184 7057408 7221248 7340032 7348224 7532544 7536128 7626752 7630848 7651328 7684096 7753728 7757824 7761920 7763968 7806976 7809536 7835648 7842304 7843840 7847936 7872512 7876608 7962624 7983104 8003584 8015872 8175616 8196096 8200192 8208384 8228864 8237056
84 115 49152 53248 110592 114688 122880 131072 180224 204800 569344 585728 589824 593920 626688 634880 942080 946176 978944 982528 1036288 1048576 1052672 1056768 1085440 1089536 1204224 1207808 1294336 1298432 1376256 1380352 1454080 1458176 1552384 1554944 1556480 1559040 1912832 2027520 2138112 2138624 2170880 2172416 2215424 2219520 2269184 2306048 2334720 2338816 2506752 2510848 2519040 2535424 2568192 2584576 2629632 2662400 2682880 2695168 2748416 2752512 2756608 2785280 2813952 2818048 2850816 2854912 2916352 2945024 3043328 3059712 3223552 3227648 3354624 3395584 3407872 3473408 3543040 3551232 3633152 3637248 3760128 3764224 3776512 3784704 3866624 3932160 4108288 4112384 4156928 4173312 4325376 4390912 4435968 4440064 4530176 4591616 4595712 4628480 4640768 4784128 4800512 4808704 4825088 4829184 4837376 4845568 4878336 4882432 4890624 4894720 4902912 4907008 4911104 4923392 4927488 4939776 4952064 4956160 4960256 4993024 4997120 4999680 5025792 5042176 5046272 5242880 5242880 5267456 5283840 5287936 5300224 5304320 5308416 5410816 5414912 5419008 5423104 5582848 5636096 5644288 5668352 5746688 5754880 5758976 5812224 5824512 5844992 6012928 6017024 6021120 6025216 6094848 6131712 6135808 6144000 6148096 6193152 6197248 6213632 6217728 6258688 6291456 6291456 6336512 6356992 6373888 6393856 6397952 6402048 6406144 6414336 6418432 6443008 6451200 6488064 6553600 6590464 6656000 6664192 6668288 6692864 6696960 6737920 6742016 6745600 6749696 6782976 6787072 6815744 6819840 6844416 6848512 6860800 6926336 6987776 6991872 7065600 7069696 7106560 7110656 7118848 7122944 7163904 7172096 7213056 7229440 7327744 7335936 7393280 7417856 7438336 7479296 7626752 7700480 7725056 7729152 7864320 7979008 7991296 7995392 8003584 8007680 8257536 8261632 8290304 8294400 8298496 8302592 8323072 8388608
85 151 0 8192 20480 24576 32768 49152 86016 94208 192512 196608 270336 274432 327680 434176 458752 475136 495616 561152 602112 618496 696320 708608 712704 716800 724992 729088 733184 749568 761856 778240 782336 790528 798720 802816 811008 827392 839680 843776 851968 856064 868352 869888 888832 892928 901120 983040 999424 1003520 1007616 1011712 1019904 1024000 1032192 1048576 1048576 1052672 1056768 1077248 1089536 1093632 1097728 1101824 1110016 1118208 1134592 1138688 1150976 1155072 1163264 1167360 1171456 1175552 1196032 1200128 1208320 1212416 1232896 1236992 1249280 1265664 1269760 1314816 1318912 1355776 1359872 1376256 1380352 1384448 1396736 1929216 1937408 1945600 1957888 2035712 2052096 2080768 2084864 2097152 2097152 2125824 2134016 2142208 2154496 2158592 2162688 2166784 2170880 2207744 2224128 2228224 2244608 2248704 2256896 2310144 2314240 2318336 2322432 2330624 2338816 2342912 2351104 2359296 2371584 2379776 2387968 2396160 2400256 2408448 2412544 2416640 2420736 2490368 2494464 2498560 2506752 2519040 2523136 2527232 2531328 2535424 2543616 2547712 2555904 2572288 2576384 2584576 2596864 2600960 2629632 2641920 2654208 2658304 2662400 2678784 2682880 2691072 2695168 2707456 2711552 2732032 2736128 2748416 2777088 2781184 2785280 2809856 2822144 2830336 2846720 2867200 2871296 2883584 2887680 3080192 3088384 3092480 3100672 3101184 3137536 3141632 3145728 3268608 3375104 3391488 3407872 3485696 3735552 3764224 3772416 3780608 3784704 3792896 3813376 3817472 3829760 3833856 3866624 3874816 3878912 3883008 3887104 3891200 3911680 3944448 4063232 4128768 4182016 4194304 4288512 4292608 4366336 4370432 4374528 4378624 4456448 4521984 4628480 4632576 4849664 4931072 4939776 4943872 5046272 5050368 5062656 5063680 5159936 5160448 5242880 5308416 5365760 5369856 5509120 5545984 5550080 5554176 5636096 5701632 5718016 5722112 5791744 5922816 6029312 6094848 6172672 6238208 6316032 6381568 6422528 6488064 6508544 6574080 6651904 6656000 6660096 6664192 6680576 6684672 6815744 6881280 6959104 6961664 7016448 7032832 7036928 7045120 7077888 7086080 7090176 7110656 7208960 7274496 7364608 7368704 7376896 7454720 7479296 7544832 7548928 7667712 7671808 7737344 7778304 7843840 7847936 7852032 7892992 7958528 7962624 8060928 8069120 8073216 8085504 8216576 8220672 8228864 8232960 8237056 8257536 8261632 8269824 8388608
86 167 0 139264 163840 167936 172032 176128 180224 184320 196608 200704 208896 245760 258048 262144 266240 278528 282624 290816 299008 303104 311296 315392 319488 331776 335872 339968 393216 458752 577536 581632 786432 831488 851968 856064 868352 872448 876544 880640 884736 888832 892928 897024 921600 925696 929792 933888 946176 954368 966656 970752 1003520 1007616 1011712 1024000 1028096 1036288 1048576 1073152 1077248 1081344 1093632 1101824 1107968 1108480 1110016 1118208 1122304 1138688 1155072 1159168 1163264 1167360 1175552 1212416 1216512 1220608 1224704 1228800 1245184 1253376 1261568 1269760 1273856 1277952 1286144 1290240 1294336 1302528 1306624 1331200 1359872 1368064 1372160 1388544 1392640 1396736 1400832 1404928 1409024 1413120 1433600 1437696 1441792 1445888 1454080 1458176 1462272 1470464 1474560 1478656 1495040 1499136 1511424 1519616 1536000 1548288 1552384 1556480 1560576 1564672 1572864 1576960 1581056 1585152 1589248 1609728 1613824 1626112 1634304 1638400 1646592 1654784 1662976 1667072 1671168 1683456 1687552 1691648 1695744 1703936 1712128 1720320 1724416 1728512 1744896 1748992 1753088 1777664 1785856 1789952 1802240 1806336 1810432 1814528 1818624 1830912 1835008 1843200 1855488 1867776 1892352 1900544 1904640 1933312 1978368 1990656 1994752 2007040 2039808 2043904 2084864 2088960 2150400 2154496 2174976 2187264 2330624 2334720 2338816 2342912 2351104 2355200 2428928 2437120 2596864 2599936 2600960 2609152 2674688 2682880 2691072 2695168 2699264 2703360 2711552 2715648 2768896 2772992 2842624 3145728 3145728 3350528 3436544 3444736 3465216 3477504 3481600 3485696 3522560 3526656 3588096 3592192 3645440 3649536 3821568 3825664 3973120 3977216 4009984 4018176 4030464 4096000 4157440 4161536 4182016 4186112 4341760 4366336 4443648 4447744 4476928 4534272 4612096 4775936 4874240 4878336 4911104 4947968 5115904 5120000 5140480 5144576 5156864 5160960 5181440 5185536 5193728 5197824 5201920 5210112 5283328 5287424 5312512 5316608 5320704 5324800 5332992 5337088 5349376 5357568 5369856 5373952 5394432 5402624 5410816 5414912 5423104 5439488 5443584 5464064 5468160 5480448 5484544 5488640 5492736 5496832 5517312 5525504 5529600 5533696 5599232 5603328 5632000 5644288 5722112 5726208 5824512 5828608 5849088 5853184 5865472 5869568 6492160 6524928 6766592 6803456 6864896 6868992 6873088 6877184 6885376 6889472 6905856 6914048 6946816 6963200 6975488 6979584 7008256 7012352 7065600 7079424 7237632 7241728 7262208 7265792 7278592 7286784 7352320 7520256 7675904 7680000 7684096 7688192 8134656 8138752 8179712 8196096 8257536 8294400 8351744 8355840 8359936 8384512
87 195 36864 40960 249856 254464 495616 499712 610304 614400 823296 827392 888832 892928 921600 925696 978944 983040 1032192 1036288 1040384 1048576 1060864 1064960 1077248 1085440 1089536 1093632 1097728 1118208 1122304 1126400 1138688 1142784 1159168 1163264 1171456 1175552 1183744 1187840 1191936 1196032 1204224 1216512 1224704 1232896 1257472 1261568 1265664 1273856 1294336 1298432 1306624 1310720 1314816 1318912 1327104 1331200 1347584 1359872 1368064 1376256 1380352 1396736 1400832 1409024 1413120 1421312 1425408 1429504 1433600 1437696 1445888 1454080 1466368 1474560 1486848 1490944 1499136 1503232 1507328 1511424 1519616 1523712 1527808 1531904 1536000 1540096 1544192 1552384 1564672 1568768 1572864 1585152 1589248 1593344 1601536 1609728 1613824 1687552 1691648 1699840 1712128 1716224 1724416 1732608 1736704 1748992 1753088 1761280 1781760 1822720 1826816 1839104 1843200 1855488 1867776 1871872 1884160 1892352 1896448 1899008 1900544 1904640 1908736 1916928 1925120 1929216 1937408 1941504 1978368 1982464 2629632 2633728 2691072 2744320 3018752 3022848 3072000 3088384 3121152 3125248 3198976 3203072 3227648 3231744 3289088 3293184 3411968 3416064 3514368 3522560 3616768 3620864 3629056 3637248 3641344 3649536 3657728 3661824 3665408 3669504 3670016 3682304 3702784 3706880 3710976 3719168 3721216 3721728 3735552 3739648 3760128 3764224 3772416 3776512 3784704 3788800 3825664 3837952 3854336 3862528 3866624 3874816 3878912 3891200 3895296 3899392 3903488 3907584 3940352 3960832 3964928 3969024 3973120 3977216 3981312 3985408 3993600 4001792 4022272 4030464 4034560 4038656 4042752 4046848 4050944 4055040 4059136 4063232 4083712 4087808 4108288 4132864 4141056 4145152 4149248 4177920 4182016 4186112 4218880 4222976 4227072 4231168 4235264 4239360 4251648 4255744 4259840 4276224 4280320 4284416 4288512 4292608 4296704 4300800 4329472 4333568 4337664 4341760 4345856 4349952 4362240 4366336 4386816 4390912 4423680 4493312 4497408 4501504 4505600 4521984 4526080 4538368 4550656 4567040 4571136 4579328 4583424 4587520 4591616 4599808 4603904 4608000 4612096 4616192 4620288 4624384 4640768 4644864 4653056 4657152 4661248 4681728 4685312 4734464 4734976 4743168 4755456 4759552 4767744 4775936 4792320 4857344 4857856 4870144 4874240 4878336 4894720 4902912 4911104 4919296 4927488 4931584 4935680 4943872 4984320 4997120 5033984 5050368 5053952 5120000 5132288 5136384 5140480 5148672 5160960 5221888 5222400 5230592 5242880 5246976 5255168 5263360 5279744 5283840 5296128 5300224 5304320 5308416 5320704 5328896 5337088 5341184 5349376 5357568 5365760 5369856 5378048 5382144 5386240 5394432 5398528 5418496 5422592 5471744 5476352 5496832 5505024 5513216 5517312 5586944 5591040 5656576 5660672 5681152 5697536 5701632 5705728 5709824 5726208 5742592 5750784 5754880 5758976 5767168 5770752 5787136 5791232 5807616 5955584 5963776 6103040 6104576 6295552 6299648 6377472 6381568 6438400 6458880 6541312 6631424 7024640 7045120 7053312 7057408 7241728 7249920 7680000 7745536 7811072 7815168 7942144 7991296 8269824 8273920 8282112 8286208 8318976 8323072 8380416 8388608
88 169 0 61440 73728 77824 94208 118784 126976 139264 143360 147456 155648 163840 167936 176128 184320 188416 192512 200704 204800 212992 217088 221184 225280 229376 237568 245760 249856 303104 307200 323584 327680 331776 335872 339968 348160 364544 376832 389120 401408 405504 409600 417792 442368 450560 454656 466944 475136 479232 483328 495616 499712 503808 507904 512000 524288 532480 536576 540672 561152 565248 573440 577536 589824 593920 598016 602112 606208 610304 614400 618496 622592 626688 634880 638976 643072 647168 655360 659456 663552 671744 679936 684032 704512 712704 716800 729088 733184 737280 741376 745472 753664 765952 782336 790528 794624 802816 811008 819200 831488 847872 856064 868352 872448 876544 880640 884736 892928 897024 909312 921600 929792 933888 937984 946176 950272 954368 966656 970752 978944 991232 995328 999424 1003520 1011712 1015808 1040384 1044480 1048576 1056768 1060864 1077248 1089536 1093632 1114112 1118208 1122304 1130496 1134592 1146880 1150976 1159168 1171456 1179648 1187840 1196032 1204224 1212416 1236992 1249280 1253376 1257472 1261568 1265664 1269760 1273856 1277952 1282048 1286144 1298432 1302528 1310720 1318912 1323008 1327104 1331200 1339392 1343488 1347584 1355776 1359872 1368064 1372160 1376256 1384448 1388544 1445888 1462272 1470464 1474560 1478656 1482752 1490944 1527808 1531904 1536000 1552384 1556480 1572864 1576960 1581056 1589248 1626112 1638400 1667072 1671168 1679360 1695744 1703936 1716224 1728512 1740800 1765376 1769472 1773568 1785856 1802240 1806336 1822720 1835008 1839104 1843200 1847296 1855488 1859584 1863680 1875968 1892352 1900544 1912832 1929216 1937408 1953792 1957888 1978368 1990656 1994752 2002944 2007040 2031616 2043904 2060288 2068480 2125824 2138112 2166272 2170368 2215936 2220032 2248704 3145728 3145728 3940352 3948544 3969024 3977216 3985408 3993600 4005888 4014080 4032000 4034560 4038656 4059136 4063232 4079616 4083712 4091904 4096000 4108288 4112384 4116480 4120576 4124672 4141056 4145152 4149248 4165632 4177920 4186112 4194304 4194304 4218880 4227072 4276224 4411392 4419584 4608000 4612096 4644864 4661248 4694016 4698112 4747264 4751360 4829184 4833280 4874240 4876800 4898816 4915200 4931584 4935680 4939776 4993024 5062656 5128192 5299712 5307904 5357568 5359104 5431296 5447680 5459968 5464064 5705728 5709824 5746688 5844992 6164480 6168576 6361088 6397952 6451200 6455296 6811648 6909952 6914048 6918144 6922240 6979584 6987776 7024640 7032832 7036928 7053312 7081984 7282688 7340032 7340032 7503872 7581696 7585792 7663616 7725056 7740928 7749120 8228864 8294400
89 44 36864 40960 151040 155136 167936 233472 282624 286720 290816 294912 307200 323584 364544 368640 999424 1003520 1019904 1032192 1085440 1089536 1122304 1126400 1327104 1359872 1625600 1629696 1654784 1667072 1708032 1712128 1740800 1748992 1888256 1889280 2015232 2019328 2035712 2039808 2043904 2048000 2068480 2076672 2232320 2236416 2297856 2301952 2453504 2457600 2723840 2727936 2834432 2838528 3031040 3047424 3207168 3239936 3461120 3465216 3489792 3538944 3727360 3731456 4141056 4194304 4194304 4206592 4399104 4403200 4501504 4505600 4710400 4714496 4788224 4791296 4812800 4849664 4976640 4993024 5026304 5144576 5173248 5242880 5242880 6291456 6291456 7340032 7340032 8388608
90 10 0 274944 340480 1048576 1048576 2097152 2097152 3145728 3145728 4194304 4194304 4476928 4538880 5242880 5242880 6291456 6291456 7340032 7340032 8388608
91 34 0 1048576 1048576 2097152 2097152 3145728 3145728 4194304 4194304 4214784 4218880 4481536 4521984 4526080 4547072 5152768 5246976 5509120 5513216 5529600 5652480 5726208 6066176 6070272 6107136 6115328 6221824 6225920 6397952 6418432 6610944 6614016 6651904 6656000 6897664 6905856 6913536 6917632 6934528 7000064 7110144 7167488 7188480 7208960 7245312 7290368 7303168 7307264 7352320 7405568 7483392 7495680 7536640 7553024 7684096 7692288 7946240 7950336 7954432 7958528 7970816 7974912 8187904 8192000 8196096 8245248 8327168 8331264
92 12 32768 61440 65536 1048576 1048576 2097152 2097152 3145728 3145728 3297280 3301376 3588096 3629056 4194304 4194304 5242880 5242880 6291456 6291456 7340032 7340032 7733760 7799296 8388608
93 20 0 1048576 1048576 1830912 1835008 2097152 2097152 2965504 3141632 3145728 3186688 3203072 3387392 3395584 3440640 3444736 3457024 3461120 3502080 3506176 3608576 3612672 3633152 3637248 3743744 3751936 3821568 3825664 4022272 4194304 4194304 4980736 5144576 5242880 5242880 6291456 6291456 7340032 7340032 8388608
94 39 0 1048576 1048576 1228288 1314816 1318912 1404928 1421312 1474560 1477120 1556480 1703936 1839104 1867776 1871872 1875968 1974272 1994752 2256896 2260992 2342400 2350592 2412544 2416640 2457600 2502656 2523136 2535424 2564096 2584576 2723840 2727936 2830336 2838528 3244032 3248128 3354624 3358720 3534848 3538944 3788800 3821568 4005888 4009984 4288512 4292608 4296192 4300288 4337152 4341248 4345344 4349440 4456448 4460544 4480512 4484608 4488704 4492800 4496896 4505088 4660736 4664832 5021696 5025792 5029888 5033984 5222400 5226496 5296128 5328896 5394432 5398528 5636096 6291456 6291456 7340032 7340032 8388608
95 8 0 1048576 1048576 2097152 2097152 3145728 3145728 4194304 4194304 5242880 5242880 6291456 6291456 7340032 7340032 8388608
96 11 0 671744 675840 1048576 1048576 2097152 2097152 3145728 3145728 4194304 4194304 4231168 4296704 4870144 4874240 5242880 5242880 6291456 6291456 7340032 7340032 8388608
97 17 0 1048576 1048576 2097152 2097152 3145728 3145728 4194304 4194304 4239360 4304896 5242880 5242880 6291456 6291456 7340032 7405568 7471104 7634432 7667200 7856128 7876608 8073216 8077312 8171520 8175616 8237056 8241152 8261632 8265728 8286208 8294400 8384512 8388608
98 68 4096 8192 69632 102400 204800 208896 212992 262144 294912 319488 364544 385024 458752 536576 572928 605696 655360 659456 950272 954368 958464 1048576 1118208 1126400 1253376 1257472 1282048 1282560 1372160 1376256 1425408 1429504 1445888 1448448 1515520 1523712 1781760 1785856 1794048 1855488 1892352 1900544 2207744 2215936 2453504 2461696 2465792 2469888 2519040 2527232 2588672 2592768 2621440 2625536 2646016 2686976 2744320 2748416 2813952 2818048 2957312 2961408 3014656 3018752 3137536 3145728 3145728 3148288 3223552 3239936 3293184 3295232 3543040 3547136 3706880 3712512 3760128 3796992 3801088 3878912 3952640 3956736 4046848 4050944 4055040 4059136 4124672 4194304 4194304 4247552 4530176 4689920 4714496 4718592 5464064 5468160 5537792 5538816 5619712 5623808 5754880 5755904 5775360 5777920 5820416 5821440 5873664 5906432 6045696 6279168 6291456 6291968 6361088 6426624 6475776 6483968 6488064 6490624 6504448 6803456 6823936 6840320 6844416 6848512 6881280 7340032 7340032 7929856 7987200 7989248 8032256 8036352 8073216 8077312 8364032 8368128
99 82 4096 20480 32256 36352 49152 50688 208896 212992 221184 225280 262144 266240 409600 413696 548864 552960 557056 561152 565248 573440 581632 585728 659456 662528 720896 724992 839680 856064 983040 991232 1019904 1036288 1064448 1068544 1085440 1089536 1245184 1245696 1449984 1454080 1474048 1478144 1544192 1548288 1646592 1650688 1695744 1698304 1839104 1847296 1888256 1892352 1904640 1908736 1933312 1937408 1945600 1949696 2097152 2162688 2191360 2203648 2244608 2252800 2293760 2297856 2310144 2314240 2379776 2392064 2400256 2404352 2433024 2441216 2453504 2457600 2609152 2838528 2875392 2887680 2994176 3002368 3080192 3084288 3112960 3117056 3145728 3149824 3338240 3342336 3358720 3362816 3383296 3387392 3420160 3424256 3436544 3440640 3514368 3548160 3575808 3579904 3612672 3629056 3657728 3661824 3764224 3801088 3821568 3829760 3846144 3850240 3870720 3874816 3903488 4194304 4194304 4280320 4337664 4341760 4349952 4354048 4378624 4386816 4513792 4517888 4538368 4542464 4653056 5242880 5242880 5533696 5550080 5558272 5562368 5566464 5713920 5718016 6062080 6127616 6160384 6164480 6356992 6361088 6422528 6426624 6488064 6492160 6512640 6520832 6762496 6766592 6815744 7213056 7221248 7340032 7340032 8060928 8282112 8282624 8339456 8343552 8347648 8351744
