#StripeID,rangenumber,BlockOffsetStart,BlockOffsetEnd
318 2 81920 131072 131072 147456
686 6 294912 327680 327680 393216 393216 458752 458752 524288 524288 589824 589824 655360
687 3 0 65536 65536 131072 131072 163840
123 1 94208 102400
114 1 589824 655360
115 2 0 65536 65536 81920
56 1 364544 372736
507 1 278528 286720
570 1 110592 114688
116 1 307200 323584
471 1 94208 98304
455 1 249856 258048
983 1 339968 344064
76 1 45056 61440
379 1 339968 344064
907 1 606208 626688
12 1 270336 274432
992 1 245760 253952
278 1 212992 217088
217 1 167936 172032
368 1 323584 327680
238 1 413696 458752
151 2 262144 327680 327680 356352
944 1 217088 221184
546 1 507904 516096
546 1 516096 520192
246 1 491520 495616
962 1 217088 222208
417 1 622592 655360
418 1 0 32768
897 1 94208 102400
897 1 102400 106496
310 1 622592 625664
156 1 335872 336896
782 1 458752 462848
572 1 479232 512000
117 2 163840 196608 196608 229376
695 3 110592 131072 131072 196608 196608 208896
54 1 651264 655360
55 1 0 61440
456 3 245760 262144 262144 327680 327680 376832
831 3 258048 262144 262144 327680 327680 389120
787 2 69632 131072 131072 167936
965 1 622592 655360
966 1 0 49152
492 2 524288 589824 589824 655360
493 2 0 65536 65536 131072
506 2 167936 196608 196608 233472
965 5 372736 393216 393216 458752 458752 524288 524288 589824 589824 618496
421 2 548864 589824 589824 614400
407 1 425984 434176
545 2 544768 589824 589824 602112
841 1 163840 172032
407 2 360448 393216 393216 417792
376 2 155648 196608 196608 200704
455 5 372736 393216 393216 458752 458752 524288 524288 589824 589824 634880
525 2 528384 589824 589824 593920
529 1 405504 413696
841 2 94208 131072 131072 151552
659 1 192512 196608
442 1 364544 368640
565 1 196608 200704
659 1 196608 208896
367 1 81920 86016
365 1 249856 253952
368 1 143360 151552
589 1 147456 172032
531 1 94208 98304
531 1 249856 253952
589 1 172032 176128
588 1 81920 90112
722 1 638976 643072
722 1 573440 577536
984 1 638976 643072
755 6 324096 327680 327680 393216 393216 458752 458752 524288 524288 589824 589824 655360
756 3 0 65536 65536 131072 131072 193024
642 1 495616 503808
146 1 286720 294912
591 1 483328 503808
629 1 479232 503808
409 1 32768 36864
643 1 458752 471040
840 1 614400 618496
409 1 24576 28672
635 1 77824 86016
864 1 196608 200704
347 1 589824 598016
624 1 548864 552960
701 1 376832 385024
796 1 258048 262144
13 1 425984 430080
117 1 143360 147456
517 1 8192 10240
16 1 73728 77824
927 1 462848 463360
319 1 16384 28672
986 1 647168 651264
143 1 139264 147456
466 1 561152 569344
466 1 569344 573440
748 1 335872 344064
11 1 430080 434176
244 1 651264 655360
324 1 32768 36864
192 2 339968 393216 393216 397312
642 1 495616 499712
102 2 225280 262144 262144 286720
696 1 593920 630784
39 1 73728 77824
368 1 253952 262144
368 1 647168 651264
369 1 20480 24576
68 1 483328 487424
682 1 131072 135168
371 1 376832 380928
970 1 241664 245760
731 1 12288 16384
114 1 393216 397312
84 1 192512 196608
907 1 626688 630784
376 2 454656 458752 458752 462848
731 1 0 4096
195 1 462848 466944
218 1 610304 614400
579 1 598016 602112
557 1 430080 434176
119 1 32256 48640
234 2 433664 458752 458752 482816
234 1 482816 486912
421 1 589824 593920
424 1 397312 397824
424 1 397824 398336
424 1 398336 402432
424 1 402432 406528
992 1 372736 376832
421 1 593920 598016
905 1 147456 163840
178 1 536576 540672
773 1 335872 368640
984 1 593920 598016
753 1 417792 421888
986 1 274432 278528
106 1 634880 638976
335 1 45056 49152
979 1 0 4096
11 1 368640 372736
363 1 483328 487424
460 1 45056 49152
505 1 192512 196608
166 1 548864 552960
124 1 425984 430080
3 1 462848 466944
779 1 344064 348672
167 1 159744 163840
925 1 270336 274432
268 1 24576 27136
925 1 450560 454656
707 1 40960 45056
926 1 606208 610304
607 1 139264 143360
531 1 626688 634880
862 1 225280 229376
568 1 77824 81920
484 1 327680 331776
963 1 425984 446464
600 1 102400 106496
803 1 172032 176128
501 2 421888 458752 458752 483328
776 1 647168 651264
992 1 417792 421888
864 1 335872 339968
13 1 249856 253952
255 1 40960 45056
673 1 98304 110592
654 1 327680 393216
428 3 507904 524288 524288 589824 589824 655360
429 6 0 65536 65536 131072 131072 196608 196608 262144 262144 327680 327680 340480
182 7 217600 262144 262144 327680 327680 393216 393216 458752 458752 524288 524288 589824 589824 655360
183 2 0 65536 65536 86528
655 2 524288 589824 589824 647168
6 1 155648 163840
888 1 421888 434176
655 1 647168 655360
923 1 450560 454656
17 1 266240 270336
322 2 409600 458752 458752 475136
994 1 196608 262144
650 1 561152 573440
457 1 311296 315392
650 1 503808 507904
650 1 569344 573440
457 1 311296 315392
650 1 503808 507904
254 1 45056 49152
254 1 110592 114688
475 1 212992 217088
306 1 163840 167936
132 1 638976 643072
306 6 167936 196608 196608 262144 262144 327680 327680 393216 393216 458752 458752 466944
885 1 364544 368640
220 1 495616 499712
3 1 262144 266240
938 2 536576 589824 589824 655360
939 7 0 65536 65536 131072 131072 196608 196608 262144 262144 327680 327680 393216 393216 405504
273 1 466944 471040
837 1 331776 335872
939 4 405504 458752 458752 524288 524288 589824 589824 655360
940 5 0 65536 65536 131072 131072 196608 196608 262144 262144 274432
837 1 339968 344064
818 1 12288 16384
217 1 512000 516096
911 1 8192 12288
310 1 28672 32768
650 1 524288 532480
3 1 585728 589824
826 1 581632 585728
988 1 356352 360448
659 1 208896 212992
11 1 237568 243200
513 1 606208 610304
815 1 462848 466944
920 1 102400 110592
659 1 212992 225280
560 1 32768 36864
40 1 360448 364544
51 1 294912 295424
55 3 495616 524288 524288 589824 589824 655360
56 6 0 65536 65536 131072 131072 196608 196608 262144 262144 327680 327680 364544
108 6 299008 327680 327680 393216 393216 458752 458752 524288 524288 589824 589824 655360
109 1 0 4096
144 1 8192 12288
834 1 237568 241664
643 1 475136 477696
252 1 573440 577536
472 1 602112 603648
141 1 380928 385024
252 1 0 4096
923 1 163840 167936
515 2 143360 196608 196608 245760
60 1 491520 499712
931 1 155648 163840
354 1 299008 303104
707 1 32768 36864
418 2 229376 262144 262144 294912
648 1 613888 617984
418 2 557056 589824 589824 622592
759 2 245760 262144 262144 311296
403 1 589824 593920
404 1 57344 61440
196 1 225280 229376
687 1 319488 323584
146 1 389120 393216
113 1 401408 405504
114 1 253952 258048
978 1 278528 282624
652 1 102400 106496
487 1 241664 245760
978 1 405504 409600
302 1 73728 77824
677 1 303104 307200
66 1 307200 311296
471 1 528384 532480
69 1 32768 36864
777 2 126976 131072 131072 135168
385 1 155648 159744
768 1 114688 118784
15 1 589824 593920
584 1 16384 24576
584 1 24576 28672
272 1 376832 380928
834 1 475136 479232
37 1 36864 40960
279 1 638976 647168
786 2 569856 589824 589824 655360
787 1 0 32768
965 1 200704 204800
343 1 495616 499712
839 1 40960 45056
896 1 593920 598016
787 8 61440 65536 65536 131072 131072 196608 196608 262144 262144 327680 327680 393216 393216 458752 458752 467456
893 1 319488 324608
140 1 450560 454656
787 3 467456 524288 524288 589824 589824 655360
788 6 0 65536 65536 131072 131072 196608 196608 262144 262144 327680 327680 336384
944 1 24576 28672
73 2 110592 131072 131072 176128
389 1 610304 610816
906 1 610304 614400
383 1 294912 299008
88 1 405504 421888
87 1 618496 634880
89 1 77824 94208
88 1 602112 618496
906 1 544768 548864
389 1 614400 618496
389 1 622592 626688
74 2 49152 65536 65536 81920
383 1 299008 303104
73 2 110592 131072 131072 159744
906 1 610304 614400
389 1 610304 610816
90 2 192512 196608 196608 208896
137 1 405504 421888
383 1 294912 299008
117 1 135168 139264
978 1 237568 241664
978 1 618496 626688
739 1 430080 434176
916 1 49152 53248
755 1 565248 569344
215 1 212992 217088
746 1 552960 557056
217 1 303104 307200
194 1 348160 352256
729 1 106496 110592
790 1 327680 331776
228 1 315392 319488
88 1 507904 512000
797 1 618496 622592
408 1 307200 311296
367 1 307200 311296
845 1 16384 20480
700 1 380928 385024
245 3 500224 524288 524288 589824 589824 655360
246 6 0 65536 65536 131072 131072 196608 196608 262144 262144 327680 327680 369152
246 5 369152 393216 393216 458752 458752 524288 524288 589824 589824 655360
247 4 0 65536 65536 131072 131072 196608 196608 238080
475 1 335872 344064
475 1 344064 348160
247 1 618496 655360
248 2 0 65536 65536 74240
248 1 98304 131072
247 7 238080 262144 262144 327680 327680 393216 393216 458752 458752 524288 524288 589824 589824 618496
248 1 74240 98304
248 2 131072 196608 196608 225280
248 2 356352 393216 393216 421888
259 1 212992 225280
249 1 458752 471040
249 2 126976 131072 131072 192512
657 1 581632 589824
249 4 192512 196608 196608 262144 262144 327680 327680 380928
249 2 385024 393216 393216 446464
312 1 203264 204288
6 1 503808 512000
405 1 249856 253952
735 1 65536 131072
193 2 585728 589824 589824 651264
493 2 524288 589824 589824 655360
494 2 0 65536 65536 131072
735 2 524288 589824 589824 655360
303 1 446464 458752
517 1 106496 110592
958 7 196608 262144 262144 327680 327680 393216 393216 458752 458752 524288 524288 589824 589824 655360
959 1 0 65536
959 8 65536 131072 131072 196608 196608 262144 262144 327680 327680 393216 393216 458752 458752 524288 524288 589824
568 8 131072 196608 196608 262144 262144 327680 327680 393216 393216 458752 458752 524288 524288 589824 589824 655360
984 1 131072 196608
960 3 458752 524288 524288 589824 589824 655360
961 5 0 65536 65536 131072 131072 196608 196608 262144 262144 327680
959 1 589824 655360
960 7 0 65536 65536 131072 131072 196608 196608 262144 262144 327680 327680 393216 393216 458752
999 8 131072 196608 196608 262144 262144 327680 327680 393216 393216 458752 458752 524288 524288 589824 589824 638976
998 6 262144 327680 327680 393216 393216 458752 458752 524288 524288 589824 589824 655360
999 2 0 65536 65536 131072
474 1 217088 221184
650 1 405504 406528
306 1 466944 471040
370 1 524288 585728
876 1 16384 20480
126 1 372736 376832
347 1 225280 229376
666 1 401408 405504
642 1 532480 536576
474 1 217088 225280
779 1 380928 385024
642 1 561152 573440
328 1 308224 309248
864 1 413184 414208
336 1 188416 192512
696 1 634880 655360
697 8 0 65536 65536 131072 131072 196608 196608 262144 262144 327680 327680 393216 393216 458752 458752 466944
943 1 225792 227840
347 1 293376 294400
328 1 309248 312832
864 1 414208 415232
280 1 233472 237568
376 2 204800 262144 262144 286720
25 2 40960 65536 65536 131072
76 2 532480 589824 589824 655360
77 7 0 65536 65536 131072 131072 196608 196608 262144 262144 327680 327680 393216 393216 401408
786 1 290816 294400
885 2 167936 196608 196608 233472
411 1 208384 212480
978 3 204800 262144 262144 327680 327680 372736
604 3 114688 131072 131072 196608 196608 245760
955 1 393216 421888
224 2 40960 65536 65536 106496
257 1 610304 655360
258 1 0 20480
805 3 159744 196608 196608 262144 262144 290816
557 2 200704 262144 262144 266240
328 4 450560 458752 458752 524288 524288 589824 589824 655360
329 1 0 57344
606 1 249856 253952
912 2 520192 524288 524288 528384
977 5 335872 393216 393216 458752 458752 524288 524288 589824 589824 655360
978 4 0 65536 65536 131072 131072 196608 196608 204800
297 1 0 65536
504 2 299008 327680 327680 364544
474 1 356352 360448
474 1 356352 360448
770 1 614400 618496
665 1 286720 290816
770 1 614400 618496
608 1 569344 577536
686 2 560640 589824 589824 617984
686 1 617984 622080
926 1 135168 151552
979 1 0 4096
978 1 647168 651264
894 1 20480 24576
304 1 638976 643072
627 1 106496 114688
894 1 45056 65536
642 1 466944 471040
906 1 131072 135168
454 1 24576 32768
454 1 32768 36864
911 1 557056 561152
913 1 634880 638976
943 1 483328 487424
241 1 81920 86016
504 1 217088 237568
764 1 614400 655360
765 1 0 20480
765 1 20480 24576
597 1 176128 180224
546 1 303104 307200
59 1 487424 491520
800 1 159744 180224
800 1 180224 184320
928 1 20480 24576
981 1 180224 184320
27 1 573440 577536
84 1 159744 163840
676 1 159744 163840
322 1 405504 409600
911 1 188416 192512
810 1 606208 610304
700 1 266240 270336
818 1 94208 102400
337 1 45056 49152
66 1 315392 319488
59 1 622592 655360
60 8 0 65536 65536 131072 131072 196608 196608 262144 262144 327680 327680 393216 393216 458752 458752 491520
141 1 249856 253952
952 1 12288 24576
521 2 110592 131072 131072 163840
676 1 180224 188416
634 1 57344 60928
183 1 86528 98304
661 1 589824 655360
662 1 0 65536
429 5 340480 393216 393216 458752 458752 524288 524288 589824 589824 655360
430 4 0 65536 65536 131072 131072 196608 196608 209408
667 1 327680 393216
183 9 110592 131072 131072 196608 196608 262144 262144 327680 327680 393216 393216 458752 458752 524288 524288 589824 589824 623104
438 2 180224 196608 196608 245760
79 1 28672 40960
980 1 479232 483328
337 1 57344 61440
438 2 573440 589824 589824 638976
767 2 57344 65536 65536 81920
79 1 40960 45056
978 2 540672 589824 589824 606208
565 2 573440 589824 589824 655360
566 1 0 49152
700 1 192512 196608
606 2 315392 327680 327680 339968
314 1 196608 262144
760 2 565248 589824 589824 630784
606 2 557056 589824 589824 622592
940 2 159744 196608 196608 225280
717 1 598016 602112
524 2 147456 196608 196608 212992
350 2 561152 589824 589824 626688
606 2 360448 393216 393216 397312
723 2 491520 524288 524288 552960
413 3 8192 65536 65536 131072 131072 139264
433 2 544768 589824 589824 655360
434 3 0 65536 65536 131072 131072 151552
587 2 487424 524288 524288 552960
870 2 40960 65536 65536 106496
664 5 212992 262144 262144 327680 327680 393216 393216 458752 458752 512000
261 2 512000 524288 524288 577536
904 1 348160 380928
698 1 102400 106496
644 1 139264 140800
642 1 532480 536576
775 1 299008 303104
940 1 28672 32768
774 1 135168 143360
241 1 184320 188416
651 1 151552 163840
940 1 229376 237568
889 1 528384 589824
241 1 204800 208896
934 1 372736 376832
640 1 339968 344064
821 1 319488 323584
919 1 409600 410112
956 1 647168 651264
651 1 643072 647168
651 1 282624 286720
31 1 270336 274432
386 1 106496 110592
754 1 466944 471040
68 1 307200 311296
279 1 647168 651264
37 1 36864 40960
279 1 651264 655360
280 1 0 4096
280 1 4096 8192
124 1 430080 434176
124 1 425984 430080
663 1 348160 385024
173 1 593920 598016
29 2 172032 196608 196608 204800
927 1 634880 643072
707 1 69632 77824
928 1 0 8192
167 1 159744 163840
928 1 32768 49152
707 1 106496 110592
592 2 523776 524288 524288 527872
928 1 393216 421888
85 1 610304 618496
812 1 126976 131072
928 1 430080 434176
422 1 114688 116736
351 2 192512 196608 196608 217088
924 1 376832 380928
446 1 610304 614400
594 1 0 4096
760 1 294912 299008
215 1 557056 561152
824 1 434176 438272
824 1 417792 430080
222 1 462848 471040
228 1 434176 438272
623 2 57344 65536 65536 81920
623 1 81920 86016
78 1 303104 303616
625 1 569344 589824
642 1 532480 536576
642 1 462848 466944
581 1 262144 327680
473 1 626688 630784
977 1 409600 410112
713 1 159744 196608
707 1 4096 8192
706 1 651264 655360
317 1 528384 532480
979 1 0 4096
979 1 4096 8192
0 3 507904 524288 524288 589824 589824 655360
1 6 0 65536 65536 131072 131072 196608 196608 262144 262144 327680 327680 376832
999 1 638976 655360
0 8 0 65536 65536 131072 131072 196608 196608 262144 262144 327680 327680 393216 393216 458752 458752 507904
2 7 245760 262144 262144 327680 327680 393216 393216 458752 458752 524288 524288 589824 589824 655360
3 2 0 65536 65536 114688
734 2 262144 327680 327680 393216
266 1 323584 327680
799 2 188416 196608 196608 208896
698 2 282624 327680 327680 360448
817 2 253952 262144 262144 274432
642 1 458752 462848
865 1 245760 249856
319 2 81920 131072 131072 147456
642 1 544768 552960
320 1 81920 102912
259 1 81408 85504
732 1 258048 262144
884 1 356352 364544
378 1 172032 176128
884 1 364544 368640
648 1 339968 352256
446 1 499712 507904
498 2 61440 65536 65536 69632
320 2 102912 131072 131072 147456
452 1 606208 614400
642 1 483328 487424
498 1 69632 73728
452 1 614400 618496
320 1 606208 655360
321 1 0 16384
322 2 16384 65536 65536 81920
378 1 126976 131072
158 1 201728 208384
925 4 12800 65536 65536 131072 131072 196608 196608 229376
925 6 233472 262144 262144 327680 327680 393216 393216 458752 458752 524288 524288 541184
733 1 110592 114688
927 1 98304 106496
422 1 155648 159744
699 1 208896 212992
926 3 307200 327680 327680 393216 393216 401920
925 2 541184 589824 589824 655360
926 5 0 65536 65536 131072 131072 196608 196608 262144 262144 307200
422 1 208896 217088
699 1 229376 241664
927 1 90112 98304
781 1 49152 53248
805 1 495104 495616
805 1 499200 499712
0 1 466944 471040
805 1 503296 503808
0 1 458752 462848
9 1 335872 339968
142 2 122880 131072 131072 139264
7 1 397312 401408
7 1 200704 204800
7 1 266240 270336
85 1 454656 458752
142 1 32768 45056
840 1 557056 589824
6 1 274432 278528
466 1 536576 544768
659 1 225280 229376
923 1 372736 376832
466 1 544768 548864
774 1 356352 360448
659 1 229376 241664
571 1 654848 655360
572 1 0 3584
572 1 3584 48640
609 1 425472 429568
697 1 323584 327680
926 1 4096 12288
940 1 0 4096
926 1 12288 16384
755 1 491520 495616
944 1 446464 450560
739 1 200704 204800
788 5 336384 393216 393216 458752 458752 524288 524288 589824 589824 655360
789 4 0 65536 65536 131072 131072 196608 196608 205312
367 1 602112 606208
394 1 90112 94208
944 1 24576 28672
90 1 12288 28672
906 1 544768 548864
589 1 491520 495616
906 1 610304 614400
49 1 319488 327680
421 1 294912 299008
431 1 544768 548864
397 1 569344 577536
349 1 147456 192512
642 1 540672 548864
853 1 24576 28672
883 1 618496 620544
141 1 458752 462848
156 1 565248 569344
980 1 397312 438272
157 1 106496 110592
156 1 647168 651264
225 1 544768 548864
243 1 237568 241664
157 1 143360 147456
506 1 229376 237568
980 1 438272 442368
349 1 192512 196608
506 1 237568 241664
798 1 274432 294912
953 1 589824 606208
943 1 227840 230400
636 1 434176 437248
864 1 415232 418816
328 1 312832 313856
347 1 294400 296960
642 1 503808 507904
943 1 230400 231424
979 1 4096 8192
986 1 126976 131072
986 1 118784 122880
979 1 0 4096
986 1 114688 115200
979 1 4096 8192
228 1 98304 102400
69 1 229376 233472
756 8 193024 196608 196608 262144 262144 327680 327680 393216 393216 458752 458752 524288 524288 589824 589824 655360
757 1 0 61952
642 1 565248 569344
642 1 499712 507904
757 9 61952 65536 65536 131072 131072 196608 196608 262144 262144 327680 327680 393216 393216 458752 458752 524288 524288 586240
650 1 212992 217088
162 1 57344 65536
642 1 569344 577536
128 1 61440 65536
61 1 229376 233472
952 2 327680 393216 393216 442368
836 1 57344 57856
51 1 49152 53248
400 1 327680 331776
226 1 86016 90112
662 1 618496 622592
577 1 602112 622592
934 2 442368 458752 458752 520192
199 1 393216 397312
210 1 20480 24576
166 1 73728 77824
479 1 135168 139264
755 1 106496 110592
836 1 53248 57344
111 1 94208 98304
577 1 622592 626688
186 1 364544 368640
435 2 28672 65536 65536 94208
501 1 483328 487424
118 1 450560 454656
867 1 626688 630784
804 1 106496 107008
257 2 389120 393216 393216 393728
468 2 126976 131072 131072 135168
668 1 0 57344
870 2 303104 327680 327680 368640
630 2 552960 589824 589824 655360
631 1 0 28672
905 2 475136 524288 524288 532480
350 1 557056 561152
491 4 393216 458752 458752 524288 524288 589824 589824 655360
492 4 0 65536 65536 131072 131072 196608 196608 262144
519 1 557056 581632
522 2 557056 589824 589824 598016
350 2 471040 524288 524288 532480
736 2 409600 458752 458752 475136
259 1 630784 655360
260 1 0 40960
404 2 122880 131072 131072 188416
528 2 45056 65536 65536 110592
329 2 221184 262144 262144 286720
827 8 126976 131072 131072 196608 196608 262144 262144 327680 327680 393216 393216 458752 458752 524288 524288 585728
956 2 49152 65536 65536 114688
738 2 36864 65536 65536 102400
177 2 274432 327680 327680 339968
585 2 315392 327680 327680 344064
25 2 245760 262144 262144 311296
27 1 73728 77824
115 1 593920 606208
448 1 413696 417792
142 1 454656 458752
445 1 155648 163840
167 1 159744 163840
760 1 307200 315392
349 1 225280 229376
52 1 569344 573440
430 1 438272 446464
707 1 8192 12288
324 1 49152 53248
694 1 479232 483328
531 1 634880 638976
445 1 225280 229376
976 1 372736 373760
707 1 40960 49152
783 1 581632 585728
430 1 446464 450560
351 1 217088 221184
805 1 245760 249856
139 1 561152 569344
913 1 167936 196608
958 1 479232 483328
971 1 466944 471040
220 1 499712 503808
63 4 65536 131072 131072 196608 196608 262144 262144 307200
971 1 487424 491520
971 1 507904 516096
941 2 143360 196608 196608 208896
990 1 385024 389120
139 1 569344 581632
940 6 274432 327680 327680 393216 393216 458752 458752 524288 524288 589824 589824 655360
941 3 0 65536 65536 131072 131072 143360
834 1 643072 655360
779 3 442368 458752 458752 524288 524288 528384
366 1 28672 32768
355 1 241664 245760
779 1 528384 532480
368 1 339968 348160
355 1 253952 262144
439 2 507904 524288 524288 573440
440 2 311296 327680 327680 376832
440 2 573440 589824 589824 638976
999 1 131072 134144
369 1 544768 565248
51 1 295424 297984
51 1 297984 299008
51 1 315392 318464
51 1 318464 322560
51 1 322560 326656
51 2 326656 327680 327680 330752
458 1 417792 458752
51 1 330752 334848
51 1 334848 338944
877 1 131072 196608
51 1 338944 343040
411 1 262144 286720
51 1 343040 347136
912 1 323584 327680
914 1 348160 352256
311 1 294912 299008
317 1 532480 540672
735 1 225280 229376
88 1 507904 512000
525 1 28672 36864
525 1 36864 40960
822 1 192512 196608
844 1 573440 577536
142 1 139264 196608
277 1 65536 131072
576 1 393216 405504
455 1 258048 262144
312 1 282624 294912
513 7 102400 131072 131072 196608 196608 262144 262144 327680 327680 393216 393216 458752 458752 479232
503 2 184320 196608 196608 208896
952 1 24576 28672
312 1 532480 557056
308 4 430080 458752 458752 524288 524288 589824 589824 655360
309 2 0 65536 65536 90112
322 3 131072 196608 196608 262144 262144 311296
576 1 471040 495616
754 1 634880 655360
755 1 0 12288
6 1 274432 278528
934 1 425984 430080
572 4 52736 65536 65536 131072 131072 196608 196608 212480
571 2 163328 196608 196608 212480
37 1 569344 573440
220 1 143360 167936
609 3 478720 524288 524288 589824 589824 650752
51 1 614400 618496
610 2 261632 262144 262144 310784
609 2 429568 458752 458752 474624
659 1 241664 245760
673 2 425472 458752 458752 474624
571 4 216576 262144 262144 327680 327680 393216 393216 458240
37 1 36864 49152
350 1 405504 409600
280 1 8192 16384
930 1 430080 434176
63 1 16384 20480
845 2 319488 327680 327680 335872
845 1 339968 389120
845 1 389120 393216
428 1 249856 250368
581 1 430080 434176
581 1 425984 430080
421 1 589824 593920
581 1 434176 438272
428 1 253952 258048
680 1 409600 425984
428 1 262144 266240
421 1 593920 598016
428 1 249856 250368
421 1 589824 593920
39 2 106496 131072 131072 139264
835 1 503808 520192
783 1 647168 651264
783 1 573440 577536
864 1 418816 419840
328 1 313856 317440
347 1 296960 297984
943 1 231424 234496
864 1 419840 422400
528 1 274432 282624
69 1 90112 91136
528 1 278528 282624
754 1 32768 36864
669 1 507904 516096
615 1 159744 180224
615 1 180224 184320
17 1 245760 249856
468 1 135168 139264
415 1 364544 368640
415 1 372736 376832
430 7 209408 262144 262144 327680 327680 393216 393216 458752 458752 524288 524288 589824 589824 655360
431 2 0 65536 65536 78336
668 2 57344 65536 65536 131072
193 2 389120 393216 393216 417792
51 1 347136 351232
26 1 40960 43008
180 1 499712 503808
51 1 351232 355328
448 1 45056 49152
193 1 417792 421888
214 1 135168 139264
51 1 355328 359424
254 1 442368 454656
350 1 638976 643072
20 1 0 8192
441 2 573440 589824 589824 638976
37 1 618496 622592
719 1 299008 303104
524 1 114688 122880
354 1 303104 307200
351 1 12288 16384
60 1 32768 40960
524 1 122880 126976
642 2 573440 589824 589824 598016
129 1 212992 214528
38 1 630784 634880
40 1 520192 522240
442 2 442368 458752 458752 507904
707 1 102400 106496
238 1 524288 577536
718 2 479232 524288 524288 544768
378 1 126976 131072
650 1 569344 573440
67 1 0 4096
739 1 159744 163840
85 1 90112 102400
85 1 102400 106496
650 1 503808 516096
457 1 389120 393216
434 1 622592 630784
650 1 577536 581632
941 1 32768 61440
475 1 270336 327680
73 1 94208 98304
217 1 495616 497152
51 1 512000 516096
773 1 155648 172032
510 1 430080 432640
250 1 495616 508416
534 2 24576 65536 65536 110592
250 1 557056 565248
250 2 508416 524288 524288 528384
760 1 131072 139264
750 1 532480 535552
250 4 274432 327680 327680 393216 393216 458752 458752 495616
184 2 413696 458752 458752 475136
184 2 540672 589824 589824 593920
297 2 585728 589824 589824 655360
298 1 0 61440
312 1 204288 205312
64 2 417792 458752 458752 479232
184 1 593920 598016
317 2 499712 524288 524288 578048
784 1 217088 229376
64 1 479232 483328
549 1 212992 217088
312 1 205312 206336
784 1 167936 172032
35 1 0 8192
73 4 110592 131072 131072 196608 196608 262144 262144 274432
906 1 544768 552960
35 1 8192 12288
485 1 552960 557056
79 1 77824 94208
78 1 77824 110592
78 2 110592 131072 131072 143360
78 1 143360 176128
78 1 176128 192512
78 2 454656 458752 458752 471040
79 1 28672 45056
253 2 228864 262144 262144 265728
948 1 610304 655360
949 1 0 36864
906 1 614400 618496
423 1 114688 118784
272 1 376832 380928
124 1 430080 434176
752 1 159744 188416
709 1 393216 397312
124 1 425984 430080
709 1 323584 327680
272 1 376832 380928
642 1 569344 573440
697 3 466944 524288 524288 589824 589824 655360
698 6 0 65536 65536 131072 131072 196608 196608 262144 262144 327680 327680 335872
945 1 221184 233472
328 1 317440 318464
356 1 630784 655360
357 1 0 40960
600 1 614400 619008
677 1 585728 589824
796 1 258048 262144
934 1 520192 524288
653 1 311296 315392
755 1 122880 131072
199 1 397312 401408
651 1 385024 389120
756 1 16384 20480
854 1 557056 561152
17 1 266240 278528
649 1 425984 434176
342 1 536576 540672
756 1 348160 352256
952 1 442368 458752
724 1 520192 524288
747 1 135168 139264
756 1 516096 520192
199 1 401408 425984
752 1 57344 61440
615 1 155648 159744
388 1 266240 315392
394 1 643072 651264
388 1 315392 319488
394 1 651264 655360
273 2 503808 524288 524288 532480
923 1 163840 167936
219 2 388608 393216 393216 396800
830 2 454144 458752 458752 474624
787 1 57344 61440
608 1 249856 253952
851 1 249856 262144
860 1 618496 622592
433 1 634880 638976
334 2 131072 196608 196608 200704
271 1 118784 122880
650 1 532480 536576
404 1 400896 413184
634 1 626688 634880
596 1 274432 278528
515 1 360448 364544
926 1 16384 24576
541 1 102400 110592
816 1 446464 450560
343 1 421888 425984
784 1 503808 507904
420 1 561152 565248
904 1 196608 199168
947 1 503808 507904
610 6 314880 327680 327680 393216 393216 458752 458752 524288 524288 589824 589824 605696
673 3 478720 524288 524288 589824 589824 655360
674 2 0 65536 65536 130560
932 1 266240 307200
197 1 81920 86016
790 1 425984 430080
872 1 599552 602112
280 1 16384 20480
350 1 405504 409600
37 1 40960 45056
505 1 114688 118784
695 1 65536 73728
642 1 561152 565248
423 1 299008 311296
423 1 327680 331776
427 1 188416 192512
427 1 155648 159744
234 1 528384 532480
427 1 204800 208896
234 1 643072 647168
246 1 622592 626688
247 1 4096 8192
247 1 40960 45056
247 1 53248 57344
247 1 643072 647168
