#StripeID,rangenumber,BlockOffsetStart,BlockOffsetEnd
318 2 81920 131072 131072 147456
686 6 294912 327680 327680 393216 393216 458752 458752 524288 524288 589824 589824 655360
687 3 0 65536 65536 131072 131072 163840
123 1 94208 102400
114 1 589824 655360
115 2 0 65536 65536 81920
56 1 364544 372736
507 1 278528 286720
570 1 110592 114688
116 1 307200 323584
471 1 94208 98304
455 1 249856 258048
983 1 339968 344064
76 1 45056 61440
379 1 339968 344064
907 1 606208 626688
12 1 270336 274432
992 1 245760 253952
278 1 212992 217088
217 1 167936 172032
368 1 323584 327680
238 1 413696 458752
151 2 262144 327680 327680 356352
944 1 217088 221184
546 1 507904 516096
546 1 516096 520192
246 1 491520 495616
962 1 217088 222208
417 1 622592 655360
418 1 0 32768
897 1 94208 102400
897 1 102400 106496
310 1 622592 625664
156 1 335872 336896
782 1 458752 462848
572 1 479232 512000
117 2 163840 196608 196608 229376
695 3 110592 131072 131072 196608 196608 208896
54 1 651264 655360
55 1 0 61440
456 3 245760 262144 262144 327680 327680 376832
831 3 258048 262144 262144 327680 327680 389120
787 2 69632 131072 131072 167936
965 1 622592 655360
966 1 0 49152
492 2 524288 589824 589824 655360
493 2 0 65536 65536 131072
506 2 167936 196608 196608 233472
965 5 372736 393216 393216 458752 458752 524288 524288 589824 589824 618496
421 2 548864 589824 589824 614400
407 1 425984 434176
545 2 544768 589824 589824 602112
841 1 163840 172032
407 2 360448 393216 393216 417792
376 2 155648 196608 196608 200704
455 5 372736 393216 393216 458752 458752 524288 524288 589824 589824 634880
525 2 528384 589824 589824 593920
529 1 405504 413696
841 2 94208 131072 131072 151552
659 1 192512 196608
442 1 364544 368640
565 1 196608 200704
659 1 196608 208896
367 1 81920 86016
365 1 249856 253952
368 1 143360 151552
589 1 147456 172032
531 1 94208 98304
531 1 249856 253952
589 1 172032 176128
588 1 81920 90112
722 1 638976 643072
722 1 573440 577536
984 1 638976 643072
755 6 324096 327680 327680 393216 393216 458752 458752 524288 524288 589824 589824 655360
756 3 0 65536 65536 131072 131072 193024
642 1 495616 503808
146 1 286720 294912
591 1 483328 503808
629 1 479232 503808
409 1 32768 36864
643 1 458752 471040
840 1 614400 618496
409 1 24576 28672
635 1 77824 86016
864 1 196608 200704
347 1 589824 598016
624 1 548864 552960
701 1 376832 385024
796 1 258048 262144
13 1 425984 430080
117 1 143360 147456
517 1 8192 10240
16 1 73728 77824
927 1 462848 463360
319 1 16384 28672
986 1 647168 651264
143 1 139264 147456
466 1 561152 569344