470 1 520192 524288
481 1 360448 364544
481 1 368640 372736
527 2 610304 655360 655360 659456
469 1 221184 225280
469 1 258048 262144
481 1 397312 401408
481 1 413696 417792
527 1 663552 675840
481 1 421888 430080
481 1 434176 446464
527 1 684032 692224
588 1 32768 36864
588 1 147456 151552
527 2 700416 720896 720896 782336
588 1 180224 184320
588 1 327680 331776
461 1 397312 401408
588 1 352256 356352
461 1 471040 475136
588 1 397312 401408
588 1 507904 512000
588 1 622592 626688
461 1 503808 507904
461 1 585728 589824
588 1 667648 671744
461 1 651264 655360
589 1 4096 8192
589 1 90112 94208
461 1 684032 688128
589 1 135168 139264
461 1 704512 708608
461 1 724992 729088
462 1 278528 282624
462 1 442368 446464
462 1 536576 540672
334 1 413696 446464
462 1 577536 581632
462 1 606208 610304
462 1 704512 708608
462 1 729088 733184
462 1 782336 786432
463 1 151552 155648
463 1 159744 163840
463 1 286720 290816
463 1 483328 487424
589 1 270336 274432
163 2 249856 262144 262144 266240
589 1 299008 303104
589 1 372736 376832
589 1 466944 471040
589 1 643072 647168
590 1 57344 61440
131 1 196608 204800
437 1 290816 299008
271 1 212992 217088
163 1 266240 270336
131 1 204800 208896
163 1 270336 290816
630 1 401408 405504
68 1 139264 147456
163 1 290816 294912
590 1 544768 548864
590 1 622592 626688
590 1 667648 671744
590 1 692224 696320
590 1 741376 745472
591 1 16384 20480
591 1 86016 90112
591 1 110592 114688
591 1 131072 135168
591 1 159744 167936
591 1 274432 278528
591 1 335872 339968
591 1 348160 352256
390 1 524288 528384
334 2 442368 458752 458752 471040
163 1 294912 311296
491 1 53248 57344
814 1 782336 786432
163 1 311296 315392
271 1 212992 221184
1 1 266240 270336
462 1 589824 593920
656 1 32768 36864
462 1 655360 659456
890 1 454656 458752
463 1 651264 655360
675 1 364544 368640
505 1 393216 397312
968 1 552960 557056
313 1 589824 593920
318 1 532480 536576
193 1 303104 307200
313 1 602112 606208
194 1 524288 528384
193 1 311296 315392
194 1 532480 536576
218 1 81920 86016
311 1 172032 176128
698 1 458752 466944
193 1 327680 331776
309 1 598016 602112
737 1 319488 323584
697 1 483328 487424
868 1 479232 483328
38 1 577536 581632
271 1 217088 221184
961 1 307200 311296
962 1 339968 344064
133 1 102400 106496
218 1 86016 90112
271 1 217088 221184
37 1 544768 548864
271 1 217088 221184
592 1 28672 32768
594 1 585728 589824
594 1 630784 634880
595 1 204800 208896
595 1 258048 262144
592 1 36864 40960
481 2 450560 458752 458752 462848
591 1 700416 704512
592 1 212992 217088
481 1 634880 638976
591 1 761856 765952
592 1 237568 241664
481 1 704512 708608
482 1 528384 532480
592 1 278528 282624
482 1 16384 20480
595 1 270336 274432
592 1 331776 335872
482 1 135168 139264
595 1 282624 286720
592 1 393216 397312
592 1 438272 442368
595 1 319488 323584
482 1 573440 577536
592 1 524288 528384
595 1 405504 409600
592 1 679936 684032
482 1 610304 614400
595 1 466944 471040
482 1 278528 282624
593 1 16384 20480
482 1 700416 704512
595 1 495616 499712
482 1 356352 360448
593 1 81920 86016
482 1 782336 786432
595 1 503808 507904
597 1 278528 282624
593 1 176128 180224
483 1 20480 24576
595 1 548864 552960
597 1 311296 315392
483 1 28672 32768
595 1 573440 577536
597 1 352256 356352
593 1 196608 200704
483 1 45056 49152
596 1 81920 86016
597 1 364544 368640
483 1 69632 73728
597 1 376832 380928
593 1 274432 278528
483 1 102400 106496
596 1 135168 139264
483 1 192512 196608
593 1 475136 479232
596 1 217088 221184
597 1 450560 454656
483 1 225280 229376
597 1 524288 528384
593 1 540672 544768
483 1 294912 299008
596 1 466944 471040
597 1 540672 544768
483 1 389120 393216
593 1 630784 634880
596 1 618496 622592
483 1 442368 446464
597 1 552960 557056
483 1 606208 610304
594 1 36864 40960
597 1 593920 598016
596 1 688128 692224
483 1 749568 753664
597 1 651264 655360
594 1 159744 163840
597 1 778240 782336
598 1 282624 286720
484 1 65536 69632
484 1 192512 196608
594 1 315392 319488
484 1 204800 208896
596 1 724992 729088
597 1 86016 90112
597 1 249856 253952
594 1 397312 401408
598 1 307200 311296
428 1 139264 143360
598 1 425984 430080
594 1 425984 434176
598 1 438272 442368
598 1 466944 471040
598 1 475136 479232
594 1 438272 442368
484 1 225280 229376
594 1 475136 479232
484 1 241664 249856
484 1 253952 258048
482 1 405504 409600
484 1 266240 274432
482 1 450560 454656
484 1 290816 294912
482 1 458752 462848
484 1 368640 385024
482 1 471040 479232
482 1 516096 520192
484 1 401408 409600
484 1 417792 421888
484 1 434176 442368
484 1 458752 466944
484 1 495616 516096
484 1 520192 524288
484 1 552960 557056
484 1 561152 565248
484 1 577536 581632
484 1 598016 602112
485 1 331776 339968
485 1 483328 491520
485 1 634880 643072
484 1 638976 647168
485 1 659456 667648
484 1 618496 626688
488 1 327680 344064
484 1 753664 765952
485 1 704512 716800
485 1 8192 16384
485 1 737280 741376
485 1 180224 188416
489 1 0 12288
489 2 454656 458752 458752 466944
486 1 12288 20480
490 2 122880 131072 131072 135168
486 1 45056 53248
271 1 217088 221184
486 1 61440 65536
486 1 81920 86016
486 1 122880 126976
813 1 712704 716800
621 1 77824 81920
486 1 536576 552960
487 1 204800 221184
487 1 659456 675840
496 1 102400 106496
490 2 581632 589824 589824 593920
491 1 36864 40960
496 1 253952 258048
491 1 45056 49152
496 1 278528 286720
496 1 299008 303104
496 1 319488 327680
491 1 507904 524288
496 1 454656 458752
493 1 299008 315392
492 1 176128 192512
492 1 630784 647168
493 1 757760 770048
494 1 425984 438272
495 1 94208 106496
495 1 352256 356352
495 1 438272 442368
495 1 577536 585728
495 1 729088 737280
271 1 217088 221184
498 1 532480 536576
498 1 581632 585728
496 1 471040 475136
498 1 614400 618496
501 1 417792 421888
496 1 512000 516096
501 1 434176 438272
498 1 729088 733184
496 1 577536 581632
496 1 696320 700416
499 1 155648 159744
496 1 737280 741376
499 1 188416 192512
497 1 16384 20480
499 1 196608 200704
497 1 40960 45056
499 1 270336 274432
497 1 77824 86016
499 1 344064 348160
497 1 167936 172032
499 1 516096 520192
499 1 524288 528384
497 1 548864 552960
499 1 618496 622592
499 1 716800 720896
499 1 770048 774144
500 1 28672 32768
497 1 565248 569344
500 1 114688 118784
497 1 577536 581632
500 1 151552 155648
497 1 602112 606208
500 1 237568 241664
497 1 712704 716800
500 1 266240 270336
501 1 479232 483328
498 1 36864 40960
498 1 49152 53248
501 1 516096 520192
498 1 57344 61440
501 1 561152 565248
498 1 90112 94208
501 1 774144 778240
500 1 331776 335872
500 1 385024 389120
500 1 618496 622592
498 1 98304 102400
498 1 380928 385024
498 1 405504 409600
498 1 466944 471040
500 1 626688 630784
500 1 700416 704512
500 1 753664 757760
191 1 151552 155648
501 1 32768 36864
501 1 151552 155648
501 1 253952 258048
593 1 286720 290816
300 1 397312 401408
271 1 217088 221184
428 1 143360 147456
271 1 217088 221184
334 1 466944 499712
222 1 262144 266240
163 2 315392 327680 327680 331776
163 1 331776 335872
271 1 217088 229376
222 1 270336 282624
229 1 262144 266240
229 1 274432 278528
228 1 524288 536576
229 1 282624 286720
232 1 462848 466944
232 1 475136 479232
229 1 315392 319488
222 1 131072 135168
229 1 331776 339968
476 1 352256 356352
229 1 348160 352256
229 1 442368 446464
222 1 163840 167936
229 1 450560 454656
229 1 532480 536576
229 1 540672 544768
229 1 548864 552960
229 1 557056 561152
230 1 57344 61440
271 1 221184 225280
334 2 495616 524288 524288 528384
163 1 335872 352256
163 1 352256 356352
222 1 131072 135168
222 1 262144 266240
271 1 221184 225280
228 1 524288 536576
229 1 262144 266240
229 1 274432 278528
229 1 282624 286720
229 1 315392 319488
229 1 331776 335872
229 1 344064 348160
229 1 442368 446464
229 1 450560 454656
229 1 532480 536576
229 1 540672 544768
229 1 548864 552960
229 1 557056 561152
230 1 57344 61440
222 1 270336 282624
108 1 671744 675840
232 1 462848 466944
47 1 573440 577536
232 1 475136 479232
536 1 753664 757760
222 1 163840 167936
271 1 221184 225280
540 1 765952 770048
525 1 614400 618496
591 1 733184 737280
959 1 352256 356352
334 1 524288 557056
163 1 356352 372736
163 1 372736 376832
282 1 143360 147456
271 1 221184 225280
398 1 450560 458752
451 1 638976 643072
271 1 221184 225280
437 2 294912 327680 327680 331776
163 2 376832 393216 393216 397312
163 1 397312 401408
22 1 589824 598016
271 1 221184 225280
334 1 552960 581632
222 1 131072 135168
163 1 401408 417792
222 1 262144 266240
222 1 270336 282624
228 1 524288 536576
229 1 262144 266240
232 1 462848 466944
229 1 274432 278528
232 1 475136 479232
229 1 282624 286720
229 1 315392 319488
229 1 331776 339968
229 1 344064 348160
229 1 442368 446464
163 1 417792 421888
229 1 450560 454656
229 1 532480 536576
229 1 540672 544768
229 1 548864 552960
229 1 557056 561152
230 1 57344 61440
49 1 753664 757760
334 1 577536 585728
222 1 163840 167936
725 1 454656 458752
725 1 462848 466944
271 1 221184 229376
163 1 421888 438272
163 1 438272 442368
534 1 655360 659456
143 4 262144 327680 327680 393216 393216 458752 458752 524288
115 1 761856 770048
271 1 225280 229376
271 1 225280 229376
870 1 348160 352256
909 1 77824 86016
456 1 49152 53248
160 1 765952 786432
161 2 0 65536 65536 90112
848 1 614400 618496
271 1 225280 229376
161 1 90112 94208
32 1 417792 430080
938 1 569344 581632
252 3 348160 393216 393216 458752 458752 475136
528 1 77824 81920
696 1 131072 135168
334 1 581632 589824
163 2 442368 458752 458752 462848
934 1 495616 499712
252 1 475136 479232
437 1 327680 335872
271 1 225280 229376
163 1 462848 466944
163 1 466944 487424
163 1 487424 491520
687 1 729088 733184
437 1 331776 339968
271 1 225280 229376
163 1 491520 512000
503 1 221184 233472
163 1 512000 516096
271 1 225280 229376
271 1 225280 229376
456 1 53248 57344
115 1 770048 774144
334 2 585728 589824 589824 618496
104 1 774144 778240
507 1 81920 86016
163 2 516096 524288 524288 532480
163 1 532480 536576
493 2 311296 327680 327680 339968
481 1 32768 36864
444 1 339968 344064
500 2 32768 65536 65536 98304
481 1 36864 40960
493 1 339968 372736
444 1 344064 348160
271 1 225280 229376
481 1 40960 45056
500 2 98304 131072 131072 167936
493 2 372736 393216 393216 405504
372 1 401408 405504
493 1 405504 438272
444 1 348160 352256
500 2 167936 196608 196608 245760
500 2 245760 262144 262144 311296
264 1 253952 262144
481 1 45056 57344
444 1 352256 364544
271 1 225280 237568
264 1 262144 266240
493 3 438272 458752 458752 524288 524288 528384
500 4 311296 327680 327680 393216 393216 458752 458752 471040
493 1 536576 585728
493 1 589824 593920
271 1 229376 233472
493 1 524288 528384
493 1 589824 593920
271 1 229376 233472
886 2 647168 655360 655360 659456
534 1 655360 659456
146 1 151552 155648
115 1 774144 782336
111 1 647168 655360
352 1 528384 532480
271 1 229376 233472
388 1 700416 704512
584 1 180224 188416
271 1 229376 233472
271 1 229376 233472
589 1 32768 36864
334 1 614400 622592
163 1 536576 552960
163 1 552960 557056
163 1 753664 757760
222 1 262144 266240
229 1 262144 266240
222 1 270336 282624
228 1 524288 536576
229 1 274432 278528
229 1 282624 286720
229 1 315392 319488
232 1 462848 466944
232 1 475136 479232
229 1 331776 339968
222 1 131072 135168
229 1 344064 348160
229 1 442368 446464
229 1 450560 454656
229 1 532480 536576
229 1 540672 544768
229 1 548864 552960
229 1 557056 561152
230 1 57344 61440
271 1 229376 233472
308 1 352256 356352
222 1 163840 167936
271 1 229376 233472
771 1 708608 712704
115 1 782336 786432
371 2 450560 458752 458752 462848
271 1 229376 233472
163 1 557056 577536
938 1 212992 217088
536 1 184320 188416
334 1 618496 626688
271 1 229376 237568
163 1 577536 581632
163 2 581632 589824 589824 598016
163 1 598016 602112
271 1 233472 237568
334 1 622592 655360
271 1 233472 237568
163 1 602112 618496
163 1 618496 622592
334 2 651264 655360 655360 679936
163 1 622592 638976
247 1 167936 172032
163 1 638976 643072
271 1 233472 237568
385 1 372736 376832
271 1 233472 237568
271 1 233472 237568
271 1 233472 245760
459 1 659456 663552
534 1 655360 659456
448 1 626688 630784
271 1 237568 241664
116 1 0 8192
750 1 688128 692224
578 1 233472 237568
52 1 770048 771584
271 1 237568 241664
96 1 249856 253952
215 1 602112 606208
99 1 425984 430080
271 1 237568 241664
130 1 147456 151552
271 1 237568 245760
943 1 565248 569344
848 1 217088 221184
334 1 675840 684032
271 1 241664 245760
163 2 643072 655360 655360 659456
163 1 659456 663552
271 1 241664 253952
949 1 688128 700416
89 1 385024 389120
43 1 28672 32768
379 1 131072 135168
50 1 438272 442368
271 1 245760 249856
949 1 622592 626688
949 1 630784 634880
332 1 602112 604160
271 1 245760 249856
949 1 696320 700416
43 1 28672 32768
949 1 630784 634880
116 1 8192 12288
949 1 696320 700416
271 1 245760 249856
350 1 573440 577536
468 1 106496 110592
38 1 16384 20480
878 1 753664 770048
79 1 507904 512000
160 1 36864 49152
271 1 245760 249856
376 1 204800 208896
160 1 49152 53248
536 1 757760 761856
949 1 630784 634880
271 1 245760 249856
949 1 696320 708608
334 1 679936 712704
271 1 245760 253952
163 1 663552 679936
646 1 770048 774144
43 1 122880 131072
163 1 679936 684032
271 1 249856 253952
949 1 638976 647168
949 1 708608 712704
734 1 307200 315392
166 1 20480 28672
271 1 249856 253952
646 1 770048 774144
949 1 643072 647168
79 1 507904 512000
777 1 159744 163840
376 1 204800 208896
232 2 307200 327680 327680 389120
271 1 249856 253952
949 1 708608 712704
232 1 389120 393216
934 1 499712 507904
271 1 249856 253952
271 1 249856 253952
534 1 655360 659456
271 1 249856 253952
506 1 528384 532480
502 1 94208 98304
509 1 335872 339968
509 1 548864 561152
506 1 618496 622592
502 1 155648 159744
271 1 249856 253952
506 1 761856 770048
502 1 229376 233472
507 1 69632 73728
502 1 270336 274432
507 1 335872 339968
504 1 36864 40960
502 1 393216 397312
507 1 393216 397312
510 1 217088 229376
502 1 401408 409600
507 1 569344 573440
504 1 61440 65536
502 1 532480 536576
508 1 36864 40960
510 1 671744 684032
504 1 176128 180224
508 1 241664 253952
502 1 540672 544768
502 1 548864 552960
508 1 610304 618496
511 1 196608 200704
504 1 307200 311296
502 1 716800 720896
508 1 733184 737280
508 1 765952 770048
502 1 765952 770048
504 1 413696 417792
334 1 708608 716800
511 1 212992 217088
509 1 24576 28672
503 1 69632 73728
509 1 32768 36864
503 1 233472 237568
504 1 471040 475136
511 1 270336 274432
509 1 69632 73728
503 1 253952 258048
504 1 577536 581632
511 1 409600 413696
503 1 339968 344064
509 1 147456 151552
504 1 733184 737280
503 1 413696 417792
509 1 204800 208896
511 1 417792 421888
504 1 757760 761856
503 1 487424 491520
511 1 503808 507904
503 1 638976 643072
505 1 0 4096
511 1 524288 532480
505 1 20480 24576
509 1 258048 262144
503 1 770048 774144
505 1 114688 118784
512 1 69632 73728
511 1 565248 573440
512 1 102400 118784
511 1 585728 589824
505 1 40960 45056
511 1 606208 610304
512 2 126976 131072 131072 135168
505 1 122880 126976
511 1 643072 647168
512 1 139264 143360
505 1 139264 143360
512 1 200704 208896
505 1 176128 180224
512 1 233472 245760
163 1 684032 700416
505 1 192512 196608
512 1 282624 286720
505 1 233472 237568
512 1 307200 311296
512 1 323584 327680
505 1 241664 245760
512 1 335872 339968
505 1 274432 278528
511 2 651264 655360 655360 667648
512 1 356352 360448
505 1 671744 675840
511 1 684032 692224
511 1 708608 716800
505 1 700416 704512
511 1 724992 745472
505 1 716800 720896
505 1 737280 741376
505 1 782336 786432
506 1 32768 36864
506 1 45056 49152
506 1 118784 122880
511 1 749568 770048
506 1 188416 192512
506 1 385024 389120
163 1 700416 704512
512 1 364544 368640
512 1 425984 434176
512 1 442368 450560
512 1 454656 458752
512 1 475136 491520
512 1 512000 516096
512 1 528384 532480
512 1 724992 729088
513 1 32768 36864
560 1 8192 53248
513 1 53248 57344
513 1 192512 196608
534 1 540672 544768
534 1 614400 618496
271 1 249856 262144
534 1 630784 634880
534 1 655360 659456
536 1 118784 122880
534 1 778240 782336
536 1 131072 135168
536 1 172032 176128
536 1 180224 184320
570 1 176128 180224
535 1 77824 81920
535 1 143360 147456
535 1 155648 159744
535 1 270336 274432
536 1 204800 208896
535 1 286720 290816
535 1 307200 311296
535 1 405504 413696
535 1 430080 434176
535 1 446464 450560
535 1 458752 462848
535 1 499712 503808
535 1 540672 544768
535 1 733184 737280
560 1 53248 57344
679 1 225280 229376
271 1 253952 258048
163 1 704512 712704
538 1 589824 593920
541 1 327680 331776
541 1 393216 397312
541 1 454656 458752
538 1 651264 655360
541 1 499712 503808
538 1 716800 720896
536 1 335872 339968
539 1 4096 8192
539 1 106496 110592
541 1 602112 606208
539 1 225280 229376
541 1 757760 761856
539 1 237568 241664
536 1 352256 356352
542 1 356352 360448
539 1 315392 319488
536 1 380928 385024
542 1 475136 479232
539 1 385024 389120
536 1 438272 442368
539 1 475136 479232
536 1 630784 634880
539 1 524288 528384
544 1 0 4096
537 1 8192 12288
542 1 598016 602112
539 1 577536 581632
544 1 57344 61440
537 1 16384 20480
163 1 712704 716800
542 1 634880 638976
537 1 106496 110592
542 1 741376 745472
537 1 155648 159744
543 1 81920 86016
544 1 106496 114688
537 1 172032 180224
543 1 110592 114688
544 1 143360 147456
537 1 196608 200704
543 1 135168 139264
544 1 204800 208896
539 1 589824 593920
537 1 217088 221184
544 1 229376 233472
543 1 159744 163840
537 1 335872 339968
539 1 708608 712704
544 1 274432 282624
537 1 520192 524288
539 1 737280 741376
543 1 270336 278528
544 1 303104 307200
537 1 593920 598016
540 1 8192 12288
540 1 28672 32768
537 1 606208 610304
543 1 335872 339968
537 1 704512 708608
540 1 73728 77824
540 1 94208 98304
543 1 344064 348160
543 1 442368 446464
543 1 638976 643072
540 1 131072 135168
538 1 163840 167936
543 1 700416 704512
538 1 335872 339968
540 1 147456 151552
538 1 368640 372736
540 1 258048 262144
538 2 389120 393216 393216 397312
540 1 270336 274432
540 1 299008 303104
540 1 405504 409600
540 1 442368 446464
215 2 659456 720896 720896 753664
540 1 479232 483328
540 1 544768 548864
540 1 552960 557056
541 1 32768 36864
541 1 204800 208896
541 1 249856 253952
271 1 253952 258048
799 1 286720 294912
222 1 262144 266240
228 1 524288 536576
222 1 270336 282624
229 1 262144 266240
232 1 462848 466944
229 1 274432 278528
232 1 475136 479232
229 1 282624 286720
229 1 315392 319488
229 1 331776 339968
229 1 344064 348160
229 1 442368 446464
229 1 450560 454656
229 1 532480 536576
229 1 540672 544768
215 1 753664 757760
229 1 548864 552960
138 1 94208 98304
255 1 585728 589824
229 1 557056 561152
480 1 348160 352256
271 1 253952 258048
222 1 131072 135168
230 1 57344 61440
222 1 163840 167936
271 1 253952 258048
271 1 253952 258048
334 2 712704 720896 720896 745472
271 1 253952 258048
163 2 716800 720896 720896 733184
116 1 12288 20480
163 1 733184 737280
271 1 253952 258048
271 1 253952 258048
271 1 253952 262144
271 1 258048 262144
282 1 147456 151552
271 1 258048 262144
437 1 335872 360448
271 1 258048 262144
163 1 737280 757760
163 1 757760 761856
920 1 737280 741376
498 1 65536 73728
271 1 258048 262144
218 1 90112 94208
271 1 258048 262144
621 1 503808 507904
565 1 622592 630784
893 1 327680 331776
565 1 638976 643072
271 1 258048 262144
116 1 20480 24576
700 1 155648 159744
848 1 188416 192512
843 2 651264 655360 655360 663552
816 1 53248 57344
700 1 208896 212992
703 1 8192 16384
382 1 561152 565248
808 1 339968 344064
214 1 524288 528384
769 1 286720 290816
579 1 196608 200704
812 1 417792 421888
309 1 757760 761856
310 1 458752 462848
452 1 741376 745472
771 1 24576 28672
771 1 90112 102400
271 1 258048 262144
120 2 389120 393216 393216 409600
6 1 569344 573440
6 1 585728 589824
537 1 282624 286720
639 1 679936 684032
537 1 299008 303104
902 1 552960 557056
508 1 430080 434176
1 1 278528 282624
848 1 126976 131072
848 1 135168 139264
848 1 143360 151552
196 1 212992 217088
732 1 16384 20480
732 1 53248 57344
329 1 233472 237568
462 1 552960 557056
462 1 569344 573440
462 1 589824 593920
463 1 122880 126976
463 1 270336 274432
463 1 278528 282624
463 1 286720 294912
463 1 307200 327680
846 1 528384 532480
846 1 536576 540672
586 1 356352 360448
120 1 409600 413696
810 1 208896 212992
878 2 180224 196608 196608 258048
898 2 688128 720896 720896 737280
271 1 258048 262144
638 1 634880 638976
641 1 262144 266240
321 1 204800 208896
692 1 499712 507904
271 1 258048 262144
705 1 208896 212992
271 2 258048 262144 262144 270336
271 1 262144 266240
371 1 458752 475136
282 1 151552 155648
334 1 741376 749568
163 1 761856 786432
255 1 102400 106496
271 1 262144 266240
164 1 0 4096
271 1 262144 270336
371 1 471040 491520
164 1 4096 24576
164 1 24576 28672
271 1 266240 270336
611 1 237568 241664
371 1 487424 499712
164 1 28672 49152
164 1 49152 53248
398 1 458752 462848
271 1 266240 278528
437 1 356352 385024
160 1 20480 24576
194 1 524288 528384
164 2 53248 65536 65536 73728
1 1 262144 278528
463 1 651264 655360
193 1 286720 290816
193 1 327680 331776
313 1 589824 593920
194 1 532480 536576
309 1 589824 593920
308 1 655360 659456
313 1 610304 614400
820 1 81920 86016
968 1 466944 471040
844 1 53248 57344
164 1 73728 77824
14 1 528384 532480
38 1 536576 540672
551 1 311296 315392
230 1 540672 544768
962 1 339968 344064
692 1 57344 61440
437 2 380928 393216 393216 401408
755 1 380928 389120
158 1 368640 372736
422 1 532480 540672
153 1 507904 512000
164 1 77824 98304
271 1 270336 274432
164 1 98304 102400
271 1 270336 274432
437 1 397312 425984
164 1 102400 122880
164 1 122880 126976
271 1 270336 274432
334 1 745472 774144
218 1 368640 372736
519 1 212992 217088
934 1 507904 512000
140 1 413696 417792
221 4 577536 589824 589824 655360 655360 720896 720896 753664
164 2 126976 131072 131072 143360
621 1 81920 86016
692 1 155648 159744
164 1 143360 147456
437 1 421888 450560
164 1 147456 167936
221 1 753664 757760
164 1 167936 172032
701 1 253952 258048
1 1 262144 266240
1 1 270336 274432
462 1 589824 593920
462 1 655360 659456
463 1 159744 163840
463 1 651264 655360
870 1 348160 352256
313 1 385024 389120
505 1 393216 397312
314 1 225280 229376
314 1 274432 278528
193 1 286720 290816
562 1 155648 159744
193 1 307200 311296
193 1 323584 327680
963 1 221184 225280
308 1 61440 65536
308 1 131072 135168
868 1 421888 425984
380 1 176128 180224
271 1 270336 274432
963 1 229376 237568
437 2 446464 458752 458752 471040
164 1 172032 192512
164 1 192512 196608
271 1 270336 278528
271 1 274432 278528
129 1 270336 278528
129 1 278528 282624
334 1 770048 786432
335 1 0 16384
271 1 274432 278528
164 1 196608 212992
164 1 212992 217088
335 1 12288 45056
164 1 217088 233472
164 1 233472 237568
199 1 688128 692224
227 1 659456 688128
271 1 274432 278528
227 1 688128 692224
178 2 143360 196608 196608 208896
178 2 208896 262144 262144 274432
437 1 466944 491520
178 2 274432 327680 327680 339968
178 2 339968 393216 393216 405504
178 1 405504 425984
164 1 237568 258048
271 1 274432 286720
164 1 258048 262144
178 1 425984 430080
271 1 278528 282624
247 1 40960 45056
271 1 278528 282624
99 2 520192 524288 524288 532480
244 2 73728 131072 131072 139264
271 1 278528 282624
244 1 139264 143360
857 1 700416 704512
244 1 143360 180224
271 1 278528 282624
244 1 180224 184320
335 2 40960 65536 65536 73728
271 1 278528 286720
164 1 262144 278528
946 1 69632 73728
406 1 339968 344064
164 1 278528 282624
613 1 372736 376832
271 1 282624 286720
335 1 69632 102400
164 1 282624 299008
130 2 65536 131072 131072 139264
164 1 299008 303104
271 1 282624 286720
130 1 139264 143360
163 1 757760 765952
821 1 753664 757760
810 1 507904 520192
594 1 503808 512000
247 1 40960 45056
271 1 282624 286720
371 1 495616 516096
437 1 487424 499712
164 2 303104 327680 327680 331776
164 1 331776 335872
271 1 282624 286720
913 1 655360 659456
271 1 282624 286720
938 1 217088 221184
503 1 466944 471040
130 1 143360 172032
371 2 512000 524288 524288 528384
271 1 282624 286720
164 1 335872 356352
130 1 172032 176128
178 1 524288 557056
178 2 430080 458752 458752 495616
80 1 147456 151552
178 1 495616 524288
335 1 98304 126976
271 1 282624 286720
227 1 417792 421888
178 1 557056 561152
164 1 356352 360448
164 1 360448 376832
371 1 524288 540672
933 1 397312 401408
164 1 376832 380928
715 1 782336 786432
271 1 282624 294912
164 2 380928 393216 393216 401408
560 1 417792 421888
1 1 262144 270336
440 1 0 32768
193 1 270336 274432
178 2 561152 589824 589824 622592
193 1 282624 286720
193 1 393216 397312
193 1 438272 442368
164 1 401408 405504
193 1 475136 487424
335 2 122880 131072 131072 180224
271 1 286720 290816
178 1 622592 626688
164 1 405504 421888
231 1 495616 503808
164 1 421888 425984
231 1 503808 507904
371 1 536576 552960
164 1 425984 446464
164 1 446464 450560
816 1 536576 540672
1 1 266240 270336
732 1 32768 36864
271 1 286720 290816
271 1 286720 290816
743 1 737280 741376
178 1 626688 651264
271 1 286720 290816
178 1 651264 655360
371 1 548864 561152
130 2 176128 196608 196608 204800
164 2 450560 458752 458752 471040
271 1 286720 290816
164 1 471040 475136
130 1 204800 208896
145 2 651264 655360 655360 708608
271 1 286720 294912
145 1 708608 712704
549 1 286720 290816
544 1 315392 323584
544 1 344064 348160
552 1 110592 118784
549 1 425984 430080
552 1 188416 192512
549 1 462848 466944
552 1 200704 204800
544 1 376832 380928
546 1 548864 552960
549 1 651264 655360
552 1 217088 221184
544 1 430080 434176
546 1 569344 573440
549 1 765952 770048
552 1 241664 245760
546 1 659456 663552
544 1 503808 507904
550 1 69632 73728
550 1 147456 151552
544 1 577536 581632
546 1 720896 724992
550 1 176128 180224
540 1 765952 770048
544 1 667648 671744
550 1 192512 196608
544 1 684032 688128
550 1 286720 290816
544 1 692224 696320
550 1 356352 360448
546 1 737280 741376
550 1 372736 376832
544 1 761856 765952
550 1 409600 413696
545 1 8192 12288
546 1 757760 761856
550 1 442368 446464
545 1 65536 69632
546 1 782336 786432
550 1 458752 462848
371 1 557056 573440
545 1 204800 208896
550 1 475136 479232
547 1 8192 12288
550 1 487424 491520
545 1 258048 262144
547 1 167936 172032
550 1 524288 532480
545 1 303104 307200
547 1 249856 253952
545 1 319488 323584
547 1 274432 278528
545 1 409600 413696
547 1 319488 323584
545 1 479232 483328
547 1 425984 434176
550 1 540672 544768
547 1 462848 466944
547 1 503808 516096
550 1 548864 557056
547 1 520192 524288
550 1 667648 671744
545 1 540672 544768
550 1 778240 782336
545 1 552960 557056
551 1 12288 16384
545 1 577536 581632
551 1 143360 147456
551 1 245760 249856
551 1 274432 278528
547 1 528384 536576
164 1 475136 495616
551 1 294912 299008
547 1 561152 565248
547 1 593920 598016
551 1 315392 319488
551 1 327680 331776
551 1 380928 385024
545 1 589824 593920
545 1 614400 618496
551 1 393216 397312
545 1 643072 647168
545 1 671744 675840
551 1 401408 405504
545 1 688128 692224
545 1 696320 704512
551 1 483328 487424
545 1 757760 761856
546 1 4096 8192
551 1 557056 561152
546 1 98304 102400
551 1 618496 622592
546 1 118784 122880
547 1 618496 622592
551 1 700416 704512
546 1 167936 172032
547 1 782336 786432
548 1 8192 16384
546 1 270336 274432
548 1 77824 90112
546 1 294912 299008
548 1 102400 106496
271 1 290816 294912
548 1 143360 147456
546 1 393216 401408
548 1 167936 172032
548 1 180224 188416
546 1 471040 475136
548 1 196608 200704
548 1 225280 233472
546 1 483328 487424
164 1 495616 499712
548 1 245760 249856
548 1 303104 307200
548 1 315392 319488
548 1 339968 348160
548 1 360448 364544
548 1 368640 372736
548 1 393216 401408
548 1 438272 442368
548 1 557056 561152
548 1 614400 618496
548 1 667648 671744
548 1 704512 708608
548 1 737280 741376
549 1 16384 20480
435 1 684032 688128
549 1 40960 45056
549 1 61440 65536
549 1 102400 106496
549 1 221184 225280
552 1 262144 266240
552 1 274432 278528
552 1 303104 307200
552 1 339968 344064
552 1 348160 352256
552 1 450560 454656
552 2 520192 524288 524288 528384
552 1 536576 540672
552 1 577536 581632
552 1 589824 593920
552 1 618496 626688
552 1 757760 761856
553 1 32768 36864
553 1 53248 57344
553 1 143360 147456
553 1 196608 204800
116 1 24576 36864
553 1 237568 241664
553 1 253952 258048
553 1 315392 319488
553 1 323584 327680
554 1 524288 528384
554 1 647168 655360
554 1 659456 663552
553 1 335872 339968
553 1 364544 368640
553 1 380928 385024
553 1 507904 516096
553 1 552960 557056
553 1 573440 577536
541 1 667648 671744
531 1 245760 249856
553 1 589824 593920
553 1 618496 622592
553 1 634880 638976
417 1 360448 364544
271 1 290816 294912
553 1 692224 696320
553 1 729088 733184
417 1 372736 380928
554 1 671744 675840
554 1 696320 700416
554 1 0 4096
554 2 716800 720896 720896 724992
554 1 81920 86016
554 1 733184 737280
554 1 110592 114688
554 1 770048 774144
554 1 778240 782336
555 1 0 4096
555 1 73728 77824
555 1 163840 167936
555 1 172032 180224
335 2 176128 196608 196608 204800
554 1 159744 163840
555 1 208896 212992
554 1 221184 225280
554 1 286720 290816
554 1 385024 389120
555 1 221184 225280
554 1 405504 409600
555 1 344064 348160
554 1 417792 421888
555 1 356352 360448
554 1 434176 438272
418 1 573440 577536
418 1 651264 655360
555 1 389120 393216
555 1 430080 434176
555 1 479232 483328
555 1 520192 524288
555 1 573440 577536
555 1 737280 741376
555 1 765952 770048
417 1 401408 405504
417 1 421888 425984
146 1 155648 163840
164 1 499712 516096
723 1 679936 684032
417 1 499712 503808
796 1 204800 208896
417 1 548864 552960
417 1 569344 573440
417 1 585728 589824
417 1 618496 622592
417 1 638976 643072
417 1 737280 741376
418 1 24576 28672
418 1 49152 53248
418 1 90112 94208
418 1 118784 122880
418 1 212992 217088
418 1 311296 315392
418 1 327680 331776
418 1 339968 344064
271 1 290816 294912
418 1 380928 385024
418 1 397312 401408
418 1 471040 475136
164 1 516096 520192
729 1 12288 16384
271 1 290816 294912
831 1 573440 577536
271 1 290816 294912
172 1 573440 577536
271 1 290816 294912
222 1 131072 135168
49 1 753664 757760
222 1 163840 167936
228 1 524288 536576
229 1 262144 266240
229 1 274432 278528
222 1 262144 266240
229 1 282624 286720
222 1 270336 282624
232 1 462848 466944
229 1 315392 319488
232 1 475136 479232
229 1 331776 344064
229 1 442368 446464
229 1 450560 454656
229 1 532480 536576
229 1 540672 544768
229 1 548864 552960
229 1 557056 561152
230 1 57344 61440
271 1 290816 303104
621 1 86016 90112
130 1 208896 237568
437 1 495616 520192
130 1 237568 241664
164 2 520192 524288 524288 540672
271 1 294912 299008
164 1 540672 544768
271 1 294912 299008
116 1 36864 40960
90 1 671744 679936
566 1 438272 442368
271 1 294912 299008
371 1 569344 585728
164 1 544768 565248
457 1 307200 311296
164 1 565248 569344
271 1 294912 299008
335 1 200704 233472
164 1 569344 585728
271 1 294912 299008
418 1 741376 749568
164 1 585728 589824
755 1 139264 143360
271 1 294912 299008
437 1 516096 524288
314 1 462848 466944
194 1 524288 536576
1 1 262144 278528
968 1 634880 638976
314 1 471040 475136
463 1 651264 655360
51 1 102400 106496
193 1 311296 315392
193 1 327680 331776
164 1 589824 610304
309 1 598016 602112
737 1 286720 290816
876 1 94208 98304
217 1 479232 483328
38 1 561152 565248
962 1 339968 344064
588 1 536576 540672
692 1 53248 57344
264 1 566272 570368
164 1 610304 614400
271 1 294912 299008
264 1 566272 570368
271 1 294912 303104
271 1 299008 303104
731 1 163840 167936
271 1 299008 303104
720 1 249856 253952
47 1 577536 585728
271 1 299008 303104
785 1 57344 61440
371 2 581632 589824 589824 598016
910 1 32768 49152
451 1 344064 360448
164 1 614400 634880
116 1 40960 49152
164 1 634880 638976
682 1 442368 446464
116 1 49152 53248
187 1 405504 417792
271 1 299008 303104
187 1 417792 421888
271 1 299008 303104
335 1 229376 262144
164 1 638976 655360
271 1 299008 303104
164 1 655360 659456
353 1 782336 786432
981 1 413696 417792
385 1 393216 397312
385 1 499712 503808
386 1 28672 32768
557 1 245760 249856
422 1 528384 532480
386 1 651264 655360
422 1 589824 593920
388 1 729088 733184
164 1 659456 667648
271 1 299008 303104
774 1 348160 352256
389 1 176128 180224
423 1 729088 733184
425 1 286720 290816
153 1 266240 270336
153 1 331776 335872
158 1 397312 409600
468 1 155648 159744
153 1 630784 634880
154 1 20480 24576
158 1 434176 438272
196 1 622592 626688
197 1 229376 233472
268 1 151552 155648
438 1 651264 655360
382 1 679936 684032
164 1 667648 671744
382 1 688128 692224
382 1 696320 700416
555 1 24576 28672
561 1 565248 569344
382 1 704512 712704
593 1 778240 782336
555 1 266240 270336
844 1 16384 20480
555 1 512000 516096
844 1 65536 69632
844 1 151552 159744
845 1 364544 368640
574 1 528384 532480
177 1 380928 385024
574 1 593920 598016
578 1 311296 319488
891 1 147456 151552
575 1 135168 139264
618 1 647168 651264
310 1 94208 102400
618 1 667648 671744
353 1 552960 561152
575 1 143360 147456
619 1 430080 434176
353 1 638976 643072
575 1 372736 376832
305 1 274432 278528
308 1 339968 344064
305 1 331776 335872
353 1 745472 749568
271 1 299008 303104
308 1 626688 630784
308 1 663552 667648
271 1 299008 311296
644 1 659456 663552
767 1 253952 258048
966 1 503808 507904
883 1 270336 274432
271 1 303104 307200
1 1 262144 270336
782 1 618496 622592
1 1 274432 278528
1 1 282624 307200
1 1 335872 339968
736 1 524288 528384
1 1 364544 376832
732 1 69632 73728
732 1 159744 163840
172 1 131072 139264
172 1 139264 143360
449 1 331776 389120
449 1 389120 393216
271 1 303104 307200
184 1 208896 212992
480 1 569344 573440
271 1 303104 307200
838 1 57344 61440
90 1 692224 696320
135 1 729088 733184
271 1 303104 307200
857 1 704512 708608
271 1 303104 307200
271 1 303104 307200
857 1 618496 622592
451 1 401408 405504
1 1 262144 266240
1 1 270336 274432
846 1 589824 593920
856 1 339968 344064
896 1 684032 688128
848 1 684032 688128
38 1 544768 548864
848 1 692224 696320
41 1 327680 331776
38 1 557056 561152
233 1 155648 163840
277 1 692224 696320
38 1 589824 593920
38 1 667648 675840
234 1 491520 495616
81 1 462848 466944
230 1 528384 532480
230 1 589824 593920
271 1 303104 307200
893 1 90112 94208
424 1 638976 643072
271 1 303104 307200
479 1 221184 225280
300 1 409600 413696
933 1 114688 118784
169 1 540672 585728
169 1 585728 589824
271 1 303104 311296
437 2 520192 524288 524288 532480
164 1 671744 692224
164 1 692224 696320
271 1 307200 311296
271 1 307200 311296
467 1 90112 94208
271 1 307200 311296
156 1 466944 475136
271 1 307200 311296
156 1 475136 479232
271 1 307200 311296
271 1 307200 311296
398 1 462848 471040
223 3 507904 524288 524288 589824 589824 651264
223 1 651264 655360
985 1 659456 663552
94 1 778240 786432
335 2 258048 262144 262144 286720
164 1 696320 712704
164 1 712704 716800
271 1 307200 311296
271 1 307200 311296
218 1 94208 102400
222 1 131072 135168
222 1 262144 266240
222 1 270336 282624
232 1 462848 466944
229 1 262144 266240
228 1 524288 536576
232 1 475136 479232
229 1 274432 278528
229 1 282624 286720
229 1 315392 319488
229 1 331776 339968
229 1 344064 348160
229 1 442368 446464
229 1 450560 454656
229 1 532480 536576
229 1 540672 544768
229 1 548864 552960
229 1 557056 561152
230 1 57344 61440
222 1 163840 167936
630 1 401408 405504
1 1 262144 270336
7 1 65536 69632
1 1 278528 282624
1 1 479232 483328
7 1 131072 135168
231 1 655360 659456
6 1 24576 28672
49 1 655360 659456
961 1 266240 270336
961 1 327680 331776
962 1 294912 299008
962 1 376832 380928
437 1 528384 540672
164 2 716800 720896 720896 737280
164 1 737280 741376
729 1 385024 389120
193 1 299008 303104
193 1 315392 319488
271 1 307200 311296
729 1 491520 503808
194 1 520192 524288
217 1 376832 380928
308 1 65536 73728
194 1 524288 528384
313 1 573440 581632
308 1 135168 139264
311 1 122880 126976
311 1 172032 176128
313 1 589824 598016
308 1 659456 663552
311 1 180224 184320
314 1 212992 217088
308 1 671744 675840
308 1 679936 688128
314 1 221184 225280
311 1 221184 225280
38 1 573440 577536
353 1 180224 188416
233 1 360448 364544
233 1 0 4096
961 1 98304 106496
271 1 307200 311296
335 1 282624 311296
164 1 741376 757760
893 1 180224 184320
163 1 765952 770048
672 1 32768 36864
164 1 757760 761856
986 1 118784 126976
335 2 307200 327680 327680 339968
164 1 761856 778240
164 1 778240 782336
294 1 450560 454656
271 1 307200 319488
271 1 311296 315392
481 1 196608 200704
937 2 524288 589824 589824 643072
159 2 147456 196608 196608 217088
949 1 622592 630784
188 2 241664 262144 262144 311296
159 1 217088 221184
949 1 692224 696320
188 1 311296 315392
949 1 626688 634880
271 1 311296 315392
224 1 8192 12288
397 1 299008 307200
460 1 548864 577536
992 1 221184 241664
224 1 12288 16384
988 1 483328 524288
460 2 577536 589824 589824 610304
466 2 172032 196608 196608 229376
556 1 204800 208896
988 1 524288 577536
519 2 307200 327680 327680 331776
460 1 610304 634880
992 2 241664 262144 262144 270336
466 2 229376 262144 262144 299008
397 1 307200 311296
224 1 16384 24576
466 2 299008 327680 327680 360448
988 2 577536 589824 589824 634880
460 2 634880 655360 655360 667648
466 2 360448 393216 393216 425984
992 1 270336 307200
988 2 634880 655360 655360 692224
992 2 307200 327680 327680 335872
397 1 311296 319488
949 1 696320 700416
460 1 667648 712704
466 1 425984 442368
466 2 446464 458752 458752 479232
460 2 716800 720896 720896 765952
988 2 692224 720896 720896 765952
460 1 770048 786432
271 1 311296 315392
992 1 335872 380928
144 1 413696 417792
460 1 708608 712704
164 1 782336 786432
165 1 0 4096
165 1 4096 8192
949 1 630784 643072
335 1 335872 368640
165 1 8192 24576
165 1 24576 28672
1 1 262144 274432
1 1 278528 282624
579 1 229376 233472
627 1 307200 311296
580 1 737280 741376
579 1 258048 262144
757 1 40960 45056
193 1 397312 401408
579 1 290816 294912
460 1 12288 16384
116 1 65536 69632
579 1 585728 589824
116 1 131072 135168
236 1 294912 299008
116 1 598016 602112
158 1 655360 659456
577 1 266240 270336
577 1 327680 331776
577 1 405504 409600
38 1 528384 532480
38 1 679936 684032
970 1 499712 503808
190 1 528384 532480
190 1 589824 593920
190 1 675840 696320
191 2 126976 131072 131072 139264
191 1 143360 147456
191 1 278528 282624
191 1 331776 335872
191 1 413696 417792
921 1 430080 434176
921 1 458752 462848
921 1 512000 516096
652 1 8192 12288
995 1 212992 225280
374 1 348160 352256
705 1 393216 397312
705 1 413696 417792
705 1 425984 434176
271 1 311296 315392
705 2 446464 458752 458752 462848
705 1 475136 479232
705 1 487424 491520
705 1 495616 499712
705 1 520192 524288
705 1 532480 536576
705 1 561152 565248
705 1 573440 577536
705 1 622592 626688
705 1 651264 655360
705 1 659456 663552
705 1 716800 720896
705 1 724992 729088
705 1 741376 753664
705 1 757760 765952
706 1 524288 532480
705 1 778240 786432
706 1 561152 565248
706 1 581632 585728
706 1 4096 8192
706 1 20480 24576
706 1 602112 606208
706 1 32768 36864
706 1 610304 614400
706 1 630784 634880
706 1 651264 655360
706 1 40960 49152
706 2 61440 65536 65536 69632
706 1 667648 671744
706 1 81920 86016
706 1 90112 94208
706 1 688128 692224
706 1 106496 110592
706 1 114688 118784
706 1 700416 704512
706 1 712704 716800
706 1 724992 737280
706 1 774144 778240
847 1 753664 761856
706 1 782336 786432
707 1 32768 40960
847 1 765952 770048
338 1 233472 237568
269 1 544768 548864
159 1 24576 28672
159 1 86016 90112
657 1 741376 745472
687 1 77824 81920
1 1 262144 266240
706 2 126976 131072 131072 135168
1 1 290816 294912
706 1 139264 143360
706 1 167936 172032
706 1 188416 192512
706 1 217088 221184
442 1 253952 258048
706 1 225280 229376
268 1 57344 61440
707 1 94208 102400
707 1 106496 110592
707 1 131072 135168
707 1 151552 155648
706 1 249856 253952
707 1 180224 184320
706 1 290816 294912
706 1 303104 307200
706 1 344064 348160
706 1 352256 356352
707 1 192512 196608
707 1 204800 208896
707 1 212992 217088
706 1 360448 372736
707 1 221184 233472
706 1 380928 389120
707 1 241664 249856
706 1 397312 401408
707 1 266240 270336
706 1 417792 425984
707 1 294912 299008
707 1 303104 315392
707 1 319488 323584
706 1 438272 446464
706 1 458752 471040
706 1 475136 479232
707 1 331776 335872
707 1 339968 344064
271 1 311296 315392
706 1 483328 491520
706 1 495616 499712
707 1 368640 372736
706 1 503808 507904
709 1 307200 315392
707 1 397312 401408
706 1 512000 516096
709 1 319488 323584
707 1 438272 442368
706 1 520192 524288
709 1 380928 385024
421 1 286720 290816
709 1 393216 397312
707 1 475136 479232
707 1 483328 499712
709 1 405504 409600
707 1 507904 512000
424 2 0 65536 65536 98304
709 1 466944 471040
707 2 520192 524288 524288 528384
707 1 540672 544768
418 1 724992 729088
421 1 319488 323584
707 1 548864 552960
707 1 565248 573440
421 1 368640 372736
419 1 32768 36864
707 1 581632 585728
419 1 155648 159744
707 1 602112 606208
421 1 385024 389120
707 1 618496 626688
419 1 184320 188416
421 1 401408 405504
421 1 421888 425984
707 1 630784 634880
421 1 438272 446464
419 1 200704 204800
707 1 643072 651264
707 1 667648 671744
421 1 450560 458752
419 1 208896 212992
709 1 475136 479232
421 1 737280 741376
419 1 221184 225280
419 1 270336 274432
421 1 749568 753664
419 1 331776 335872
422 1 16384 20480
478 4 307200 327680 327680 393216 393216 458752 458752 462848
419 1 389120 393216
419 1 409600 417792
422 1 49152 53248
419 1 430080 434176
709 1 483328 487424
422 1 167936 172032
419 1 475136 479232
709 1 491520 495616
422 1 200704 204800
419 1 602112 606208
709 1 499712 512000
422 1 225280 229376
419 1 679936 684032
422 1 258048 262144
419 1 688128 692224
707 1 688128 692224
422 1 307200 315392
419 1 749568 753664
707 1 700416 704512
707 1 724992 729088
420 1 8192 12288
707 1 737280 745472
709 1 528384 532480
707 1 749568 753664
707 1 761856 765952
709 1 557056 561152
707 1 770048 774144
707 1 782336 786432
709 1 573440 581632